reference_date,series_code,value,IsTarget
2000-01-01,BOPTIMP_diff_lag_1,1002.0,1
2000-02-01,BOPTIMP_diff_lag_1,3201.0,1
2000-03-01,BOPTIMP_diff_lag_1,2338.0,1
2000-04-01,BOPTIMP_diff_lag_1,-715.0,1
2000-05-01,BOPTIMP_diff_lag_1,166.0,1
2000-06-01,BOPTIMP_diff_lag_1,3917.0,1
2000-07-01,BOPTIMP_diff_lag_1,407.0,1
2000-08-01,BOPTIMP_diff_lag_1,596.0,1
2000-09-01,BOPTIMP_diff_lag_1,3187.0,1
2000-10-01,BOPTIMP_diff_lag_1,-675.0,1
2000-11-01,BOPTIMP_diff_lag_1,-913.0,1
2000-12-01,BOPTIMP_diff_lag_1,-167.0,1
2001-01-01,BOPTIMP_diff_lag_1,1522.0,1
2001-02-01,BOPTIMP_diff_lag_1,-5596.0,1
2001-03-01,BOPTIMP_diff_lag_1,1662.0,1
2001-04-01,BOPTIMP_diff_lag_1,-3639.0,1
2001-05-01,BOPTIMP_diff_lag_1,-2852.0,1
2001-06-01,BOPTIMP_diff_lag_1,-483.0,1
2001-07-01,BOPTIMP_diff_lag_1,-1985.0,1
2001-08-01,BOPTIMP_diff_lag_1,-1129.0,1
2001-09-01,BOPTIMP_diff_lag_1,-2249.0,1
2001-10-01,BOPTIMP_diff_lag_1,-76.0,1
2001-11-01,BOPTIMP_diff_lag_1,-1201.0,1
2001-12-01,BOPTIMP_diff_lag_1,-3161.0,1
2002-01-01,BOPTIMP_diff_lag_1,3650.0,1
2002-02-01,BOPTIMP_diff_lag_1,2826.0,1
2002-03-01,BOPTIMP_diff_lag_1,-258.0,1
2002-04-01,BOPTIMP_diff_lag_1,4531.0,1
2002-05-01,BOPTIMP_diff_lag_1,416.0,1
2002-06-01,BOPTIMP_diff_lag_1,1843.0,1
2002-07-01,BOPTIMP_diff_lag_1,-659.0,1
2002-08-01,BOPTIMP_diff_lag_1,2438.0,1
2002-09-01,BOPTIMP_diff_lag_1,-500.0,1
2002-10-01,BOPTIMP_diff_lag_1,-1713.0,1
2002-11-01,BOPTIMP_diff_lag_1,5573.0,1
2002-12-01,BOPTIMP_diff_lag_1,1751.0,1
2003-01-01,BOPTIMP_diff_lag_1,-1518.0,1
2003-02-01,BOPTIMP_diff_lag_1,-492.0,1
2003-03-01,BOPTIMP_diff_lag_1,3787.0,1
2003-04-01,BOPTIMP_diff_lag_1,-2361.0,1
2003-05-01,BOPTIMP_diff_lag_1,-927.0,1
2003-06-01,BOPTIMP_diff_lag_1,1194.0,1
2003-07-01,BOPTIMP_diff_lag_1,2396.0,1
2003-08-01,BOPTIMP_diff_lag_1,-2468.0,1
2003-09-01,BOPTIMP_diff_lag_1,4014.0,1
2003-10-01,BOPTIMP_diff_lag_1,1468.0,1
2003-11-01,BOPTIMP_diff_lag_1,941.0,1
2003-12-01,BOPTIMP_diff_lag_1,3883.0,1
2004-01-01,BOPTIMP_diff_lag_1,106.0,1
2004-02-01,BOPTIMP_diff_lag_1,3474.0,1
2004-03-01,BOPTIMP_diff_lag_1,4778.0,1
2004-04-01,BOPTIMP_diff_lag_1,220.0,1
2004-05-01,BOPTIMP_diff_lag_1,2069.0,1
2004-06-01,BOPTIMP_diff_lag_1,4191.0,1
2004-07-01,BOPTIMP_diff_lag_1,-1428.0,1
2004-08-01,BOPTIMP_diff_lag_1,2430.0,1
2004-09-01,BOPTIMP_diff_lag_1,-475.0,1
2004-10-01,BOPTIMP_diff_lag_1,5084.0,1
2004-11-01,BOPTIMP_diff_lag_1,3506.0,1
2004-12-01,BOPTIMP_diff_lag_1,-1359.0,1
2005-01-01,BOPTIMP_diff_lag_1,1696.0,1
2005-02-01,BOPTIMP_diff_lag_1,2709.0,1
2005-03-01,BOPTIMP_diff_lag_1,-3873.0,1
2005-04-01,BOPTIMP_diff_lag_1,6349.0,1
2005-05-01,BOPTIMP_diff_lag_1,-1461.0,1
2005-06-01,BOPTIMP_diff_lag_1,2066.0,1
2005-07-01,BOPTIMP_diff_lag_1,197.0,1
2005-08-01,BOPTIMP_diff_lag_1,1838.0,1
2005-09-01,BOPTIMP_diff_lag_1,4819.0,1
2005-10-01,BOPTIMP_diff_lag_1,5039.0,1
2005-11-01,BOPTIMP_diff_lag_1,-1757.0,1
2005-12-01,BOPTIMP_diff_lag_1,3069.0,1
2006-01-01,BOPTIMP_diff_lag_1,4407.0,1
2006-02-01,BOPTIMP_diff_lag_1,-3618.0,1
2006-03-01,BOPTIMP_diff_lag_1,2038.0,1
2006-04-01,BOPTIMP_diff_lag_1,997.0,1
2006-05-01,BOPTIMP_diff_lag_1,3759.0,1
2006-06-01,BOPTIMP_diff_lag_1,552.0,1
2006-07-01,BOPTIMP_diff_lag_1,814.0,1
2006-08-01,BOPTIMP_diff_lag_1,3718.0,1
2006-09-01,BOPTIMP_diff_lag_1,-1911.0,1
2006-10-01,BOPTIMP_diff_lag_1,-4075.0,1
2006-11-01,BOPTIMP_diff_lag_1,1256.0,1
2006-12-01,BOPTIMP_diff_lag_1,4350.0,1
2007-01-01,BOPTIMP_diff_lag_1,-2015.0,1
2007-02-01,BOPTIMP_diff_lag_1,-702.0,1
2007-03-01,BOPTIMP_diff_lag_1,8059.0,1
2007-04-01,BOPTIMP_diff_lag_1,-2174.0,1
2007-05-01,BOPTIMP_diff_lag_1,1562.0,1
2007-06-01,BOPTIMP_diff_lag_1,1902.0,1
2007-07-01,BOPTIMP_diff_lag_1,1483.0,1
2007-08-01,BOPTIMP_diff_lag_1,-59.0,1
2007-09-01,BOPTIMP_diff_lag_1,1495.0,1
2007-10-01,BOPTIMP_diff_lag_1,1963.0,1
2007-11-01,BOPTIMP_diff_lag_1,4756.0,1
2007-12-01,BOPTIMP_diff_lag_1,-1228.0,1
2008-01-01,BOPTIMP_diff_lag_1,6714.0,1
2008-02-01,BOPTIMP_diff_lag_1,5452.0,1
2008-03-01,BOPTIMP_diff_lag_1,-4785.0,1
2008-04-01,BOPTIMP_diff_lag_1,7995.0,1
2008-05-01,BOPTIMP_diff_lag_1,297.0,1
2008-06-01,BOPTIMP_diff_lag_1,3570.0,1
2008-07-01,BOPTIMP_diff_lag_1,8259.0,1
2008-08-01,BOPTIMP_diff_lag_1,-7492.0,1
2008-09-01,BOPTIMP_diff_lag_1,-10825.0,1
2008-10-01,BOPTIMP_diff_lag_1,-2171.0,1
2008-11-01,BOPTIMP_diff_lag_1,-24628.0,1
2008-12-01,BOPTIMP_diff_lag_1,-11728.0,1
2009-01-01,BOPTIMP_diff_lag_1,-11176.0,1
2009-02-01,BOPTIMP_diff_lag_1,-8530.0,1
2009-03-01,BOPTIMP_diff_lag_1,-1.0,1
2009-04-01,BOPTIMP_diff_lag_1,-874.0,1
2009-05-01,BOPTIMP_diff_lag_1,-2615.0,1
2009-06-01,BOPTIMP_diff_lag_1,3767.0,1
2009-07-01,BOPTIMP_diff_lag_1,8237.0,1
2009-08-01,BOPTIMP_diff_lag_1,-945.0,1
2009-09-01,BOPTIMP_diff_lag_1,8054.0,1
2009-10-01,BOPTIMP_diff_lag_1,3721.0,1
2009-11-01,BOPTIMP_diff_lag_1,4441.0,1
2009-12-01,BOPTIMP_diff_lag_1,4450.0,1
2010-01-01,BOPTIMP_diff_lag_1,-1444.0,1
2010-02-01,BOPTIMP_diff_lag_1,4891.0,1
2010-03-01,BOPTIMP_diff_lag_1,2998.0,1
2010-04-01,BOPTIMP_diff_lag_1,151.0,1
2010-05-01,BOPTIMP_diff_lag_1,4405.0,1
2010-06-01,BOPTIMP_diff_lag_1,4735.0,1
2010-07-01,BOPTIMP_diff_lag_1,-2269.0,1
2010-08-01,BOPTIMP_diff_lag_1,5014.0,1
2010-09-01,BOPTIMP_diff_lag_1,-429.0,1
2010-10-01,BOPTIMP_diff_lag_1,1922.0,1
2010-11-01,BOPTIMP_diff_lag_1,-520.0,1
2010-12-01,BOPTIMP_diff_lag_1,5871.0,1
2011-01-01,BOPTIMP_diff_lag_1,7789.0,1
2011-02-01,BOPTIMP_diff_lag_1,-4602.0,1
2011-03-01,BOPTIMP_diff_lag_1,7570.0,1
2011-04-01,BOPTIMP_diff_lag_1,535.0,1
2011-05-01,BOPTIMP_diff_lag_1,5058.0,1
2011-06-01,BOPTIMP_diff_lag_1,196.0,1
2011-07-01,BOPTIMP_diff_lag_1,796.0,1
2011-08-01,BOPTIMP_diff_lag_1,-46.0,1
2011-09-01,BOPTIMP_diff_lag_1,-193.0,1
2011-10-01,BOPTIMP_diff_lag_1,856.0,1
2011-11-01,BOPTIMP_diff_lag_1,68.0,1
2011-12-01,BOPTIMP_diff_lag_1,3627.0,1
2012-01-01,BOPTIMP_diff_lag_1,666.0,1
2012-02-01,BOPTIMP_diff_lag_1,-4686.0,1
2012-03-01,BOPTIMP_diff_lag_1,10395.0,1
2012-04-01,BOPTIMP_diff_lag_1,-4326.0,1
2012-05-01,BOPTIMP_diff_lag_1,-1453.0,1
2012-06-01,BOPTIMP_diff_lag_1,-2293.0,1
2012-07-01,BOPTIMP_diff_lag_1,-1068.0,1
2012-08-01,BOPTIMP_diff_lag_1,-91.0,1
2012-09-01,BOPTIMP_diff_lag_1,947.0,1
2012-10-01,BOPTIMP_diff_lag_1,-2376.0,1
2012-11-01,BOPTIMP_diff_lag_1,6194.0,1
2012-12-01,BOPTIMP_diff_lag_1,-5234.0,1
2013-01-01,BOPTIMP_diff_lag_1,1858.0,1
2013-02-01,BOPTIMP_diff_lag_1,3022.0,1
2013-03-01,BOPTIMP_diff_lag_1,-9270.0,1
2013-04-01,BOPTIMP_diff_lag_1,4920.0,1
2013-05-01,BOPTIMP_diff_lag_1,2448.0,1
2013-06-01,BOPTIMP_diff_lag_1,-4191.0,1
2013-07-01,BOPTIMP_diff_lag_1,1134.0,1
2013-08-01,BOPTIMP_diff_lag_1,584.0,1
2013-09-01,BOPTIMP_diff_lag_1,3357.0,1
2013-10-01,BOPTIMP_diff_lag_1,335.0,1
2013-11-01,BOPTIMP_diff_lag_1,-1482.0,1
2013-12-01,BOPTIMP_diff_lag_1,-1296.0,1
2014-01-01,BOPTIMP_diff_lag_1,3243.0,1
2014-02-01,BOPTIMP_diff_lag_1,1956.0,1
2014-03-01,BOPTIMP_diff_lag_1,7320.0,1
2014-04-01,BOPTIMP_diff_lag_1,292.0,1
2014-05-01,BOPTIMP_diff_lag_1,-1797.0,1
2014-06-01,BOPTIMP_diff_lag_1,-1583.0,1
2014-07-01,BOPTIMP_diff_lag_1,283.0,1
2014-08-01,BOPTIMP_diff_lag_1,-532.0,1
2014-09-01,BOPTIMP_diff_lag_1,2067.0,1
2014-10-01,BOPTIMP_diff_lag_1,1215.0,1
2014-11-01,BOPTIMP_diff_lag_1,-3743.0,1
2014-12-01,BOPTIMP_diff_lag_1,2551.0,1
2015-01-01,BOPTIMP_diff_lag_1,-8141.0,1
2015-02-01,BOPTIMP_diff_lag_1,-7273.0,1
2015-03-01,BOPTIMP_diff_lag_1,15167.0,1
2015-04-01,BOPTIMP_diff_lag_1,-8081.0,1
2015-05-01,BOPTIMP_diff_lag_1,-2503.0,1
2015-06-01,BOPTIMP_diff_lag_1,3517.0,1
2015-07-01,BOPTIMP_diff_lag_1,-2756.0,1
2015-08-01,BOPTIMP_diff_lag_1,1108.0,1
2015-09-01,BOPTIMP_diff_lag_1,-1493.0,1
2015-10-01,BOPTIMP_diff_lag_1,-2128.0,1
2015-11-01,BOPTIMP_diff_lag_1,-2798.0,1
2015-12-01,BOPTIMP_diff_lag_1,-349.0,1
2016-01-01,BOPTIMP_diff_lag_1,-4525.0,1
2016-02-01,BOPTIMP_diff_lag_1,5343.0,1
2016-03-01,BOPTIMP_diff_lag_1,-7485.0,1
2016-04-01,BOPTIMP_diff_lag_1,3360.0,1
2016-05-01,BOPTIMP_diff_lag_1,1942.0,1
2016-06-01,BOPTIMP_diff_lag_1,4396.0,1
2016-07-01,BOPTIMP_diff_lag_1,-425.0,1
2016-08-01,BOPTIMP_diff_lag_1,2192.0,1
2016-09-01,BOPTIMP_diff_lag_1,-2601.0,1
2016-10-01,BOPTIMP_diff_lag_1,180.0,1
2016-11-01,BOPTIMP_diff_lag_1,3652.0,1
2016-12-01,BOPTIMP_diff_lag_1,2010.0,1
2017-01-01,BOPTIMP_diff_lag_1,5491.0,1
2017-02-01,BOPTIMP_diff_lag_1,-2880.0,1
2017-03-01,BOPTIMP_diff_lag_1,1097.0,1
2017-04-01,BOPTIMP_diff_lag_1,3029.0,1
2017-05-01,BOPTIMP_diff_lag_1,-792.0,1
2017-06-01,BOPTIMP_diff_lag_1,1116.0,1
2017-07-01,BOPTIMP_diff_lag_1,-1087.0,1
2017-08-01,BOPTIMP_diff_lag_1,71.0,1
2017-09-01,BOPTIMP_diff_lag_1,2168.0,1
2017-10-01,BOPTIMP_diff_lag_1,2732.0,1
2017-11-01,BOPTIMP_diff_lag_1,6429.0,1
2017-12-01,BOPTIMP_diff_lag_1,4623.0,1
2018-01-01,BOPTIMP_diff_lag_1,-1514.0,1
2018-02-01,BOPTIMP_diff_lag_1,5115.0,1
2018-03-01,BOPTIMP_diff_lag_1,-1711.0,1
2018-04-01,BOPTIMP_diff_lag_1,629.0,1
2018-05-01,BOPTIMP_diff_lag_1,-736.0,1
2018-06-01,BOPTIMP_diff_lag_1,1221.0,1
2018-07-01,BOPTIMP_diff_lag_1,2547.0,1
2018-08-01,BOPTIMP_diff_lag_1,-629.0,1
2018-09-01,BOPTIMP_diff_lag_1,3623.0,1
2018-10-01,BOPTIMP_diff_lag_1,2293.0,1
2018-11-01,BOPTIMP_diff_lag_1,-5568.0,1
2018-12-01,BOPTIMP_diff_lag_1,2693.0,1
2019-01-01,BOPTIMP_diff_lag_1,-4157.0,1
2019-02-01,BOPTIMP_diff_lag_1,5.0,1
2019-03-01,BOPTIMP_diff_lag_1,4445.0,1
2019-04-01,BOPTIMP_diff_lag_1,-3620.0,1
2019-05-01,BOPTIMP_diff_lag_1,5577.0,1
2019-06-01,BOPTIMP_diff_lag_1,-4636.0,1
2019-07-01,BOPTIMP_diff_lag_1,-268.0,1
2019-08-01,BOPTIMP_diff_lag_1,-396.0,1
2019-09-01,BOPTIMP_diff_lag_1,-4464.0,1
2019-10-01,BOPTIMP_diff_lag_1,-2684.0,1
2019-11-01,BOPTIMP_diff_lag_1,-3147.0,1
2019-12-01,BOPTIMP_diff_lag_1,5296.0,1
2020-01-01,BOPTIMP_diff_lag_1,-3719.0,1
2020-02-01,BOPTIMP_diff_lag_1,-3603.0,1
2020-03-01,BOPTIMP_diff_lag_1,-14372.0,1
2020-04-01,BOPTIMP_diff_lag_1,-30758.0,1
2020-05-01,BOPTIMP_diff_lag_1,-2403.0,1
2020-06-01,BOPTIMP_diff_lag_1,8530.0,1
2020-07-01,BOPTIMP_diff_lag_1,21854.0,1
2020-08-01,BOPTIMP_diff_lag_1,6385.0,1
2020-09-01,BOPTIMP_diff_lag_1,3011.0,1
2020-10-01,BOPTIMP_diff_lag_1,7085.0,1
2020-11-01,BOPTIMP_diff_lag_1,5846.0,1
2020-12-01,BOPTIMP_diff_lag_1,3263.0,1
2021-01-01,BOPTIMP_diff_lag_1,4783.0,1
2021-02-01,BOPTIMP_diff_lag_1,-2666.0,1
2021-03-01,BOPTIMP_diff_lag_1,16734.0,1
2021-04-01,BOPTIMP_diff_lag_1,-2074.0,1
2021-05-01,BOPTIMP_diff_lag_1,3545.0,1
2021-06-01,BOPTIMP_diff_lag_1,6771.0,1
2021-07-01,BOPTIMP_diff_lag_1,-179.0,1
2021-08-01,BOPTIMP_diff_lag_1,3763.0,1
2021-09-01,BOPTIMP_diff_lag_1,2685.0,1
2021-10-01,BOPTIMP_diff_lag_1,4101.0,1
2021-11-01,BOPTIMP_diff_lag_1,12069.0,1
2021-12-01,BOPTIMP_diff_lag_1,5182.0,1
2022-01-01,BOPTIMP_diff_lag_1,3485.0,1
2022-02-01,BOPTIMP_diff_lag_1,4784.0,1
2022-03-01,BOPTIMP_diff_lag_1,30797.0,1
2022-04-01,BOPTIMP_diff_lag_1,-11630.0,1
2022-05-01,BOPTIMP_diff_lag_1,2205.0,1
2022-06-01,BOPTIMP_diff_lag_1,-553.0,1
2022-07-01,BOPTIMP_diff_lag_1,-9367.0,1
2022-08-01,BOPTIMP_diff_lag_1,-4171.0,1
2022-09-01,BOPTIMP_diff_lag_1,4919.0,1
2022-10-01,BOPTIMP_diff_lag_1,2068.0,1
2022-11-01,BOPTIMP_diff_lag_1,-21182.0,1
2022-12-01,BOPTIMP_diff_lag_1,3555.0,1
2023-01-01,BOPTIMP_diff_lag_1,9571.0,1
2000-01-01,A041RC1_diff_lag_1,-9.200012,0
2000-02-01,A041RC1_diff_lag_1,6.299988,0
2000-03-01,A041RC1_diff_lag_1,19.300049,0
2000-04-01,A041RC1_diff_lag_1,5.299988,0
2000-05-01,A041RC1_diff_lag_1,10.399963,0
2000-06-01,A041RC1_diff_lag_1,9.5,0
2000-07-01,A041RC1_diff_lag_1,-10.599976,0
2000-08-01,A041RC1_diff_lag_1,14.099976,0
2000-09-01,A041RC1_diff_lag_1,2.6000366,0
2000-10-01,A041RC1_diff_lag_1,6.200012,0
2000-11-01,A041RC1_diff_lag_1,9.399963,0
2000-12-01,A041RC1_diff_lag_1,8.100037,0
2001-01-01,A041RC1_diff_lag_1,10.599976,0
2001-02-01,A041RC1_diff_lag_1,6.5999756,0
2001-03-01,A041RC1_diff_lag_1,11.600037,0
2001-04-01,A041RC1_diff_lag_1,-0.7000122,0
2001-05-01,A041RC1_diff_lag_1,8.5,0
2001-06-01,A041RC1_diff_lag_1,9.200012,0
2001-07-01,A041RC1_diff_lag_1,8.5,0
2001-08-01,A041RC1_diff_lag_1,8.700012,0
2001-09-01,A041RC1_diff_lag_1,-16.100037,0
2001-10-01,A041RC1_diff_lag_1,5.0,0
2001-11-01,A041RC1_diff_lag_1,-2.3999634,0
2001-12-01,A041RC1_diff_lag_1,-1.0,0
2002-01-01,A041RC1_diff_lag_1,22.0,0
2002-02-01,A041RC1_diff_lag_1,-1.3000488,0
2002-03-01,A041RC1_diff_lag_1,-3.0999756,0
2002-04-01,A041RC1_diff_lag_1,3.5999756,0
2002-05-01,A041RC1_diff_lag_1,3.3000488,0
2002-06-01,A041RC1_diff_lag_1,5.0,0
2002-07-01,A041RC1_diff_lag_1,6.199951,0
2002-08-01,A041RC1_diff_lag_1,-3.0,0
2002-09-01,A041RC1_diff_lag_1,-0.5999756,0
2002-10-01,A041RC1_diff_lag_1,7.700012,0
2002-11-01,A041RC1_diff_lag_1,4.799988,0
2002-12-01,A041RC1_diff_lag_1,2.7000122,0
2003-01-01,A041RC1_diff_lag_1,-5.4000244,0
2003-02-01,A041RC1_diff_lag_1,-8.899963,0
2003-03-01,A041RC1_diff_lag_1,2.7999878,0
2003-04-01,A041RC1_diff_lag_1,6.3999634,0
2003-05-01,A041RC1_diff_lag_1,13.200012,0
2003-06-01,A041RC1_diff_lag_1,6.0,0
2003-07-01,A041RC1_diff_lag_1,1.5,0
2003-08-01,A041RC1_diff_lag_1,2.2999878,0
2003-09-01,A041RC1_diff_lag_1,4.300049,0
2003-10-01,A041RC1_diff_lag_1,-0.10003662,0
2003-11-01,A041RC1_diff_lag_1,5.200012,0
2003-12-01,A041RC1_diff_lag_1,11.400024,0
2004-01-01,A041RC1_diff_lag_1,8.199951,0
2004-02-01,A041RC1_diff_lag_1,12.100037,0
2004-03-01,A041RC1_diff_lag_1,14.700012,0
2004-04-01,A041RC1_diff_lag_1,-2.1000366,0
2004-05-01,A041RC1_diff_lag_1,5.700012,0
2004-06-01,A041RC1_diff_lag_1,2.7999878,0
2004-07-01,A041RC1_diff_lag_1,-0.2999878,0
2004-08-01,A041RC1_diff_lag_1,-2.4000244,0
2004-09-01,A041RC1_diff_lag_1,-2.0999756,0
2004-10-01,A041RC1_diff_lag_1,9.5,0
2004-11-01,A041RC1_diff_lag_1,5.299988,0
2004-12-01,A041RC1_diff_lag_1,8.200012,0
2005-01-01,A041RC1_diff_lag_1,-28.299988,0
2005-02-01,A041RC1_diff_lag_1,-1.2999878,0
2005-03-01,A041RC1_diff_lag_1,3.8999634,0
2005-04-01,A041RC1_diff_lag_1,-4.0999756,0
2005-05-01,A041RC1_diff_lag_1,6.8999634,0
2005-06-01,A041RC1_diff_lag_1,12.900024,0
2005-07-01,A041RC1_diff_lag_1,7.9000244,0
2005-08-01,A041RC1_diff_lag_1,2.8999634,0
2005-09-01,A041RC1_diff_lag_1,9.900024,0
2005-10-01,A041RC1_diff_lag_1,4.0,0
2005-11-01,A041RC1_diff_lag_1,8.399963,0
2005-12-01,A041RC1_diff_lag_1,5.700012,0
2006-01-01,A041RC1_diff_lag_1,32.299988,0
2006-02-01,A041RC1_diff_lag_1,2.5,0
2006-03-01,A041RC1_diff_lag_1,3.9000244,0
2006-04-01,A041RC1_diff_lag_1,-1.1999512,0
2006-05-01,A041RC1_diff_lag_1,1.8999023,0
2006-06-01,A041RC1_diff_lag_1,-1.2999268,0
2006-07-01,A041RC1_diff_lag_1,-4.0,0
2006-08-01,A041RC1_diff_lag_1,2.5999756,0
2006-09-01,A041RC1_diff_lag_1,-1.9000244,0
2006-10-01,A041RC1_diff_lag_1,4.0,0
2006-11-01,A041RC1_diff_lag_1,-1.5999756,0
2006-12-01,A041RC1_diff_lag_1,5.199951,0
2007-01-01,A041RC1_diff_lag_1,-36.299927,0
2007-02-01,A041RC1_diff_lag_1,-0.4000244,0
2007-03-01,A041RC1_diff_lag_1,-6.4000244,0
2007-04-01,A041RC1_diff_lag_1,-10.599976,0
2007-05-01,A041RC1_diff_lag_1,-5.4000244,0
2007-06-01,A041RC1_diff_lag_1,-3.0,0
2007-07-01,A041RC1_diff_lag_1,-1.6999512,0
2007-08-01,A041RC1_diff_lag_1,-7.200012,0
2007-09-01,A041RC1_diff_lag_1,-2.6000366,0
2007-10-01,A041RC1_diff_lag_1,-3.8999634,0
2007-11-01,A041RC1_diff_lag_1,0.2000122,0
2007-12-01,A041RC1_diff_lag_1,2.7999878,0
2008-01-01,A041RC1_diff_lag_1,-12.200012,0
2008-02-01,A041RC1_diff_lag_1,-9.200012,0
2008-03-01,A041RC1_diff_lag_1,2.1000366,0
2008-04-01,A041RC1_diff_lag_1,6.199951,0
2008-05-01,A041RC1_diff_lag_1,-1.3999634,0
2008-06-01,A041RC1_diff_lag_1,-1.4000244,0
2008-07-01,A041RC1_diff_lag_1,-18.200012,0
2008-08-01,A041RC1_diff_lag_1,12.0,0
2008-09-01,A041RC1_diff_lag_1,3.0,0
2008-10-01,A041RC1_diff_lag_1,-8.099976,0
2008-11-01,A041RC1_diff_lag_1,4.700012,0
2008-12-01,A041RC1_diff_lag_1,-20.700012,0
2009-01-01,A041RC1_diff_lag_1,-4.799988,0
2009-02-01,A041RC1_diff_lag_1,-23.0,0
2009-03-01,A041RC1_diff_lag_1,-15.400024,0
2009-04-01,A041RC1_diff_lag_1,2.4000244,0
2009-05-01,A041RC1_diff_lag_1,2.0999756,0
2009-06-01,A041RC1_diff_lag_1,7.299988,0
2009-07-01,A041RC1_diff_lag_1,6.1000366,0
2009-08-01,A041RC1_diff_lag_1,22.099976,0
2009-09-01,A041RC1_diff_lag_1,19.799988,0
2009-10-01,A041RC1_diff_lag_1,19.0,0
2009-11-01,A041RC1_diff_lag_1,26.700012,0
2009-12-01,A041RC1_diff_lag_1,28.100037,0
2010-01-01,A041RC1_diff_lag_1,21.199951,0
2010-02-01,A041RC1_diff_lag_1,1.9000244,0
2010-03-01,A041RC1_diff_lag_1,13.300049,0
2010-04-01,A041RC1_diff_lag_1,23.199951,0
2010-05-01,A041RC1_diff_lag_1,20.199951,0
2010-06-01,A041RC1_diff_lag_1,2.2000732,0
2010-07-01,A041RC1_diff_lag_1,11.199951,0
2010-08-01,A041RC1_diff_lag_1,7.7000732,0
2010-09-01,A041RC1_diff_lag_1,2.1999512,0
2010-10-01,A041RC1_diff_lag_1,2.1999512,0
2010-11-01,A041RC1_diff_lag_1,6.5,0
2010-12-01,A041RC1_diff_lag_1,12.600098,0
2011-01-01,A041RC1_diff_lag_1,12.899902,0
2011-02-01,A041RC1_diff_lag_1,15.800049,0
2011-03-01,A041RC1_diff_lag_1,6.699951,0
2011-04-01,A041RC1_diff_lag_1,9.100098,0
2011-05-01,A041RC1_diff_lag_1,9.0,0
2011-06-01,A041RC1_diff_lag_1,19.199951,0
2011-07-01,A041RC1_diff_lag_1,12.900024,0
2011-08-01,A041RC1_diff_lag_1,23.699951,0
2011-09-01,A041RC1_diff_lag_1,-9.199951,0
2011-10-01,A041RC1_diff_lag_1,4.2999268,0
2011-11-01,A041RC1_diff_lag_1,6.5,0
2011-12-01,A041RC1_diff_lag_1,20.5,0
2012-01-01,A041RC1_diff_lag_1,17.900024,0
2012-02-01,A041RC1_diff_lag_1,24.900024,0
2012-03-01,A041RC1_diff_lag_1,7.5999756,0
2012-04-01,A041RC1_diff_lag_1,20.599976,0
2012-05-01,A041RC1_diff_lag_1,1.5,0
2012-06-01,A041RC1_diff_lag_1,-3.1999512,0
2012-07-01,A041RC1_diff_lag_1,-10.300049,0
2012-08-01,A041RC1_diff_lag_1,-1.6999512,0
2012-09-01,A041RC1_diff_lag_1,6.9000244,0
2012-10-01,A041RC1_diff_lag_1,9.900024,0
2012-11-01,A041RC1_diff_lag_1,11.899902,0
2012-12-01,A041RC1_diff_lag_1,-10.599976,0
2013-01-01,A041RC1_diff_lag_1,9.700073,0
2013-02-01,A041RC1_diff_lag_1,15.5,0
2013-03-01,A041RC1_diff_lag_1,21.299927,0
2013-04-01,A041RC1_diff_lag_1,11.0,0
2013-05-01,A041RC1_diff_lag_1,-0.9000244,0
2013-06-01,A041RC1_diff_lag_1,-19.099976,0
2013-07-01,A041RC1_diff_lag_1,3.5999756,0
2013-08-01,A041RC1_diff_lag_1,4.1000977,0
2013-09-01,A041RC1_diff_lag_1,21.299927,0
2013-10-01,A041RC1_diff_lag_1,-26.199951,0
2013-11-01,A041RC1_diff_lag_1,-0.20007324,0
2013-12-01,A041RC1_diff_lag_1,-0.89990234,0
2014-01-01,A041RC1_diff_lag_1,11.799927,0
2014-02-01,A041RC1_diff_lag_1,-3.4000244,0
2014-03-01,A041RC1_diff_lag_1,7.6000977,0
2014-04-01,A041RC1_diff_lag_1,20.899902,0
2014-05-01,A041RC1_diff_lag_1,14.800049,0
2014-06-01,A041RC1_diff_lag_1,13.5,0
2014-07-01,A041RC1_diff_lag_1,7.5999756,0
2014-08-01,A041RC1_diff_lag_1,-5.699951,0
2014-09-01,A041RC1_diff_lag_1,-6.4000244,0
2014-10-01,A041RC1_diff_lag_1,-5.199951,0
2014-11-01,A041RC1_diff_lag_1,-7.6000977,0
2014-12-01,A041RC1_diff_lag_1,13.900024,0
2015-01-01,A041RC1_diff_lag_1,-2.4000244,0
2015-02-01,A041RC1_diff_lag_1,-26.099976,0
2015-03-01,A041RC1_diff_lag_1,-19.099976,0
2015-04-01,A041RC1_diff_lag_1,-4.699951,0
2015-05-01,A041RC1_diff_lag_1,1.7999268,0
2015-06-01,A041RC1_diff_lag_1,3.9000244,0
2015-07-01,A041RC1_diff_lag_1,9.300049,0
2015-08-01,A041RC1_diff_lag_1,-1.0,0
2015-09-01,A041RC1_diff_lag_1,0.29992676,0
2015-10-01,A041RC1_diff_lag_1,-2.6999512,0
2015-11-01,A041RC1_diff_lag_1,-16.599976,0
2015-12-01,A041RC1_diff_lag_1,13.399902,0
2016-01-01,A041RC1_diff_lag_1,-6.0,0
2016-02-01,A041RC1_diff_lag_1,-2.2999268,0
2016-03-01,A041RC1_diff_lag_1,1.1999512,0
2016-04-01,A041RC1_diff_lag_1,-3.7999268,0
2016-05-01,A041RC1_diff_lag_1,-1.0,0
2016-06-01,A041RC1_diff_lag_1,11.899902,0
2016-07-01,A041RC1_diff_lag_1,6.800049,0
2016-08-01,A041RC1_diff_lag_1,5.5,0
2016-09-01,A041RC1_diff_lag_1,10.099976,0
2016-10-01,A041RC1_diff_lag_1,-6.0,0
2016-11-01,A041RC1_diff_lag_1,11.400024,0
2016-12-01,A041RC1_diff_lag_1,4.0,0
2017-01-01,A041RC1_diff_lag_1,24.900024,0
2017-02-01,A041RC1_diff_lag_1,8.199951,0
2017-03-01,A041RC1_diff_lag_1,16.900024,0
2017-04-01,A041RC1_diff_lag_1,-1.0999756,0
2017-05-01,A041RC1_diff_lag_1,4.5,0
2017-06-01,A041RC1_diff_lag_1,1.4000244,0
2017-07-01,A041RC1_diff_lag_1,-7.300049,0
2017-08-01,A041RC1_diff_lag_1,3.6999512,0
2017-09-01,A041RC1_diff_lag_1,11.0,0
2017-10-01,A041RC1_diff_lag_1,7.4000244,0
2017-11-01,A041RC1_diff_lag_1,14.200073,0
2017-12-01,A041RC1_diff_lag_1,3.8999023,0
2018-01-01,A041RC1_diff_lag_1,4.800049,0
2018-02-01,A041RC1_diff_lag_1,14.400024,0
2018-03-01,A041RC1_diff_lag_1,-2.9000244,0
2018-04-01,A041RC1_diff_lag_1,-2.0,0
2018-05-01,A041RC1_diff_lag_1,7.0,0
2018-06-01,A041RC1_diff_lag_1,4.800049,0
2018-07-01,A041RC1_diff_lag_1,13.299927,0
2018-08-01,A041RC1_diff_lag_1,-0.19995117,0
2018-09-01,A041RC1_diff_lag_1,-14.0,0
2018-10-01,A041RC1_diff_lag_1,13.900024,0
2018-11-01,A041RC1_diff_lag_1,13.799927,0
2018-12-01,A041RC1_diff_lag_1,33.30005,0
2019-01-01,A041RC1_diff_lag_1,-34.900024,0
2019-02-01,A041RC1_diff_lag_1,-1.5,0
2019-03-01,A041RC1_diff_lag_1,-10.900024,0
2019-04-01,A041RC1_diff_lag_1,0.4000244,0
2019-05-01,A041RC1_diff_lag_1,1.5999756,0
2019-06-01,A041RC1_diff_lag_1,-5.5999756,0
2019-07-01,A041RC1_diff_lag_1,16.699951,0
2019-08-01,A041RC1_diff_lag_1,32.80005,0
2019-09-01,A041RC1_diff_lag_1,14.199951,0
2019-10-01,A041RC1_diff_lag_1,-15.899902,0
2019-11-01,A041RC1_diff_lag_1,33.899902,0
2019-12-01,A041RC1_diff_lag_1,-31.5,0
2020-01-01,A041RC1_diff_lag_1,45.400024,0
2020-02-01,A041RC1_diff_lag_1,38.0,0
2020-03-01,A041RC1_diff_lag_1,-149.09998,0
2020-04-01,A041RC1_diff_lag_1,-168.30005,0
2020-05-01,A041RC1_diff_lag_1,67.70007,0
2020-06-01,A041RC1_diff_lag_1,126.900024,0
2020-07-01,A041RC1_diff_lag_1,85.0,0
2020-08-01,A041RC1_diff_lag_1,86.3999,0
2020-09-01,A041RC1_diff_lag_1,78.6001,0
2020-10-01,A041RC1_diff_lag_1,26.099976,0
2020-11-01,A041RC1_diff_lag_1,-195.09998,0
2020-12-01,A041RC1_diff_lag_1,-80.5,0
2021-01-01,A041RC1_diff_lag_1,8.599976,0
2021-02-01,A041RC1_diff_lag_1,42.400024,0
2021-03-01,A041RC1_diff_lag_1,104.3999,0
2021-04-01,A041RC1_diff_lag_1,22.900024,0
2021-05-01,A041RC1_diff_lag_1,19.099976,0
2021-06-01,A041RC1_diff_lag_1,7.6000977,0
2021-07-01,A041RC1_diff_lag_1,9.199951,0
2021-08-01,A041RC1_diff_lag_1,-3.0999756,0
2021-09-01,A041RC1_diff_lag_1,-8.300049,0
2021-10-01,A041RC1_diff_lag_1,10.800049,0
2021-11-01,A041RC1_diff_lag_1,4.0999756,0
2021-12-01,A041RC1_diff_lag_1,-29.599976,0
2022-01-01,A041RC1_diff_lag_1,9.299927,0
2022-02-01,A041RC1_diff_lag_1,27.900024,0
2022-03-01,A041RC1_diff_lag_1,36.30005,0
2022-04-01,A041RC1_diff_lag_1,-17.700073,0
2022-05-01,A041RC1_diff_lag_1,9.0,0
2022-06-01,A041RC1_diff_lag_1,6.4000244,0
2022-07-01,A041RC1_diff_lag_1,3.9000244,0
2022-08-01,A041RC1_diff_lag_1,23.199951,0
2022-09-01,A041RC1_diff_lag_1,4.7000732,0
2022-10-01,A041RC1_diff_lag_1,2.7999268,0
2022-11-01,A041RC1_diff_lag_1,5.5,0
2022-12-01,A041RC1_diff_lag_1,5.9000244,0
2023-01-01,A041RC1_diff_lag_1,-1.4000244,0
2000-01-01,AMTMVS_diff_lag_2,9730.0,0
2000-02-01,AMTMVS_diff_lag_2,-4284.0,0
2000-03-01,AMTMVS_diff_lag_2,-3231.0,0
2000-04-01,AMTMVS_diff_lag_2,15449.0,0
2000-05-01,AMTMVS_diff_lag_2,-185.0,0
2000-06-01,AMTMVS_diff_lag_2,-664.0,0
2000-07-01,AMTMVS_diff_lag_2,2141.0,0
2000-08-01,AMTMVS_diff_lag_2,-8296.0,0
2000-09-01,AMTMVS_diff_lag_2,4759.0,0
2000-10-01,AMTMVS_diff_lag_2,2264.0,0
2000-11-01,AMTMVS_diff_lag_2,-9260.0,0
2000-12-01,AMTMVS_diff_lag_2,2737.0,0
2001-01-01,AMTMVS_diff_lag_2,-4385.0,0
2001-02-01,AMTMVS_diff_lag_2,-5141.0,0
2001-03-01,AMTMVS_diff_lag_2,-2606.0,0
2001-04-01,AMTMVS_diff_lag_2,-15580.0,0
2001-05-01,AMTMVS_diff_lag_2,-1982.0,0
2001-06-01,AMTMVS_diff_lag_2,503.0,0
2001-07-01,AMTMVS_diff_lag_2,-10195.0,0
2001-08-01,AMTMVS_diff_lag_2,-676.0,0
2001-09-01,AMTMVS_diff_lag_2,-5702.0,0
2001-10-01,AMTMVS_diff_lag_2,-10532.0,0
2001-11-01,AMTMVS_diff_lag_2,-1951.0,0
2001-12-01,AMTMVS_diff_lag_2,2311.0,0
2002-01-01,AMTMVS_diff_lag_2,207.0,0
2002-02-01,AMTMVS_diff_lag_2,-2318.0,0
2002-03-01,AMTMVS_diff_lag_2,1426.0,0
2002-04-01,AMTMVS_diff_lag_2,6913.0,0
2002-05-01,AMTMVS_diff_lag_2,7471.0,0
2002-06-01,AMTMVS_diff_lag_2,1831.0,0
2002-07-01,AMTMVS_diff_lag_2,-3988.0,0
2002-08-01,AMTMVS_diff_lag_2,1098.0,0
2002-09-01,AMTMVS_diff_lag_2,5244.0,0
2002-10-01,AMTMVS_diff_lag_2,-321.0,0
2002-11-01,AMTMVS_diff_lag_2,545.0,0
2002-12-01,AMTMVS_diff_lag_2,-4903.0,0
2003-01-01,AMTMVS_diff_lag_2,-1150.0,0
2003-02-01,AMTMVS_diff_lag_2,8634.0,0
2003-03-01,AMTMVS_diff_lag_2,6194.0,0
2003-04-01,AMTMVS_diff_lag_2,-7571.0,0
2003-05-01,AMTMVS_diff_lag_2,-6817.0,0
2003-06-01,AMTMVS_diff_lag_2,6658.0,0
2003-07-01,AMTMVS_diff_lag_2,6489.0,0
2003-08-01,AMTMVS_diff_lag_2,1091.0,0
2003-09-01,AMTMVS_diff_lag_2,3810.0,0
2003-10-01,AMTMVS_diff_lag_2,6814.0,0
2003-11-01,AMTMVS_diff_lag_2,1362.0,0
2003-12-01,AMTMVS_diff_lag_2,370.0,0
2004-01-01,AMTMVS_diff_lag_2,91.0,0
2004-02-01,AMTMVS_diff_lag_2,1775.0,0
2004-03-01,AMTMVS_diff_lag_2,11501.0,0
2004-04-01,AMTMVS_diff_lag_2,8350.0,0
2004-05-01,AMTMVS_diff_lag_2,1179.0,0
2004-06-01,AMTMVS_diff_lag_2,5311.0,0
2004-07-01,AMTMVS_diff_lag_2,1584.0,0
2004-08-01,AMTMVS_diff_lag_2,5446.0,0
2004-09-01,AMTMVS_diff_lag_2,7565.0,0
2004-10-01,AMTMVS_diff_lag_2,9219.0,0
2004-11-01,AMTMVS_diff_lag_2,9932.0,0
2004-12-01,AMTMVS_diff_lag_2,5408.0,0
2005-01-01,AMTMVS_diff_lag_2,10786.0,0
2005-02-01,AMTMVS_diff_lag_2,6685.0,0
2005-03-01,AMTMVS_diff_lag_2,-121.0,0
2005-04-01,AMTMVS_diff_lag_2,9058.0,0
2005-05-01,AMTMVS_diff_lag_2,5383.0,0
2005-06-01,AMTMVS_diff_lag_2,-1306.0,0
2005-07-01,AMTMVS_diff_lag_2,181.0,0
2005-08-01,AMTMVS_diff_lag_2,7266.0,0
2005-09-01,AMTMVS_diff_lag_2,15732.0,0
2005-10-01,AMTMVS_diff_lag_2,9149.0,0
2005-11-01,AMTMVS_diff_lag_2,4133.0,0
2005-12-01,AMTMVS_diff_lag_2,8606.0,0
2006-01-01,AMTMVS_diff_lag_2,7763.0,0
2006-02-01,AMTMVS_diff_lag_2,-1074.0,0
2006-03-01,AMTMVS_diff_lag_2,1319.0,0
2006-04-01,AMTMVS_diff_lag_2,-1731.0,0
2006-05-01,AMTMVS_diff_lag_2,5033.0,0
2006-06-01,AMTMVS_diff_lag_2,9273.0,0
2006-07-01,AMTMVS_diff_lag_2,-8007.0,0
2006-08-01,AMTMVS_diff_lag_2,1220.0,0
2006-09-01,AMTMVS_diff_lag_2,-1304.0,0
2006-10-01,AMTMVS_diff_lag_2,-11889.0,0
2006-11-01,AMTMVS_diff_lag_2,2786.0,0
2006-12-01,AMTMVS_diff_lag_2,19101.0,0
2007-01-01,AMTMVS_diff_lag_2,4219.0,0
2007-02-01,AMTMVS_diff_lag_2,-2110.0,0
2007-03-01,AMTMVS_diff_lag_2,14708.0,0
2007-04-01,AMTMVS_diff_lag_2,9054.0,0
2007-05-01,AMTMVS_diff_lag_2,7830.0,0
2007-06-01,AMTMVS_diff_lag_2,5354.0,0
2007-07-01,AMTMVS_diff_lag_2,-786.0,0
2007-08-01,AMTMVS_diff_lag_2,892.0,0
2007-09-01,AMTMVS_diff_lag_2,4396.0,0
2007-10-01,AMTMVS_diff_lag_2,9490.0,0
2007-11-01,AMTMVS_diff_lag_2,17309.0,0
2007-12-01,AMTMVS_diff_lag_2,9141.0,0
2008-01-01,AMTMVS_diff_lag_2,4499.0,0
2008-02-01,AMTMVS_diff_lag_2,4637.0,0
2008-03-01,AMTMVS_diff_lag_2,-6058.0,0
2008-04-01,AMTMVS_diff_lag_2,8536.0,0
2008-05-01,AMTMVS_diff_lag_2,12780.0,0
2008-06-01,AMTMVS_diff_lag_2,6344.0,0
2008-07-01,AMTMVS_diff_lag_2,5498.0,0
2008-08-01,AMTMVS_diff_lag_2,-15186.0,0
2008-09-01,AMTMVS_diff_lag_2,-27446.0,0
2008-10-01,AMTMVS_diff_lag_2,-33129.0,0
2008-11-01,AMTMVS_diff_lag_2,-51713.0,0
2008-12-01,AMTMVS_diff_lag_2,-52057.0,0
2009-01-01,AMTMVS_diff_lag_2,-33004.0,0
2009-02-01,AMTMVS_diff_lag_2,-11370.0,0
2009-03-01,AMTMVS_diff_lag_2,-9366.0,0
2009-04-01,AMTMVS_diff_lag_2,-16338.0,0
2009-05-01,AMTMVS_diff_lag_2,-4732.0,0
2009-06-01,AMTMVS_diff_lag_2,7952.0,0
2009-07-01,AMTMVS_diff_lag_2,7966.0,0
2009-08-01,AMTMVS_diff_lag_2,5014.0,0
2009-09-01,AMTMVS_diff_lag_2,12322.0,0
2009-10-01,AMTMVS_diff_lag_2,11853.0,0
2009-11-01,AMTMVS_diff_lag_2,11583.0,0
2009-12-01,AMTMVS_diff_lag_2,12251.0,0
2010-01-01,AMTMVS_diff_lag_2,9861.0,0
2010-02-01,AMTMVS_diff_lag_2,3212.0,0
2010-03-01,AMTMVS_diff_lag_2,5549.0,0
2010-04-01,AMTMVS_diff_lag_2,11207.0,0
2010-05-01,AMTMVS_diff_lag_2,2034.0,0
2010-06-01,AMTMVS_diff_lag_2,-1205.0,0
2010-07-01,AMTMVS_diff_lag_2,4274.0,0
2010-08-01,AMTMVS_diff_lag_2,5235.0,0
2010-09-01,AMTMVS_diff_lag_2,6802.0,0
2010-10-01,AMTMVS_diff_lag_2,9850.0,0
2010-11-01,AMTMVS_diff_lag_2,9174.0,0
2010-12-01,AMTMVS_diff_lag_2,14511.0,0
2011-01-01,AMTMVS_diff_lag_2,19047.0,0
2011-02-01,AMTMVS_diff_lag_2,9377.0,0
2011-03-01,AMTMVS_diff_lag_2,14404.0,0
2011-04-01,AMTMVS_diff_lag_2,13822.0,0
2011-05-01,AMTMVS_diff_lag_2,-2211.0,0
2011-06-01,AMTMVS_diff_lag_2,1185.0,0
2011-07-01,AMTMVS_diff_lag_2,5789.0,0
2011-08-01,AMTMVS_diff_lag_2,3891.0,0
2011-09-01,AMTMVS_diff_lag_2,-469.0,0
2011-10-01,AMTMVS_diff_lag_2,1934.0,0
2011-11-01,AMTMVS_diff_lag_2,6401.0,0
2011-12-01,AMTMVS_diff_lag_2,4148.0,0
2012-01-01,AMTMVS_diff_lag_2,7559.0,0
2012-02-01,AMTMVS_diff_lag_2,9969.0,0
2012-03-01,AMTMVS_diff_lag_2,2017.0,0
2012-04-01,AMTMVS_diff_lag_2,-3481.0,0
2012-05-01,AMTMVS_diff_lag_2,-1747.0,0
2012-06-01,AMTMVS_diff_lag_2,-9365.0,0
2012-07-01,AMTMVS_diff_lag_2,-7362.0,0
2012-08-01,AMTMVS_diff_lag_2,5430.0,0
2012-09-01,AMTMVS_diff_lag_2,7899.0,0
2012-10-01,AMTMVS_diff_lag_2,5526.0,0
2012-11-01,AMTMVS_diff_lag_2,4082.0,0
2012-12-01,AMTMVS_diff_lag_2,3140.0,0
2013-01-01,AMTMVS_diff_lag_2,3219.0,0
2013-02-01,AMTMVS_diff_lag_2,12120.0,0
2013-03-01,AMTMVS_diff_lag_2,-1588.0,0
2013-04-01,AMTMVS_diff_lag_2,-12916.0,0
2013-05-01,AMTMVS_diff_lag_2,2109.0,0
2013-06-01,AMTMVS_diff_lag_2,1503.0,0
2013-07-01,AMTMVS_diff_lag_2,-1275.0,0
2013-08-01,AMTMVS_diff_lag_2,5474.0,0
2013-09-01,AMTMVS_diff_lag_2,2883.0,0
2013-10-01,AMTMVS_diff_lag_2,1065.0,0
2013-11-01,AMTMVS_diff_lag_2,8696.0,0
2013-12-01,AMTMVS_diff_lag_2,1596.0,0
2014-01-01,AMTMVS_diff_lag_2,-6556.0,0
2014-02-01,AMTMVS_diff_lag_2,7052.0,0
2014-03-01,AMTMVS_diff_lag_2,6314.0,0
2014-04-01,AMTMVS_diff_lag_2,-1218.0,0
2014-05-01,AMTMVS_diff_lag_2,-384.0,0
2014-06-01,AMTMVS_diff_lag_2,-229.0,0
2014-07-01,AMTMVS_diff_lag_2,5809.0,0
2014-08-01,AMTMVS_diff_lag_2,2323.0,0
2014-09-01,AMTMVS_diff_lag_2,-4679.0,0
2014-10-01,AMTMVS_diff_lag_2,-8146.0,0
2014-11-01,AMTMVS_diff_lag_2,-13409.0,0
2014-12-01,AMTMVS_diff_lag_2,-11108.0,0
2015-01-01,AMTMVS_diff_lag_2,-18466.0,0
2015-02-01,AMTMVS_diff_lag_2,-11833.0,0
2015-03-01,AMTMVS_diff_lag_2,6905.0,0
2015-04-01,AMTMVS_diff_lag_2,1838.0,0
2015-05-01,AMTMVS_diff_lag_2,-4630.0,0
2015-06-01,AMTMVS_diff_lag_2,1738.0,0
2015-07-01,AMTMVS_diff_lag_2,1909.0,0
2015-08-01,AMTMVS_diff_lag_2,-7017.0,0
2015-09-01,AMTMVS_diff_lag_2,-7026.0,0
2015-10-01,AMTMVS_diff_lag_2,-6510.0,0
2015-11-01,AMTMVS_diff_lag_2,-6278.0,0
2015-12-01,AMTMVS_diff_lag_2,-11725.0,0
2016-01-01,AMTMVS_diff_lag_2,-11083.0,0
2016-02-01,AMTMVS_diff_lag_2,-1535.0,0
2016-03-01,AMTMVS_diff_lag_2,1336.0,0
2016-04-01,AMTMVS_diff_lag_2,2470.0,0
2016-05-01,AMTMVS_diff_lag_2,1295.0,0
2016-06-01,AMTMVS_diff_lag_2,3410.0,0
2016-07-01,AMTMVS_diff_lag_2,-145.0,0
2016-08-01,AMTMVS_diff_lag_2,-1535.0,0
2016-09-01,AMTMVS_diff_lag_2,3462.0,0
2016-10-01,AMTMVS_diff_lag_2,2080.0,0
2016-11-01,AMTMVS_diff_lag_2,-922.0,0
2016-12-01,AMTMVS_diff_lag_2,8063.0,0
2017-01-01,AMTMVS_diff_lag_2,10070.0,0
2017-02-01,AMTMVS_diff_lag_2,1517.0,0
2017-03-01,AMTMVS_diff_lag_2,448.0,0
2017-04-01,AMTMVS_diff_lag_2,-3332.0,0
2017-05-01,AMTMVS_diff_lag_2,1296.0,0
2017-06-01,AMTMVS_diff_lag_2,2653.0,0
2017-07-01,AMTMVS_diff_lag_2,-1581.0,0
2017-08-01,AMTMVS_diff_lag_2,5835.0,0
2017-09-01,AMTMVS_diff_lag_2,8458.0,0
2017-10-01,AMTMVS_diff_lag_2,7696.0,0
2017-11-01,AMTMVS_diff_lag_2,12547.0,0
2017-12-01,AMTMVS_diff_lag_2,7562.0,0
2018-01-01,AMTMVS_diff_lag_2,3714.0,0
2018-02-01,AMTMVS_diff_lag_2,5845.0,0
2018-03-01,AMTMVS_diff_lag_2,3795.0,0
2018-04-01,AMTMVS_diff_lag_2,1612.0,0
2018-05-01,AMTMVS_diff_lag_2,5762.0,0
2018-06-01,AMTMVS_diff_lag_2,8677.0,0
2018-07-01,AMTMVS_diff_lag_2,1638.0,0
2018-08-01,AMTMVS_diff_lag_2,2559.0,0
2018-09-01,AMTMVS_diff_lag_2,5844.0,0
2018-10-01,AMTMVS_diff_lag_2,2330.0,0
2018-11-01,AMTMVS_diff_lag_2,-6971.0,0
2018-12-01,AMTMVS_diff_lag_2,-12035.0,0
2019-01-01,AMTMVS_diff_lag_2,-7039.0,0
2019-02-01,AMTMVS_diff_lag_2,167.0,0
2019-03-01,AMTMVS_diff_lag_2,822.0,0
2019-04-01,AMTMVS_diff_lag_2,-4515.0,0
2019-05-01,AMTMVS_diff_lag_2,-2329.0,0
2019-06-01,AMTMVS_diff_lag_2,-1546.0,0
2019-07-01,AMTMVS_diff_lag_2,-6098.0,0
2019-08-01,AMTMVS_diff_lag_2,-4993.0,0
2019-09-01,AMTMVS_diff_lag_2,-3335.0,0
2019-10-01,AMTMVS_diff_lag_2,-6136.0,0
2019-11-01,AMTMVS_diff_lag_2,-6263.0,0
2019-12-01,AMTMVS_diff_lag_2,-2978.0,0
2020-01-01,AMTMVS_diff_lag_2,-6085.0,0
2020-02-01,AMTMVS_diff_lag_2,-6401.0,0
2020-03-01,AMTMVS_diff_lag_2,-25981.0,0
2020-04-01,AMTMVS_diff_lag_2,-89431.0,0
2020-05-01,AMTMVS_diff_lag_2,-55329.0,0
2020-06-01,AMTMVS_diff_lag_2,50563.0,0
2020-07-01,AMTMVS_diff_lag_2,58912.0,0
2020-08-01,AMTMVS_diff_lag_2,21258.0,0
2020-09-01,AMTMVS_diff_lag_2,5874.0,0
2020-10-01,AMTMVS_diff_lag_2,5199.0,0
2020-11-01,AMTMVS_diff_lag_2,4959.0,0
2020-12-01,AMTMVS_diff_lag_2,10841.0,0
2021-01-01,AMTMVS_diff_lag_2,18158.0,0
2021-02-01,AMTMVS_diff_lag_2,1878.0,0
2021-03-01,AMTMVS_diff_lag_2,-2003.0,0
2021-04-01,AMTMVS_diff_lag_2,5670.0,0
2021-05-01,AMTMVS_diff_lag_2,6956.0,0
2021-06-01,AMTMVS_diff_lag_2,13953.0,0
2021-07-01,AMTMVS_diff_lag_2,14772.0,0
2021-08-01,AMTMVS_diff_lag_2,7737.0,0
2021-09-01,AMTMVS_diff_lag_2,4196.0,0
2021-10-01,AMTMVS_diff_lag_2,12699.0,0
2021-11-01,AMTMVS_diff_lag_2,13653.0,0
2021-12-01,AMTMVS_diff_lag_2,7132.0,0
2022-01-01,AMTMVS_diff_lag_2,9928.0,0
2022-02-01,AMTMVS_diff_lag_2,11680.0,0
2022-03-01,AMTMVS_diff_lag_2,15439.0,0
2022-04-01,AMTMVS_diff_lag_2,14608.0,0
2022-05-01,AMTMVS_diff_lag_2,14495.0,0
2022-06-01,AMTMVS_diff_lag_2,15699.0,0
2022-07-01,AMTMVS_diff_lag_2,-393.0,0
2022-08-01,AMTMVS_diff_lag_2,-1009.0,0
2022-09-01,AMTMVS_diff_lag_2,5562.0,0
2022-10-01,AMTMVS_diff_lag_2,2860.0,0
2022-11-01,AMTMVS_diff_lag_2,-3525.0,0
2022-12-01,AMTMVS_diff_lag_2,-8122.0,0
2023-01-01,AMTMVS_diff_lag_2,-1724.0,0
2000-01-01,CES0600000007_perc_diff_lag_1,0.24510366,0
2000-02-01,CES0600000007_perc_diff_lag_1,0.48899007,0
2000-03-01,CES0600000007_perc_diff_lag_1,-0.4866106,0
2000-04-01,CES0600000007_perc_diff_lag_1,0.48899007,0
2000-05-01,CES0600000007_perc_diff_lag_1,-0.9732305,0
2000-06-01,CES0600000007_perc_diff_lag_1,0.0,0
2000-07-01,CES0600000007_perc_diff_lag_1,0.49140236,0
2000-08-01,CES0600000007_perc_diff_lag_1,-0.73350376,0
2000-09-01,CES0600000007_perc_diff_lag_1,0.0,0
2000-10-01,CES0600000007_perc_diff_lag_1,0.49261275,0
2000-11-01,CES0600000007_perc_diff_lag_1,-0.73529226,0
2000-12-01,CES0600000007_perc_diff_lag_1,-1.4814777,0
2001-01-01,CES0600000007_perc_diff_lag_1,0.7518778,0
2001-02-01,CES0600000007_perc_diff_lag_1,-0.49751434,0
2001-03-01,CES0600000007_perc_diff_lag_1,0.24999619,0
2001-04-01,CES0600000007_perc_diff_lag_1,-0.24937277,0
2001-05-01,CES0600000007_perc_diff_lag_1,0.0,0
2001-06-01,CES0600000007_perc_diff_lag_1,0.0,0
2001-07-01,CES0600000007_perc_diff_lag_1,0.5000019,0
2001-08-01,CES0600000007_perc_diff_lag_1,-0.9950287,0
2001-09-01,CES0600000007_perc_diff_lag_1,-0.25125244,0
2001-10-01,CES0600000007_perc_diff_lag_1,-0.25189492,0
2001-11-01,CES0600000007_perc_diff_lag_1,0.50505245,0
2001-12-01,CES0600000007_perc_diff_lag_1,0.25126204,0
2002-01-01,CES0600000007_perc_diff_lag_1,-0.2506323,0
2002-02-01,CES0600000007_perc_diff_lag_1,0.0,0
2002-03-01,CES0600000007_perc_diff_lag_1,0.25126204,0
2002-04-01,CES0600000007_perc_diff_lag_1,0.50124544,0
2002-05-01,CES0600000007_perc_diff_lag_1,-0.49874553,0
2002-06-01,CES0600000007_perc_diff_lag_1,0.50124544,0
2002-07-01,CES0600000007_perc_diff_lag_1,-0.7481278,0
2002-08-01,CES0600000007_perc_diff_lag_1,0.25126204,0
2002-09-01,CES0600000007_perc_diff_lag_1,0.0,0
2002-10-01,CES0600000007_perc_diff_lag_1,-0.2506323,0
2002-11-01,CES0600000007_perc_diff_lag_1,-0.25125244,0
2002-12-01,CES0600000007_perc_diff_lag_1,0.50378025,0
2003-01-01,CES0600000007_perc_diff_lag_1,-0.2506323,0
2003-02-01,CES0600000007_perc_diff_lag_1,-0.75376695,0
2003-03-01,CES0600000007_perc_diff_lag_1,1.012662,0
2003-04-01,CES0600000007_perc_diff_lag_1,-1.0025101,0
2003-05-01,CES0600000007_perc_diff_lag_1,0.75949174,0
2003-06-01,CES0600000007_perc_diff_lag_1,0.0,0
2003-07-01,CES0600000007_perc_diff_lag_1,-0.5025145,0
2003-08-01,CES0600000007_perc_diff_lag_1,0.50505245,0
2003-09-01,CES0600000007_perc_diff_lag_1,0.25126204,0
2003-10-01,CES0600000007_perc_diff_lag_1,0.0,0
2003-11-01,CES0600000007_perc_diff_lag_1,0.7518778,0
2003-12-01,CES0600000007_perc_diff_lag_1,-0.7462667,0
2004-01-01,CES0600000007_perc_diff_lag_1,0.50124544,0
2004-02-01,CES0600000007_perc_diff_lag_1,0.24938227,0
2004-03-01,CES0600000007_perc_diff_lag_1,0.0,0
2004-04-01,CES0600000007_perc_diff_lag_1,-0.9950287,0
2004-05-01,CES0600000007_perc_diff_lag_1,1.005029,0
2004-06-01,CES0600000007_perc_diff_lag_1,-0.7462667,0
2004-07-01,CES0600000007_perc_diff_lag_1,0.50124544,0
2004-08-01,CES0600000007_perc_diff_lag_1,0.0,0
2004-09-01,CES0600000007_perc_diff_lag_1,0.0,0
2004-10-01,CES0600000007_perc_diff_lag_1,-0.49874553,0
2004-11-01,CES0600000007_perc_diff_lag_1,0.0,0
2004-12-01,CES0600000007_perc_diff_lag_1,0.50124544,0
2005-01-01,CES0600000007_perc_diff_lag_1,-0.7481278,0
2005-02-01,CES0600000007_perc_diff_lag_1,0.25126204,0
2005-03-01,CES0600000007_perc_diff_lag_1,-0.2506323,0
2005-04-01,CES0600000007_perc_diff_lag_1,0.5025145,0
2005-05-01,CES0600000007_perc_diff_lag_1,-0.24999619,0
2005-06-01,CES0600000007_perc_diff_lag_1,0.0,0
2005-07-01,CES0600000007_perc_diff_lag_1,-0.2506323,0
2005-08-01,CES0600000007_perc_diff_lag_1,0.25126204,0
2005-09-01,CES0600000007_perc_diff_lag_1,0.50124544,0
2005-10-01,CES0600000007_perc_diff_lag_1,0.49875504,0
2005-11-01,CES0600000007_perc_diff_lag_1,0.4962798,0
2005-12-01,CES0600000007_perc_diff_lag_1,-0.74073887,0
2006-01-01,CES0600000007_perc_diff_lag_1,0.7462667,0
2006-02-01,CES0600000007_perc_diff_lag_1,-0.24690981,0
2006-03-01,CES0600000007_perc_diff_lag_1,0.0,0
2006-04-01,CES0600000007_perc_diff_lag_1,0.49504194,0
2006-05-01,CES0600000007_perc_diff_lag_1,-0.73891443,0
2006-06-01,CES0600000007_perc_diff_lag_1,0.744415,0
2006-07-01,CES0600000007_perc_diff_lag_1,0.0,0
2006-08-01,CES0600000007_perc_diff_lag_1,0.0,0
2006-09-01,CES0600000007_perc_diff_lag_1,-0.73891443,0
2006-10-01,CES0600000007_perc_diff_lag_1,0.744415,0
2006-11-01,CES0600000007_perc_diff_lag_1,-0.24630167,0
2006-12-01,CES0600000007_perc_diff_lag_1,0.74073887,0
2007-01-01,CES0600000007_perc_diff_lag_1,-0.98038656,0
2007-02-01,CES0600000007_perc_diff_lag_1,-0.49505138,0
2007-03-01,CES0600000007_perc_diff_lag_1,0.99501914,0
2007-04-01,CES0600000007_perc_diff_lag_1,0.0,0
2007-05-01,CES0600000007_perc_diff_lag_1,-0.24630167,0
2007-06-01,CES0600000007_perc_diff_lag_1,0.24690981,0
2007-07-01,CES0600000007_perc_diff_lag_1,0.0,0
2007-08-01,CES0600000007_perc_diff_lag_1,-0.24630167,0
2007-09-01,CES0600000007_perc_diff_lag_1,0.49382904,0
2007-10-01,CES0600000007_perc_diff_lag_1,-0.49140236,0
2007-11-01,CES0600000007_perc_diff_lag_1,0.49382904,0
2007-12-01,CES0600000007_perc_diff_lag_1,-0.49140236,0
2008-01-01,CES0600000007_perc_diff_lag_1,0.0,0
2008-02-01,CES0600000007_perc_diff_lag_1,-0.24690981,0
2008-03-01,CES0600000007_perc_diff_lag_1,0.49504194,0
2008-04-01,CES0600000007_perc_diff_lag_1,-0.49260333,0
2008-05-01,CES0600000007_perc_diff_lag_1,-0.49505138,0
2008-06-01,CES0600000007_perc_diff_lag_1,0.49751434,0
2008-07-01,CES0600000007_perc_diff_lag_1,-0.24753042,0
2008-08-01,CES0600000007_perc_diff_lag_1,0.0,0
2008-09-01,CES0600000007_perc_diff_lag_1,-0.9925502,0
2008-10-01,CES0600000007_perc_diff_lag_1,0.25062272,0
2008-11-01,CES0600000007_perc_diff_lag_1,-1.0000038,0
2008-12-01,CES0600000007_perc_diff_lag_1,-0.75757384,0
2009-01-01,CES0600000007_perc_diff_lag_1,-0.25444904,0
2009-02-01,CES0600000007_perc_diff_lag_1,0.25509813,0
2009-03-01,CES0600000007_perc_diff_lag_1,-1.0178059,0
2009-04-01,CES0600000007_perc_diff_lag_1,0.0,0
2009-05-01,CES0600000007_perc_diff_lag_1,0.0,0
2009-06-01,CES0600000007_perc_diff_lag_1,0.25706547,0
2009-07-01,CES0600000007_perc_diff_lag_1,0.7692288,0
2009-08-01,CES0600000007_perc_diff_lag_1,0.25445876,0
2009-09-01,CES0600000007_perc_diff_lag_1,-0.5076161,0
2009-10-01,CES0600000007_perc_diff_lag_1,0.0,0
2009-11-01,CES0600000007_perc_diff_lag_1,1.2755102,0
2009-12-01,CES0600000007_perc_diff_lag_1,-0.25189492,0
2010-01-01,CES0600000007_perc_diff_lag_1,1.0101049,0
2010-02-01,CES0600000007_perc_diff_lag_1,-1.0000038,0
2010-03-01,CES0600000007_perc_diff_lag_1,1.0101049,0
2010-04-01,CES0600000007_perc_diff_lag_1,1.4999962,0
2010-05-01,CES0600000007_perc_diff_lag_1,-0.24630167,0
2010-06-01,CES0600000007_perc_diff_lag_1,-0.49382904,0
2010-07-01,CES0600000007_perc_diff_lag_1,0.0,0
2010-08-01,CES0600000007_perc_diff_lag_1,0.4962798,0
2010-09-01,CES0600000007_perc_diff_lag_1,0.24690981,0
2010-10-01,CES0600000007_perc_diff_lag_1,0.0,0
2010-11-01,CES0600000007_perc_diff_lag_1,0.0,0
2010-12-01,CES0600000007_perc_diff_lag_1,0.0,0
2011-01-01,CES0600000007_perc_diff_lag_1,-1.2315271,0
2011-02-01,CES0600000007_perc_diff_lag_1,1.9950202,0
2011-03-01,CES0600000007_perc_diff_lag_1,-0.4889994,0
2011-04-01,CES0600000007_perc_diff_lag_1,0.49140236,0
2011-05-01,CES0600000007_perc_diff_lag_1,0.24449503,0
2011-06-01,CES0600000007_perc_diff_lag_1,-0.24389872,0
2011-07-01,CES0600000007_perc_diff_lag_1,0.0,0
2011-08-01,CES0600000007_perc_diff_lag_1,-0.24450436,0
2011-09-01,CES0600000007_perc_diff_lag_1,0.24510366,0
2011-10-01,CES0600000007_perc_diff_lag_1,0.24449503,0
2011-11-01,CES0600000007_perc_diff_lag_1,0.0,0
2011-12-01,CES0600000007_perc_diff_lag_1,0.24389872,0
2012-01-01,CES0600000007_perc_diff_lag_1,0.24331458,0
2012-02-01,CES0600000007_perc_diff_lag_1,0.0,0
2012-03-01,CES0600000007_perc_diff_lag_1,-0.242724,0
2012-04-01,CES0600000007_perc_diff_lag_1,0.24331458,0
2012-05-01,CES0600000007_perc_diff_lag_1,-0.242724,0
2012-06-01,CES0600000007_perc_diff_lag_1,0.0,0
2012-07-01,CES0600000007_perc_diff_lag_1,0.0,0
2012-08-01,CES0600000007_perc_diff_lag_1,-0.4866106,0
2012-09-01,CES0600000007_perc_diff_lag_1,0.24449503,0
2012-10-01,CES0600000007_perc_diff_lag_1,0.0,0
2012-11-01,CES0600000007_perc_diff_lag_1,0.0,0
2012-12-01,CES0600000007_perc_diff_lag_1,0.48780674,0
2013-01-01,CES0600000007_perc_diff_lag_1,-0.242724,0
2013-02-01,CES0600000007_perc_diff_lag_1,0.4866199,0
2013-03-01,CES0600000007_perc_diff_lag_1,0.2421363,0
2013-04-01,CES0600000007_perc_diff_lag_1,-0.24155141,0
2013-05-01,CES0600000007_perc_diff_lag_1,0.0,0
2013-06-01,CES0600000007_perc_diff_lag_1,-0.24212706,0
2013-07-01,CES0600000007_perc_diff_lag_1,0.0,0
2013-08-01,CES0600000007_perc_diff_lag_1,0.24271473,0
2013-09-01,CES0600000007_perc_diff_lag_1,0.0,0
2013-10-01,CES0600000007_perc_diff_lag_1,-0.24212706,0
2013-11-01,CES0600000007_perc_diff_lag_1,0.48543873,0
2013-12-01,CES0600000007_perc_diff_lag_1,-0.724645,0
2014-01-01,CES0600000007_perc_diff_lag_1,-0.2433053,0
2014-02-01,CES0600000007_perc_diff_lag_1,-0.48780674,0
2014-03-01,CES0600000007_perc_diff_lag_1,1.7156882,0
2014-04-01,CES0600000007_perc_diff_lag_1,-0.48192954,0
2014-05-01,CES0600000007_perc_diff_lag_1,0.2421363,0
2014-06-01,CES0600000007_perc_diff_lag_1,0.2415422,0
2014-07-01,CES0600000007_perc_diff_lag_1,0.0,0
2014-08-01,CES0600000007_perc_diff_lag_1,0.0,0
2014-09-01,CES0600000007_perc_diff_lag_1,0.24096018,0
2014-10-01,CES0600000007_perc_diff_lag_1,0.0,0
2014-11-01,CES0600000007_perc_diff_lag_1,0.0,0
2014-12-01,CES0600000007_perc_diff_lag_1,0.0,0
2015-01-01,CES0600000007_perc_diff_lag_1,-0.24038096,0
2015-02-01,CES0600000007_perc_diff_lag_1,-0.24096018,0
2015-03-01,CES0600000007_perc_diff_lag_1,-0.48309362,0
2015-04-01,CES0600000007_perc_diff_lag_1,0.0,0
2015-05-01,CES0600000007_perc_diff_lag_1,-0.242724,0
2015-06-01,CES0600000007_perc_diff_lag_1,0.24331458,0
2015-07-01,CES0600000007_perc_diff_lag_1,0.0,0
2015-08-01,CES0600000007_perc_diff_lag_1,0.24271473,0
2015-09-01,CES0600000007_perc_diff_lag_1,-0.24212706,0
2015-10-01,CES0600000007_perc_diff_lag_1,0.24271473,0
2015-11-01,CES0600000007_perc_diff_lag_1,-0.24212706,0
2015-12-01,CES0600000007_perc_diff_lag_1,0.24271473,0
2016-01-01,CES0600000007_perc_diff_lag_1,0.2421363,0
2016-02-01,CES0600000007_perc_diff_lag_1,-0.724645,0
2016-03-01,CES0600000007_perc_diff_lag_1,-0.2433053,0
2016-04-01,CES0600000007_perc_diff_lag_1,0.24389872,0
2016-05-01,CES0600000007_perc_diff_lag_1,0.0,0
2016-06-01,CES0600000007_perc_diff_lag_1,0.24331458,0
2016-07-01,CES0600000007_perc_diff_lag_1,0.24271473,0
2016-08-01,CES0600000007_perc_diff_lag_1,-0.48426336,0
2016-09-01,CES0600000007_perc_diff_lag_1,0.24331458,0
2016-10-01,CES0600000007_perc_diff_lag_1,0.24271473,0
2016-11-01,CES0600000007_perc_diff_lag_1,0.0,0
2016-12-01,CES0600000007_perc_diff_lag_1,-0.24212706,0
2017-01-01,CES0600000007_perc_diff_lag_1,-0.242724,0
2017-02-01,CES0600000007_perc_diff_lag_1,0.24331458,0
2017-03-01,CES0600000007_perc_diff_lag_1,-0.48543873,0
2017-04-01,CES0600000007_perc_diff_lag_1,0.7317054,0
2017-05-01,CES0600000007_perc_diff_lag_1,0.0,0
2017-06-01,CES0600000007_perc_diff_lag_1,0.0,0
2017-07-01,CES0600000007_perc_diff_lag_1,-0.24212706,0
2017-08-01,CES0600000007_perc_diff_lag_1,0.24271473,0
2017-09-01,CES0600000007_perc_diff_lag_1,-0.48426336,0
2017-10-01,CES0600000007_perc_diff_lag_1,0.4866199,0
2017-11-01,CES0600000007_perc_diff_lag_1,0.48426336,0
2017-12-01,CES0600000007_perc_diff_lag_1,-0.7228897,0
2018-01-01,CES0600000007_perc_diff_lag_1,-0.242724,0
2018-02-01,CES0600000007_perc_diff_lag_1,1.2165451,0
2018-03-01,CES0600000007_perc_diff_lag_1,-0.24038096,0
2018-04-01,CES0600000007_perc_diff_lag_1,0.24096018,0
2018-05-01,CES0600000007_perc_diff_lag_1,0.0,0
2018-06-01,CES0600000007_perc_diff_lag_1,0.0,0
2018-07-01,CES0600000007_perc_diff_lag_1,0.0,0
2018-08-01,CES0600000007_perc_diff_lag_1,-0.48076192,0
2018-09-01,CES0600000007_perc_diff_lag_1,-0.48309362,0
2018-10-01,CES0600000007_perc_diff_lag_1,0.24271473,0
2018-11-01,CES0600000007_perc_diff_lag_1,-0.24212706,0
2018-12-01,CES0600000007_perc_diff_lag_1,0.48543873,0
2019-01-01,CES0600000007_perc_diff_lag_1,0.2415422,0
2019-02-01,CES0600000007_perc_diff_lag_1,-1.4457794,0
2019-03-01,CES0600000007_perc_diff_lag_1,0.73349446,0
2019-04-01,CES0600000007_perc_diff_lag_1,-0.48543873,0
2019-05-01,CES0600000007_perc_diff_lag_1,0.0,0
2019-06-01,CES0600000007_perc_diff_lag_1,0.48780674,0
2019-07-01,CES0600000007_perc_diff_lag_1,-0.48543873,0
2019-08-01,CES0600000007_perc_diff_lag_1,0.24389872,0
2019-09-01,CES0600000007_perc_diff_lag_1,0.0,0
2019-10-01,CES0600000007_perc_diff_lag_1,0.0,0
2019-11-01,CES0600000007_perc_diff_lag_1,-0.4866106,0
2019-12-01,CES0600000007_perc_diff_lag_1,-0.4889994,0
2020-01-01,CES0600000007_perc_diff_lag_1,0.24569649,0
2020-02-01,CES0600000007_perc_diff_lag_1,0.0,0
2020-03-01,CES0600000007_perc_diff_lag_1,-0.2450943,0
2020-04-01,CES0600000007_perc_diff_lag_1,-5.405407,0
2020-05-01,CES0600000007_perc_diff_lag_1,2.5974026,0
2020-06-01,CES0600000007_perc_diff_lag_1,1.012662,0
2020-07-01,CES0600000007_perc_diff_lag_1,1.0025005,0
2020-08-01,CES0600000007_perc_diff_lag_1,0.744415,0
2020-09-01,CES0600000007_perc_diff_lag_1,0.0,0
2020-10-01,CES0600000007_perc_diff_lag_1,0.24631107,0
2020-11-01,CES0600000007_perc_diff_lag_1,0.0,0
2020-12-01,CES0600000007_perc_diff_lag_1,0.24569649,0
2021-01-01,CES0600000007_perc_diff_lag_1,0.73529226,0
2021-02-01,CES0600000007_perc_diff_lag_1,-1.7031556,0
2021-03-01,CES0600000007_perc_diff_lag_1,1.7326657,0
2021-04-01,CES0600000007_perc_diff_lag_1,-0.2433053,0
2021-05-01,CES0600000007_perc_diff_lag_1,-0.24389872,0
2021-06-01,CES0600000007_perc_diff_lag_1,-0.24450436,0
2021-07-01,CES0600000007_perc_diff_lag_1,0.24510366,0
2021-08-01,CES0600000007_perc_diff_lag_1,-0.24450436,0
2021-09-01,CES0600000007_perc_diff_lag_1,1.4705939,0
2021-10-01,CES0600000007_perc_diff_lag_1,-1.6908231,0
2021-11-01,CES0600000007_perc_diff_lag_1,0.7370989,0
2021-12-01,CES0600000007_perc_diff_lag_1,0.0,0
2022-01-01,CES0600000007_perc_diff_lag_1,-0.9756135,0
2022-02-01,CES0600000007_perc_diff_lag_1,1.4778382,0
2022-03-01,CES0600000007_perc_diff_lag_1,-0.97087747,0
2022-04-01,CES0600000007_perc_diff_lag_1,0.0,0
2022-05-01,CES0600000007_perc_diff_lag_1,0.0,0
2022-06-01,CES0600000007_perc_diff_lag_1,-0.49019796,0
2022-07-01,CES0600000007_perc_diff_lag_1,0.24631107,0
2022-08-01,CES0600000007_perc_diff_lag_1,-0.24570586,0
2022-09-01,CES0600000007_perc_diff_lag_1,0.24631107,0
2022-10-01,CES0600000007_perc_diff_lag_1,0.24569649,0
2022-11-01,CES0600000007_perc_diff_lag_1,-0.98038656,0
2022-12-01,CES0600000007_perc_diff_lag_1,-0.24753042,0
2023-01-01,CES0600000007_perc_diff_lag_1,0.9925596,0
2000-01-01,EPUGOVTSPEND_diff_lag_1,19.208448,0
2000-02-01,EPUGOVTSPEND_diff_lag_1,20.976215,0
2000-03-01,EPUGOVTSPEND_diff_lag_1,-48.038128,0
2000-04-01,EPUGOVTSPEND_diff_lag_1,8.610762,0
2000-05-01,EPUGOVTSPEND_diff_lag_1,0.23830605,0
2000-06-01,EPUGOVTSPEND_diff_lag_1,2.229576,0
2000-07-01,EPUGOVTSPEND_diff_lag_1,-9.901368,0
2000-08-01,EPUGOVTSPEND_diff_lag_1,9.827775,0
2000-09-01,EPUGOVTSPEND_diff_lag_1,12.703587,0
2000-10-01,EPUGOVTSPEND_diff_lag_1,13.914761,0
2000-11-01,EPUGOVTSPEND_diff_lag_1,7.7725296,0
2000-12-01,EPUGOVTSPEND_diff_lag_1,36.804565,0
2001-01-01,EPUGOVTSPEND_diff_lag_1,-24.243797,0
2001-02-01,EPUGOVTSPEND_diff_lag_1,90.73831,0
2001-03-01,EPUGOVTSPEND_diff_lag_1,-11.5529785,0
2001-04-01,EPUGOVTSPEND_diff_lag_1,-101.84561,0
2001-05-01,EPUGOVTSPEND_diff_lag_1,-0.30317688,0
2001-06-01,EPUGOVTSPEND_diff_lag_1,-24.192507,0
2001-07-01,EPUGOVTSPEND_diff_lag_1,46.499977,0
2001-08-01,EPUGOVTSPEND_diff_lag_1,-14.7067795,0
2001-09-01,EPUGOVTSPEND_diff_lag_1,138.73016,0
2001-10-01,EPUGOVTSPEND_diff_lag_1,107.17836,0
2001-11-01,EPUGOVTSPEND_diff_lag_1,-152.06183,0
2001-12-01,EPUGOVTSPEND_diff_lag_1,-68.84743,0
2002-01-01,EPUGOVTSPEND_diff_lag_1,73.8006,0
2002-02-01,EPUGOVTSPEND_diff_lag_1,-67.51534,0
2002-03-01,EPUGOVTSPEND_diff_lag_1,-19.3348,0
2002-04-01,EPUGOVTSPEND_diff_lag_1,-12.281799,0
2002-05-01,EPUGOVTSPEND_diff_lag_1,11.501389,0
2002-06-01,EPUGOVTSPEND_diff_lag_1,4.410042,0
2002-07-01,EPUGOVTSPEND_diff_lag_1,34.6802,0
2002-08-01,EPUGOVTSPEND_diff_lag_1,-58.521286,0
2002-09-01,EPUGOVTSPEND_diff_lag_1,46.54992,0
2002-10-01,EPUGOVTSPEND_diff_lag_1,-8.011963,0
2002-11-01,EPUGOVTSPEND_diff_lag_1,35.429153,0
2002-12-01,EPUGOVTSPEND_diff_lag_1,18.33979,0
2003-01-01,EPUGOVTSPEND_diff_lag_1,132.07115,0
2003-02-01,EPUGOVTSPEND_diff_lag_1,5.8864746,0
2003-03-01,EPUGOVTSPEND_diff_lag_1,-81.92023,0
2003-04-01,EPUGOVTSPEND_diff_lag_1,-82.85204,0
2003-05-01,EPUGOVTSPEND_diff_lag_1,17.167564,0
2003-06-01,EPUGOVTSPEND_diff_lag_1,-40.023544,0
2003-07-01,EPUGOVTSPEND_diff_lag_1,4.8283157,0
2003-08-01,EPUGOVTSPEND_diff_lag_1,25.813911,0
2003-09-01,EPUGOVTSPEND_diff_lag_1,-15.888901,0
2003-10-01,EPUGOVTSPEND_diff_lag_1,-33.247047,0
2003-11-01,EPUGOVTSPEND_diff_lag_1,-25.233578,0
2003-12-01,EPUGOVTSPEND_diff_lag_1,33.011463,0
2004-01-01,EPUGOVTSPEND_diff_lag_1,24.7995,0
2004-02-01,EPUGOVTSPEND_diff_lag_1,-5.7747955,0
2004-03-01,EPUGOVTSPEND_diff_lag_1,-41.513912,0
2004-04-01,EPUGOVTSPEND_diff_lag_1,-27.51097,0
2004-05-01,EPUGOVTSPEND_diff_lag_1,9.843294,0
2004-06-01,EPUGOVTSPEND_diff_lag_1,3.263523,0
2004-07-01,EPUGOVTSPEND_diff_lag_1,-21.062521,0
2004-08-01,EPUGOVTSPEND_diff_lag_1,7.3463955,0
2004-09-01,EPUGOVTSPEND_diff_lag_1,17.205952,0
2004-10-01,EPUGOVTSPEND_diff_lag_1,45.39263,0
2004-11-01,EPUGOVTSPEND_diff_lag_1,-34.913055,0
2004-12-01,EPUGOVTSPEND_diff_lag_1,-30.143703,0
2005-01-01,EPUGOVTSPEND_diff_lag_1,21.77898,0
2005-02-01,EPUGOVTSPEND_diff_lag_1,-5.0577164,0
2005-03-01,EPUGOVTSPEND_diff_lag_1,-6.8423386,0
2005-04-01,EPUGOVTSPEND_diff_lag_1,-5.9132957,0
2005-05-01,EPUGOVTSPEND_diff_lag_1,-3.064375,0
2005-06-01,EPUGOVTSPEND_diff_lag_1,-0.62820435,0
2005-07-01,EPUGOVTSPEND_diff_lag_1,-10.637411,0
2005-08-01,EPUGOVTSPEND_diff_lag_1,39.754898,0
2005-09-01,EPUGOVTSPEND_diff_lag_1,-22.230844,0
2005-10-01,EPUGOVTSPEND_diff_lag_1,-4.2832165,0
2005-11-01,EPUGOVTSPEND_diff_lag_1,17.371128,0
2005-12-01,EPUGOVTSPEND_diff_lag_1,-17.581118,0
2006-01-01,EPUGOVTSPEND_diff_lag_1,5.240549,0
2006-02-01,EPUGOVTSPEND_diff_lag_1,-7.958912,0
2006-03-01,EPUGOVTSPEND_diff_lag_1,7.431839,0
2006-04-01,EPUGOVTSPEND_diff_lag_1,-13.053011,0
2006-05-01,EPUGOVTSPEND_diff_lag_1,6.672266,0
2006-06-01,EPUGOVTSPEND_diff_lag_1,-5.799589,0
2006-07-01,EPUGOVTSPEND_diff_lag_1,-6.072278,0
2006-08-01,EPUGOVTSPEND_diff_lag_1,-3.6474752,0
2006-09-01,EPUGOVTSPEND_diff_lag_1,-4.349571,0
2006-10-01,EPUGOVTSPEND_diff_lag_1,20.355097,0
2006-11-01,EPUGOVTSPEND_diff_lag_1,-2.478117,0
2006-12-01,EPUGOVTSPEND_diff_lag_1,-6.068161,0
2007-01-01,EPUGOVTSPEND_diff_lag_1,22.718584,0
2007-02-01,EPUGOVTSPEND_diff_lag_1,-24.75673,0
2007-03-01,EPUGOVTSPEND_diff_lag_1,-3.995592,0
2007-04-01,EPUGOVTSPEND_diff_lag_1,11.519504,0
2007-05-01,EPUGOVTSPEND_diff_lag_1,5.333727,0
2007-06-01,EPUGOVTSPEND_diff_lag_1,-3.6235886,0
2007-07-01,EPUGOVTSPEND_diff_lag_1,-9.00554,0
2007-08-01,EPUGOVTSPEND_diff_lag_1,13.0725565,0
2007-09-01,EPUGOVTSPEND_diff_lag_1,-9.919676,0
2007-10-01,EPUGOVTSPEND_diff_lag_1,3.6383858,0
2007-11-01,EPUGOVTSPEND_diff_lag_1,-7.2459984,0
2007-12-01,EPUGOVTSPEND_diff_lag_1,25.922127,0
2008-01-01,EPUGOVTSPEND_diff_lag_1,66.479256,0
2008-02-01,EPUGOVTSPEND_diff_lag_1,-48.436203,0
2008-03-01,EPUGOVTSPEND_diff_lag_1,-19.92778,0
2008-04-01,EPUGOVTSPEND_diff_lag_1,5.3068314,0
2008-05-01,EPUGOVTSPEND_diff_lag_1,20.176147,0
2008-06-01,EPUGOVTSPEND_diff_lag_1,-37.337852,0
2008-07-01,EPUGOVTSPEND_diff_lag_1,26.46299,0
2008-08-01,EPUGOVTSPEND_diff_lag_1,9.575726,0
2008-09-01,EPUGOVTSPEND_diff_lag_1,17.32333,0
2008-10-01,EPUGOVTSPEND_diff_lag_1,90.108116,0
2008-11-01,EPUGOVTSPEND_diff_lag_1,-40.520615,0
2008-12-01,EPUGOVTSPEND_diff_lag_1,-47.085762,0
2009-01-01,EPUGOVTSPEND_diff_lag_1,102.2602,0
2009-02-01,EPUGOVTSPEND_diff_lag_1,99.537994,0
2009-03-01,EPUGOVTSPEND_diff_lag_1,-145.07727,0
2009-04-01,EPUGOVTSPEND_diff_lag_1,-60.529686,0
2009-05-01,EPUGOVTSPEND_diff_lag_1,8.916458,0
2009-06-01,EPUGOVTSPEND_diff_lag_1,-3.5419617,0
2009-07-01,EPUGOVTSPEND_diff_lag_1,15.942795,0
2009-08-01,EPUGOVTSPEND_diff_lag_1,-46.765408,0
2009-09-01,EPUGOVTSPEND_diff_lag_1,4.0121727,0
2009-10-01,EPUGOVTSPEND_diff_lag_1,13.366211,0
2009-11-01,EPUGOVTSPEND_diff_lag_1,1.8883286,0
2009-12-01,EPUGOVTSPEND_diff_lag_1,12.350838,0
2010-01-01,EPUGOVTSPEND_diff_lag_1,95.32998,0
2010-02-01,EPUGOVTSPEND_diff_lag_1,-53.553024,0
2010-03-01,EPUGOVTSPEND_diff_lag_1,-41.364204,0
2010-04-01,EPUGOVTSPEND_diff_lag_1,-11.130249,0
2010-05-01,EPUGOVTSPEND_diff_lag_1,33.391228,0
2010-06-01,EPUGOVTSPEND_diff_lag_1,16.914047,0
2010-07-01,EPUGOVTSPEND_diff_lag_1,63.186462,0
2010-08-01,EPUGOVTSPEND_diff_lag_1,-9.749451,0
2010-09-01,EPUGOVTSPEND_diff_lag_1,45.442825,0
2010-10-01,EPUGOVTSPEND_diff_lag_1,155.34052,0
2010-11-01,EPUGOVTSPEND_diff_lag_1,-158.28517,0
2010-12-01,EPUGOVTSPEND_diff_lag_1,-54.539658,0
2011-01-01,EPUGOVTSPEND_diff_lag_1,-15.19841,0
2011-02-01,EPUGOVTSPEND_diff_lag_1,-45.862022,0
2011-03-01,EPUGOVTSPEND_diff_lag_1,45.428032,0
2011-04-01,EPUGOVTSPEND_diff_lag_1,35.31543,0
2011-05-01,EPUGOVTSPEND_diff_lag_1,-57.827362,0
2011-06-01,EPUGOVTSPEND_diff_lag_1,35.407333,0
2011-07-01,EPUGOVTSPEND_diff_lag_1,399.74487,0
2011-08-01,EPUGOVTSPEND_diff_lag_1,71.55194,0
2011-09-01,EPUGOVTSPEND_diff_lag_1,-259.44278,0
2011-10-01,EPUGOVTSPEND_diff_lag_1,-257.28232,0
2011-11-01,EPUGOVTSPEND_diff_lag_1,52.85669,0
2011-12-01,EPUGOVTSPEND_diff_lag_1,2.1514282,0
2012-01-01,EPUGOVTSPEND_diff_lag_1,4.750595,0
2012-02-01,EPUGOVTSPEND_diff_lag_1,-74.823975,0
2012-03-01,EPUGOVTSPEND_diff_lag_1,-19.46405,0
2012-04-01,EPUGOVTSPEND_diff_lag_1,0.5923767,0
2012-05-01,EPUGOVTSPEND_diff_lag_1,87.07504,0
2012-06-01,EPUGOVTSPEND_diff_lag_1,45.00276,0
2012-07-01,EPUGOVTSPEND_diff_lag_1,8.545761,0
2012-08-01,EPUGOVTSPEND_diff_lag_1,-28.241104,0
2012-09-01,EPUGOVTSPEND_diff_lag_1,26.22586,0
2012-10-01,EPUGOVTSPEND_diff_lag_1,95.335144,0
2012-11-01,EPUGOVTSPEND_diff_lag_1,137.1377,0
2012-12-01,EPUGOVTSPEND_diff_lag_1,-29.469635,0
2013-01-01,EPUGOVTSPEND_diff_lag_1,93.6503,0
2013-02-01,EPUGOVTSPEND_diff_lag_1,-174.61697,0
2013-03-01,EPUGOVTSPEND_diff_lag_1,-84.18222,0
2013-04-01,EPUGOVTSPEND_diff_lag_1,-188.41986,0
2013-05-01,EPUGOVTSPEND_diff_lag_1,-19.223026,0
2013-06-01,EPUGOVTSPEND_diff_lag_1,3.6791,0
2013-07-01,EPUGOVTSPEND_diff_lag_1,14.240612,0
2013-08-01,EPUGOVTSPEND_diff_lag_1,20.15281,0
2013-09-01,EPUGOVTSPEND_diff_lag_1,93.100464,0
2013-10-01,EPUGOVTSPEND_diff_lag_1,397.8053,0
2013-11-01,EPUGOVTSPEND_diff_lag_1,-500.7455,0
2013-12-01,EPUGOVTSPEND_diff_lag_1,32.739647,0
2014-01-01,EPUGOVTSPEND_diff_lag_1,-24.710655,0
2014-02-01,EPUGOVTSPEND_diff_lag_1,-7.327812,0
2014-03-01,EPUGOVTSPEND_diff_lag_1,-36.095478,0
2014-04-01,EPUGOVTSPEND_diff_lag_1,-7.183937,0
2014-05-01,EPUGOVTSPEND_diff_lag_1,12.011021,0
2014-06-01,EPUGOVTSPEND_diff_lag_1,-23.054611,0
2014-07-01,EPUGOVTSPEND_diff_lag_1,11.190495,0
2014-08-01,EPUGOVTSPEND_diff_lag_1,-18.674627,0
2014-09-01,EPUGOVTSPEND_diff_lag_1,11.3670025,0
2014-10-01,EPUGOVTSPEND_diff_lag_1,-0.40938568,0
2014-11-01,EPUGOVTSPEND_diff_lag_1,29.039505,0
2014-12-01,EPUGOVTSPEND_diff_lag_1,-13.127342,0
2015-01-01,EPUGOVTSPEND_diff_lag_1,2.5681343,0
2015-02-01,EPUGOVTSPEND_diff_lag_1,-22.314253,0
2015-03-01,EPUGOVTSPEND_diff_lag_1,32.998955,0
2015-04-01,EPUGOVTSPEND_diff_lag_1,-40.3602,0
2015-05-01,EPUGOVTSPEND_diff_lag_1,5.5806503,0
2015-06-01,EPUGOVTSPEND_diff_lag_1,29.810373,0
2015-07-01,EPUGOVTSPEND_diff_lag_1,13.656612,0
2015-08-01,EPUGOVTSPEND_diff_lag_1,-36.87621,0
2015-09-01,EPUGOVTSPEND_diff_lag_1,-4.1273937,0
2015-10-01,EPUGOVTSPEND_diff_lag_1,18.966562,0
2015-11-01,EPUGOVTSPEND_diff_lag_1,-26.396336,0
2015-12-01,EPUGOVTSPEND_diff_lag_1,15.069778,0
2016-01-01,EPUGOVTSPEND_diff_lag_1,11.372906,0
2016-02-01,EPUGOVTSPEND_diff_lag_1,8.218914,0
2016-03-01,EPUGOVTSPEND_diff_lag_1,-14.2619095,0
2016-04-01,EPUGOVTSPEND_diff_lag_1,-13.281523,0
2016-05-01,EPUGOVTSPEND_diff_lag_1,10.221624,0
2016-06-01,EPUGOVTSPEND_diff_lag_1,14.474655,0
2016-07-01,EPUGOVTSPEND_diff_lag_1,-7.1700783,0
2016-08-01,EPUGOVTSPEND_diff_lag_1,-19.607378,0
2016-09-01,EPUGOVTSPEND_diff_lag_1,0.4275036,0
2016-10-01,EPUGOVTSPEND_diff_lag_1,17.679943,0
2016-11-01,EPUGOVTSPEND_diff_lag_1,72.56067,0
2016-12-01,EPUGOVTSPEND_diff_lag_1,1.8435669,0
2017-01-01,EPUGOVTSPEND_diff_lag_1,-1.8559647,0
2017-02-01,EPUGOVTSPEND_diff_lag_1,-36.96566,0
2017-03-01,EPUGOVTSPEND_diff_lag_1,3.407547,0
2017-04-01,EPUGOVTSPEND_diff_lag_1,-7.7958527,0
2017-05-01,EPUGOVTSPEND_diff_lag_1,4.7315063,0
2017-06-01,EPUGOVTSPEND_diff_lag_1,-20.631042,0
2017-07-01,EPUGOVTSPEND_diff_lag_1,9.643166,0
2017-08-01,EPUGOVTSPEND_diff_lag_1,-6.9583244,0
2017-09-01,EPUGOVTSPEND_diff_lag_1,-5.334923,0
2017-10-01,EPUGOVTSPEND_diff_lag_1,-20.267117,0
2017-11-01,EPUGOVTSPEND_diff_lag_1,101.175705,0
2017-12-01,EPUGOVTSPEND_diff_lag_1,-59.20862,0
2018-01-01,EPUGOVTSPEND_diff_lag_1,-21.982563,0
2018-02-01,EPUGOVTSPEND_diff_lag_1,12.144299,0
2018-03-01,EPUGOVTSPEND_diff_lag_1,-33.606567,0
2018-04-01,EPUGOVTSPEND_diff_lag_1,-0.8355408,0
2018-05-01,EPUGOVTSPEND_diff_lag_1,-11.994665,0
2018-06-01,EPUGOVTSPEND_diff_lag_1,24.365725,0
2018-07-01,EPUGOVTSPEND_diff_lag_1,10.350857,0
2018-08-01,EPUGOVTSPEND_diff_lag_1,0.17589569,0
2018-09-01,EPUGOVTSPEND_diff_lag_1,-24.284428,0
2018-10-01,EPUGOVTSPEND_diff_lag_1,37.835506,0
2018-11-01,EPUGOVTSPEND_diff_lag_1,-16.092346,0
2018-12-01,EPUGOVTSPEND_diff_lag_1,0.55150986,0
2019-01-01,EPUGOVTSPEND_diff_lag_1,40.806576,0
2019-02-01,EPUGOVTSPEND_diff_lag_1,-51.596478,0
2019-03-01,EPUGOVTSPEND_diff_lag_1,37.322483,0
2019-04-01,EPUGOVTSPEND_diff_lag_1,-55.466087,0
2019-05-01,EPUGOVTSPEND_diff_lag_1,-3.973812,0
2019-06-01,EPUGOVTSPEND_diff_lag_1,41.887585,0
2019-07-01,EPUGOVTSPEND_diff_lag_1,-21.901997,0
2019-08-01,EPUGOVTSPEND_diff_lag_1,22.666195,0
2019-09-01,EPUGOVTSPEND_diff_lag_1,-18.374866,0
2019-10-01,EPUGOVTSPEND_diff_lag_1,-15.726097,0
2019-11-01,EPUGOVTSPEND_diff_lag_1,12.133682,0
2019-12-01,EPUGOVTSPEND_diff_lag_1,18.537323,0
2020-01-01,EPUGOVTSPEND_diff_lag_1,-24.492176,0
2020-02-01,EPUGOVTSPEND_diff_lag_1,13.923771,0
2020-03-01,EPUGOVTSPEND_diff_lag_1,67.863556,0
2020-04-01,EPUGOVTSPEND_diff_lag_1,80.321594,0
2020-05-01,EPUGOVTSPEND_diff_lag_1,44.61,0
2020-06-01,EPUGOVTSPEND_diff_lag_1,-84.93149,0
2020-07-01,EPUGOVTSPEND_diff_lag_1,-13.266876,0
2020-08-01,EPUGOVTSPEND_diff_lag_1,-50.1529,0
2020-09-01,EPUGOVTSPEND_diff_lag_1,2.7349777,0
2020-10-01,EPUGOVTSPEND_diff_lag_1,21.933067,0
2020-11-01,EPUGOVTSPEND_diff_lag_1,27.897453,0
2020-12-01,EPUGOVTSPEND_diff_lag_1,8.320419,0
2021-01-01,EPUGOVTSPEND_diff_lag_1,-35.18215,0
2021-02-01,EPUGOVTSPEND_diff_lag_1,-28.441048,0
2021-03-01,EPUGOVTSPEND_diff_lag_1,8.380348,0
2021-04-01,EPUGOVTSPEND_diff_lag_1,-55.48265,0
2021-05-01,EPUGOVTSPEND_diff_lag_1,16.239948,0
2021-06-01,EPUGOVTSPEND_diff_lag_1,-29.280712,0
2021-07-01,EPUGOVTSPEND_diff_lag_1,24.291744,0
2021-08-01,EPUGOVTSPEND_diff_lag_1,-25.012259,0
2021-09-01,EPUGOVTSPEND_diff_lag_1,65.19163,0
2021-10-01,EPUGOVTSPEND_diff_lag_1,-20.828506,0
2021-11-01,EPUGOVTSPEND_diff_lag_1,6.1252975,0
2021-12-01,EPUGOVTSPEND_diff_lag_1,0.06512451,0
2022-01-01,EPUGOVTSPEND_diff_lag_1,-26.42228,0
2022-02-01,EPUGOVTSPEND_diff_lag_1,-36.40052,0
2022-03-01,EPUGOVTSPEND_diff_lag_1,79.50208,0
2022-04-01,EPUGOVTSPEND_diff_lag_1,-14.063461,0
2022-05-01,EPUGOVTSPEND_diff_lag_1,-13.859711,0
2022-06-01,EPUGOVTSPEND_diff_lag_1,-17.576092,0
2022-07-01,EPUGOVTSPEND_diff_lag_1,1.70121,0
2022-08-01,EPUGOVTSPEND_diff_lag_1,-19.658459,0
2022-09-01,EPUGOVTSPEND_diff_lag_1,-7.65473,0
2022-10-01,EPUGOVTSPEND_diff_lag_1,36.790054,0
2022-11-01,EPUGOVTSPEND_diff_lag_1,7.2881546,0
2022-12-01,EPUGOVTSPEND_diff_lag_1,-30.476627,0
2023-01-01,EPUGOVTSPEND_diff_lag_1,100.30266,0
2000-01-01,H8B1011NSMCMG_diff_lag_2,19.3,0
2000-02-01,H8B1011NSMCMG_diff_lag_2,-7.1000004,0
2000-03-01,H8B1011NSMCMG_diff_lag_2,5.4,0
2000-04-01,H8B1011NSMCMG_diff_lag_2,-9.6,0
2000-05-01,H8B1011NSMCMG_diff_lag_2,12.099999,0
2000-06-01,H8B1011NSMCMG_diff_lag_2,33.199997,0
2000-07-01,H8B1011NSMCMG_diff_lag_2,7.0,0
2000-08-01,H8B1011NSMCMG_diff_lag_2,31.200005,0
2000-09-01,H8B1011NSMCMG_diff_lag_2,11.300001,0
2000-10-01,H8B1011NSMCMG_diff_lag_2,-28.600002,0
2000-11-01,H8B1011NSMCMG_diff_lag_2,-14.6,0
2000-12-01,H8B1011NSMCMG_diff_lag_2,10.399998,0
2001-01-01,H8B1011NSMCMG_diff_lag_2,-21.5,0
2001-02-01,H8B1011NSMCMG_diff_lag_2,-21.999998,0
2001-03-01,H8B1011NSMCMG_diff_lag_2,-28.2,0
2001-04-01,H8B1011NSMCMG_diff_lag_2,-30.900002,0
2001-05-01,H8B1011NSMCMG_diff_lag_2,28.2,0
2001-06-01,H8B1011NSMCMG_diff_lag_2,27.8,0
2001-07-01,H8B1011NSMCMG_diff_lag_2,3.1,0
2001-08-01,H8B1011NSMCMG_diff_lag_2,-36.1,0
2001-09-01,H8B1011NSMCMG_diff_lag_2,13.8,0
2001-10-01,H8B1011NSMCMG_diff_lag_2,21.900002,0
2001-11-01,H8B1011NSMCMG_diff_lag_2,-27.3,0
2001-12-01,H8B1011NSMCMG_diff_lag_2,9.499999,0
2002-01-01,H8B1011NSMCMG_diff_lag_2,2.1000004,0
2002-02-01,H8B1011NSMCMG_diff_lag_2,3.9000015,0
2002-03-01,H8B1011NSMCMG_diff_lag_2,2.1,0
2002-04-01,H8B1011NSMCMG_diff_lag_2,-37.0,0
2002-05-01,H8B1011NSMCMG_diff_lag_2,-7.2999997,0
2002-06-01,H8B1011NSMCMG_diff_lag_2,51.899998,0
2002-07-01,H8B1011NSMCMG_diff_lag_2,10.4,0
2002-08-01,H8B1011NSMCMG_diff_lag_2,-38.6,0
2002-09-01,H8B1011NSMCMG_diff_lag_2,6.1,0
2002-10-01,H8B1011NSMCMG_diff_lag_2,28.4,0
2002-11-01,H8B1011NSMCMG_diff_lag_2,-8.1,0
2002-12-01,H8B1011NSMCMG_diff_lag_2,-21.4,0
2003-01-01,H8B1011NSMCMG_diff_lag_2,4.0,0
2003-02-01,H8B1011NSMCMG_diff_lag_2,-4.0,0
2003-03-01,H8B1011NSMCMG_diff_lag_2,2.0,0
2003-04-01,H8B1011NSMCMG_diff_lag_2,3.9,0
2003-05-01,H8B1011NSMCMG_diff_lag_2,1.9000001,0
2003-06-01,H8B1011NSMCMG_diff_lag_2,23.6,0
2003-07-01,H8B1011NSMCMG_diff_lag_2,14.300001,0
2003-08-01,H8B1011NSMCMG_diff_lag_2,-21.9,0
2003-09-01,H8B1011NSMCMG_diff_lag_2,-6.000001,0
2003-10-01,H8B1011NSMCMG_diff_lag_2,3.6,0
2003-11-01,H8B1011NSMCMG_diff_lag_2,15.500001,0
2003-12-01,H8B1011NSMCMG_diff_lag_2,7.8,0
2004-01-01,H8B1011NSMCMG_diff_lag_2,-24.1,0
2004-02-01,H8B1011NSMCMG_diff_lag_2,-10.9,0
2004-03-01,H8B1011NSMCMG_diff_lag_2,3.4,0
2004-04-01,H8B1011NSMCMG_diff_lag_2,-8.0,0
2004-05-01,H8B1011NSMCMG_diff_lag_2,-14.9,0
2004-06-01,H8B1011NSMCMG_diff_lag_2,-2.6,0
2004-07-01,H8B1011NSMCMG_diff_lag_2,7.0,0
2004-08-01,H8B1011NSMCMG_diff_lag_2,22.1,0
2004-09-01,H8B1011NSMCMG_diff_lag_2,12.2,0
2004-10-01,H8B1011NSMCMG_diff_lag_2,24.6,0
2004-11-01,H8B1011NSMCMG_diff_lag_2,32.9,0
2004-12-01,H8B1011NSMCMG_diff_lag_2,-21.5,0
2005-01-01,H8B1011NSMCMG_diff_lag_2,-41.8,0
2005-02-01,H8B1011NSMCMG_diff_lag_2,-25.6,0
2005-03-01,H8B1011NSMCMG_diff_lag_2,1.5999999,0
2005-04-01,H8B1011NSMCMG_diff_lag_2,2.3000002,0
2005-05-01,H8B1011NSMCMG_diff_lag_2,12.6,0
2005-06-01,H8B1011NSMCMG_diff_lag_2,15.6,0
2005-07-01,H8B1011NSMCMG_diff_lag_2,8.0,0
2005-08-01,H8B1011NSMCMG_diff_lag_2,0.3000002,0
2005-09-01,H8B1011NSMCMG_diff_lag_2,-31.3,0
2005-10-01,H8B1011NSMCMG_diff_lag_2,-1.6000004,0
2005-11-01,H8B1011NSMCMG_diff_lag_2,8.2,0
2005-12-01,H8B1011NSMCMG_diff_lag_2,-6.0,0
2006-01-01,H8B1011NSMCMG_diff_lag_2,39.7,0
2006-02-01,H8B1011NSMCMG_diff_lag_2,5.4000006,0
2006-03-01,H8B1011NSMCMG_diff_lag_2,-11.6,0
2006-04-01,H8B1011NSMCMG_diff_lag_2,-8.700001,0
2006-05-01,H8B1011NSMCMG_diff_lag_2,-30.300001,0
2006-06-01,H8B1011NSMCMG_diff_lag_2,-0.70000005,0
2006-07-01,H8B1011NSMCMG_diff_lag_2,10.3,0
2006-08-01,H8B1011NSMCMG_diff_lag_2,-31.900002,0
2006-09-01,H8B1011NSMCMG_diff_lag_2,-32.6,0
2006-10-01,H8B1011NSMCMG_diff_lag_2,55.5,0
2006-11-01,H8B1011NSMCMG_diff_lag_2,27.2,0
2006-12-01,H8B1011NSMCMG_diff_lag_2,-13.199999,0
2007-01-01,H8B1011NSMCMG_diff_lag_2,-11.7,0
2007-02-01,H8B1011NSMCMG_diff_lag_2,-14.5,0
2007-03-01,H8B1011NSMCMG_diff_lag_2,75.1,0
2007-04-01,H8B1011NSMCMG_diff_lag_2,72.6,0
2007-05-01,H8B1011NSMCMG_diff_lag_2,-61.399998,0
2007-06-01,H8B1011NSMCMG_diff_lag_2,-73.0,0
2007-07-01,H8B1011NSMCMG_diff_lag_2,-19.7,0
2007-08-01,H8B1011NSMCMG_diff_lag_2,-10.599999,0
2007-09-01,H8B1011NSMCMG_diff_lag_2,-32.3,0
2007-10-01,H8B1011NSMCMG_diff_lag_2,62.6,0
2007-11-01,H8B1011NSMCMG_diff_lag_2,41.399998,0
2007-12-01,H8B1011NSMCMG_diff_lag_2,-14.400002,0
2008-01-01,H8B1011NSMCMG_diff_lag_2,26.4,0
2008-02-01,H8B1011NSMCMG_diff_lag_2,-100.5,0
2008-03-01,H8B1011NSMCMG_diff_lag_2,-50.5,0
2008-04-01,H8B1011NSMCMG_diff_lag_2,160.79999,0
2008-05-01,H8B1011NSMCMG_diff_lag_2,20.1,0
2008-06-01,H8B1011NSMCMG_diff_lag_2,-122.7,0
2008-07-01,H8B1011NSMCMG_diff_lag_2,-10.200001,0
2008-08-01,H8B1011NSMCMG_diff_lag_2,-2.2999992,0
2008-09-01,H8B1011NSMCMG_diff_lag_2,-49.0,0
2008-10-01,H8B1011NSMCMG_diff_lag_2,37.1,0
2008-11-01,H8B1011NSMCMG_diff_lag_2,16.8,0
2008-12-01,H8B1011NSMCMG_diff_lag_2,6.7,0
2009-01-01,H8B1011NSMCMG_diff_lag_2,127.7,0
2009-02-01,H8B1011NSMCMG_diff_lag_2,-29.4,0
2009-03-01,H8B1011NSMCMG_diff_lag_2,-36.300003,0
2009-04-01,H8B1011NSMCMG_diff_lag_2,60.8,0
2009-05-01,H8B1011NSMCMG_diff_lag_2,-5.8999977,0
2009-06-01,H8B1011NSMCMG_diff_lag_2,32.600002,0
2009-07-01,H8B1011NSMCMG_diff_lag_2,53.999996,0
2009-08-01,H8B1011NSMCMG_diff_lag_2,-110.5,0
2009-09-01,H8B1011NSMCMG_diff_lag_2,-100.0,0
2009-10-01,H8B1011NSMCMG_diff_lag_2,46.3,0
2009-11-01,H8B1011NSMCMG_diff_lag_2,-3.1999998,0
2009-12-01,H8B1011NSMCMG_diff_lag_2,-62.7,0
2010-01-01,H8B1011NSMCMG_diff_lag_2,-35.5,0
2010-02-01,H8B1011NSMCMG_diff_lag_2,32.6,0
2010-03-01,H8B1011NSMCMG_diff_lag_2,45.8,0
2010-04-01,H8B1011NSMCMG_diff_lag_2,4.5999994,0
2010-05-01,H8B1011NSMCMG_diff_lag_2,7.2,0
2010-06-01,H8B1011NSMCMG_diff_lag_2,-20.7,0
2010-07-01,H8B1011NSMCMG_diff_lag_2,22.5,0
2010-08-01,H8B1011NSMCMG_diff_lag_2,33.9,0
2010-09-01,H8B1011NSMCMG_diff_lag_2,-25.5,0
2010-10-01,H8B1011NSMCMG_diff_lag_2,34.699997,0
2010-11-01,H8B1011NSMCMG_diff_lag_2,11.2,0
2010-12-01,H8B1011NSMCMG_diff_lag_2,-30.699999,0
2011-01-01,H8B1011NSMCMG_diff_lag_2,-17.0,0
2011-02-01,H8B1011NSMCMG_diff_lag_2,-7.0,0
2011-03-01,H8B1011NSMCMG_diff_lag_2,14.0,0
2011-04-01,H8B1011NSMCMG_diff_lag_2,-8.099999,0
2011-05-01,H8B1011NSMCMG_diff_lag_2,4.7,0
2011-06-01,H8B1011NSMCMG_diff_lag_2,-24.3,0
2011-07-01,H8B1011NSMCMG_diff_lag_2,-9.299999,0
2011-08-01,H8B1011NSMCMG_diff_lag_2,38.9,0
2011-09-01,H8B1011NSMCMG_diff_lag_2,8.200001,0
2011-10-01,H8B1011NSMCMG_diff_lag_2,5.2000003,0
2011-11-01,H8B1011NSMCMG_diff_lag_2,5.5999994,0
2011-12-01,H8B1011NSMCMG_diff_lag_2,9.5,0
2012-01-01,H8B1011NSMCMG_diff_lag_2,13.5,0
2012-02-01,H8B1011NSMCMG_diff_lag_2,-22.800001,0
2012-03-01,H8B1011NSMCMG_diff_lag_2,-22.7,0
2012-04-01,H8B1011NSMCMG_diff_lag_2,6.0,0
2012-05-01,H8B1011NSMCMG_diff_lag_2,20.599998,0
2012-06-01,H8B1011NSMCMG_diff_lag_2,-14.400001,0
2012-07-01,H8B1011NSMCMG_diff_lag_2,-20.199999,0
2012-08-01,H8B1011NSMCMG_diff_lag_2,18.0,0
2012-09-01,H8B1011NSMCMG_diff_lag_2,8.299999,0
2012-10-01,H8B1011NSMCMG_diff_lag_2,7.2000003,0
2012-11-01,H8B1011NSMCMG_diff_lag_2,-4.0,0
2012-12-01,H8B1011NSMCMG_diff_lag_2,11.4,0
2013-01-01,H8B1011NSMCMG_diff_lag_2,10.5,0
2013-02-01,H8B1011NSMCMG_diff_lag_2,-23.1,0
2013-03-01,H8B1011NSMCMG_diff_lag_2,-13.599999,0
2013-04-01,H8B1011NSMCMG_diff_lag_2,10.6,0
2013-05-01,H8B1011NSMCMG_diff_lag_2,14.599999,0
2013-06-01,H8B1011NSMCMG_diff_lag_2,-29.9,0
2013-07-01,H8B1011NSMCMG_diff_lag_2,-34.9,0
2013-08-01,H8B1011NSMCMG_diff_lag_2,13.0,0
2013-09-01,H8B1011NSMCMG_diff_lag_2,10.5,0
2013-10-01,H8B1011NSMCMG_diff_lag_2,7.7000003,0
2013-11-01,H8B1011NSMCMG_diff_lag_2,5.3,0
2013-12-01,H8B1011NSMCMG_diff_lag_2,-3.3000002,0
2014-01-01,H8B1011NSMCMG_diff_lag_2,1.7999997,0
2014-02-01,H8B1011NSMCMG_diff_lag_2,-0.5,0
2014-03-01,H8B1011NSMCMG_diff_lag_2,-10.9,0
2014-04-01,H8B1011NSMCMG_diff_lag_2,-8.6,0
2014-05-01,H8B1011NSMCMG_diff_lag_2,3.8,0
2014-06-01,H8B1011NSMCMG_diff_lag_2,0.9000006,0
2014-07-01,H8B1011NSMCMG_diff_lag_2,6.7,0
2014-08-01,H8B1011NSMCMG_diff_lag_2,-1.9000006,0
2014-09-01,H8B1011NSMCMG_diff_lag_2,-10.1,0
2014-10-01,H8B1011NSMCMG_diff_lag_2,-0.09999943,0
2014-11-01,H8B1011NSMCMG_diff_lag_2,10.700001,0
2014-12-01,H8B1011NSMCMG_diff_lag_2,14.5,0
2015-01-01,H8B1011NSMCMG_diff_lag_2,-3.4,0
2015-02-01,H8B1011NSMCMG_diff_lag_2,-3.4,0
2015-03-01,H8B1011NSMCMG_diff_lag_2,-1.0,0
2015-04-01,H8B1011NSMCMG_diff_lag_2,12.0,0
2015-05-01,H8B1011NSMCMG_diff_lag_2,-0.5,0
2015-06-01,H8B1011NSMCMG_diff_lag_2,-16.3,0
2015-07-01,H8B1011NSMCMG_diff_lag_2,2.2999997,0
2015-08-01,H8B1011NSMCMG_diff_lag_2,9.5,0
2015-09-01,H8B1011NSMCMG_diff_lag_2,3.3000002,0
2015-10-01,H8B1011NSMCMG_diff_lag_2,-5.2,0
2015-11-01,H8B1011NSMCMG_diff_lag_2,1.3000002,0
2015-12-01,H8B1011NSMCMG_diff_lag_2,0.9,0
2016-01-01,H8B1011NSMCMG_diff_lag_2,-7.0,0
2016-02-01,H8B1011NSMCMG_diff_lag_2,-6.5,0
2016-03-01,H8B1011NSMCMG_diff_lag_2,12.0,0
2016-04-01,H8B1011NSMCMG_diff_lag_2,9.6,0
2016-05-01,H8B1011NSMCMG_diff_lag_2,-9.8,0
2016-06-01,H8B1011NSMCMG_diff_lag_2,6.2999997,0
2016-07-01,H8B1011NSMCMG_diff_lag_2,0.9000001,0
2016-08-01,H8B1011NSMCMG_diff_lag_2,-12.599999,0
2016-09-01,H8B1011NSMCMG_diff_lag_2,1.2999997,0
2016-10-01,H8B1011NSMCMG_diff_lag_2,-4.9,0
2016-11-01,H8B1011NSMCMG_diff_lag_2,-3.9999998,0
2016-12-01,H8B1011NSMCMG_diff_lag_2,16.8,0
2017-01-01,H8B1011NSMCMG_diff_lag_2,-4.9,0
2017-02-01,H8B1011NSMCMG_diff_lag_2,-8.9,0
2017-03-01,H8B1011NSMCMG_diff_lag_2,7.0,0
2017-04-01,H8B1011NSMCMG_diff_lag_2,6.1,0
2017-05-01,H8B1011NSMCMG_diff_lag_2,-5.7000003,0
2017-06-01,H8B1011NSMCMG_diff_lag_2,-17.0,0
2017-07-01,H8B1011NSMCMG_diff_lag_2,-1.6999999,0
2017-08-01,H8B1011NSMCMG_diff_lag_2,6.5,0
2017-09-01,H8B1011NSMCMG_diff_lag_2,1.6999999,0
2017-10-01,H8B1011NSMCMG_diff_lag_2,-4.3999996,0
2017-11-01,H8B1011NSMCMG_diff_lag_2,0.0,0
2017-12-01,H8B1011NSMCMG_diff_lag_2,7.5,0
2018-01-01,H8B1011NSMCMG_diff_lag_2,-1.6999999,0
2018-02-01,H8B1011NSMCMG_diff_lag_2,-14.1,0
2018-03-01,H8B1011NSMCMG_diff_lag_2,-9.5,0
2018-04-01,H8B1011NSMCMG_diff_lag_2,11.400001,0
2018-05-01,H8B1011NSMCMG_diff_lag_2,13.900001,0
2018-06-01,H8B1011NSMCMG_diff_lag_2,-3.1,0
2018-07-01,H8B1011NSMCMG_diff_lag_2,-0.39999998,0
2018-08-01,H8B1011NSMCMG_diff_lag_2,-3.6999998,0
2018-09-01,H8B1011NSMCMG_diff_lag_2,-4.1,0
2018-10-01,H8B1011NSMCMG_diff_lag_2,5.0,0
2018-11-01,H8B1011NSMCMG_diff_lag_2,-0.5,0
2018-12-01,H8B1011NSMCMG_diff_lag_2,4.1,0
2019-01-01,H8B1011NSMCMG_diff_lag_2,7.3,0
2019-02-01,H8B1011NSMCMG_diff_lag_2,3.1999998,0
2019-03-01,H8B1011NSMCMG_diff_lag_2,-16.9,0
2019-04-01,H8B1011NSMCMG_diff_lag_2,-19.8,0
2019-05-01,H8B1011NSMCMG_diff_lag_2,19.8,0
2019-06-01,H8B1011NSMCMG_diff_lag_2,-13.500001,0
2019-07-01,H8B1011NSMCMG_diff_lag_2,1.6000004,0
2019-08-01,H8B1011NSMCMG_diff_lag_2,26.800001,0
2019-09-01,H8B1011NSMCMG_diff_lag_2,-7.2000003,0
2019-10-01,H8B1011NSMCMG_diff_lag_2,11.9,0
2019-11-01,H8B1011NSMCMG_diff_lag_2,8.900001,0
2019-12-01,H8B1011NSMCMG_diff_lag_2,-9.5,0
2020-01-01,H8B1011NSMCMG_diff_lag_2,-5.2000003,0
2020-02-01,H8B1011NSMCMG_diff_lag_2,6.5,0
2020-03-01,H8B1011NSMCMG_diff_lag_2,34.100002,0
2020-04-01,H8B1011NSMCMG_diff_lag_2,20.7,0
2020-05-01,H8B1011NSMCMG_diff_lag_2,2.2000008,0
2020-06-01,H8B1011NSMCMG_diff_lag_2,17.5,0
2020-07-01,H8B1011NSMCMG_diff_lag_2,13.099998,0
2020-08-01,H8B1011NSMCMG_diff_lag_2,-49.4,0
2020-09-01,H8B1011NSMCMG_diff_lag_2,-28.0,0
2020-10-01,H8B1011NSMCMG_diff_lag_2,42.5,0
2020-11-01,H8B1011NSMCMG_diff_lag_2,3.1000004,0
2020-12-01,H8B1011NSMCMG_diff_lag_2,-5.299999,0
2021-01-01,H8B1011NSMCMG_diff_lag_2,3.499998,0
2021-02-01,H8B1011NSMCMG_diff_lag_2,-13.700001,0
2021-03-01,H8B1011NSMCMG_diff_lag_2,-7.499998,0
2021-04-01,H8B1011NSMCMG_diff_lag_2,-4.8999996,0
2021-05-01,H8B1011NSMCMG_diff_lag_2,26.300001,0
2021-06-01,H8B1011NSMCMG_diff_lag_2,-2.5999994,0
2021-07-01,H8B1011NSMCMG_diff_lag_2,-22.2,0
2021-08-01,H8B1011NSMCMG_diff_lag_2,11.099999,0
2021-09-01,H8B1011NSMCMG_diff_lag_2,-13.1,0
2021-10-01,H8B1011NSMCMG_diff_lag_2,-3.1000004,0
2021-11-01,H8B1011NSMCMG_diff_lag_2,11.9,0
2021-12-01,H8B1011NSMCMG_diff_lag_2,9.700001,0
2022-01-01,H8B1011NSMCMG_diff_lag_2,-10.1,0
2022-02-01,H8B1011NSMCMG_diff_lag_2,-25.8,0
2022-03-01,H8B1011NSMCMG_diff_lag_2,-9.799999,0
2022-04-01,H8B1011NSMCMG_diff_lag_2,-26.5,0
2022-05-01,H8B1011NSMCMG_diff_lag_2,-3.7000003,0
2022-06-01,H8B1011NSMCMG_diff_lag_2,19.5,0
2022-07-01,H8B1011NSMCMG_diff_lag_2,0.2999997,0
2022-08-01,H8B1011NSMCMG_diff_lag_2,10.1,0
2022-09-01,H8B1011NSMCMG_diff_lag_2,-19.3,0
2022-10-01,H8B1011NSMCMG_diff_lag_2,-33.1,0
2022-11-01,H8B1011NSMCMG_diff_lag_2,5.4000006,0
2022-12-01,H8B1011NSMCMG_diff_lag_2,23.099998,0
2023-01-01,H8B1011NSMCMG_diff_lag_2,18.3,0
2000-01-01,H8B3095NCBAM_diff_lag_2,10394.375,0
2000-02-01,H8B3095NCBAM_diff_lag_2,10780.094,0
2000-03-01,H8B3095NCBAM_diff_lag_2,30036.312,0
2000-04-01,H8B3095NCBAM_diff_lag_2,21082.5,0
2000-05-01,H8B3095NCBAM_diff_lag_2,41475.0,0
2000-06-01,H8B3095NCBAM_diff_lag_2,15530.281,0
2000-07-01,H8B3095NCBAM_diff_lag_2,-19068.406,0
2000-08-01,H8B3095NCBAM_diff_lag_2,-1154.5,0
2000-09-01,H8B3095NCBAM_diff_lag_2,10174.219,0
2000-10-01,H8B3095NCBAM_diff_lag_2,4537.3125,0
2000-11-01,H8B3095NCBAM_diff_lag_2,-1124.0,0
2000-12-01,H8B3095NCBAM_diff_lag_2,12913.0,0
2001-01-01,H8B3095NCBAM_diff_lag_2,29723.094,0
2001-02-01,H8B3095NCBAM_diff_lag_2,23175.188,0
2001-03-01,H8B3095NCBAM_diff_lag_2,33599.094,0
2001-04-01,H8B3095NCBAM_diff_lag_2,32472.625,0
2001-05-01,H8B3095NCBAM_diff_lag_2,189.8125,0
2001-06-01,H8B3095NCBAM_diff_lag_2,-8127.5,0
2001-07-01,H8B3095NCBAM_diff_lag_2,-15799.8125,0
2001-08-01,H8B3095NCBAM_diff_lag_2,-2244.0,0
2001-09-01,H8B3095NCBAM_diff_lag_2,35093.906,0
2001-10-01,H8B3095NCBAM_diff_lag_2,9543.6875,0
2001-11-01,H8B3095NCBAM_diff_lag_2,-17707.312,0
2001-12-01,H8B3095NCBAM_diff_lag_2,-36197.0,0
2002-01-01,H8B3095NCBAM_diff_lag_2,-44147.188,0
2002-02-01,H8B3095NCBAM_diff_lag_2,-26262.406,0
2002-03-01,H8B3095NCBAM_diff_lag_2,-27520.094,0
2002-04-01,H8B3095NCBAM_diff_lag_2,13698.906,0
2002-05-01,H8B3095NCBAM_diff_lag_2,36233.594,0
2002-06-01,H8B3095NCBAM_diff_lag_2,46943.812,0
2002-07-01,H8B3095NCBAM_diff_lag_2,78212.97,0
2002-08-01,H8B3095NCBAM_diff_lag_2,52014.875,0
2002-09-01,H8B3095NCBAM_diff_lag_2,6193.3125,0
2002-10-01,H8B3095NCBAM_diff_lag_2,-1351.0,0
2002-11-01,H8B3095NCBAM_diff_lag_2,3590.1875,0
2002-12-01,H8B3095NCBAM_diff_lag_2,29858.125,0
2003-01-01,H8B3095NCBAM_diff_lag_2,40882.812,0
2003-02-01,H8B3095NCBAM_diff_lag_2,28772.5,0
2003-03-01,H8B3095NCBAM_diff_lag_2,3229.0,0
2003-04-01,H8B3095NCBAM_diff_lag_2,-31099.0,0
2003-05-01,H8B3095NCBAM_diff_lag_2,30981.812,0
2003-06-01,H8B3095NCBAM_diff_lag_2,47833.188,0
2003-07-01,H8B3095NCBAM_diff_lag_2,-22452.625,0
2003-08-01,H8B3095NCBAM_diff_lag_2,-51741.375,0
2003-09-01,H8B3095NCBAM_diff_lag_2,-26486.5,0
2003-10-01,H8B3095NCBAM_diff_lag_2,13414.5,0
2003-11-01,H8B3095NCBAM_diff_lag_2,-8813.25,0
2003-12-01,H8B3095NCBAM_diff_lag_2,-18382.438,0
2004-01-01,H8B3095NCBAM_diff_lag_2,12854.875,0
2004-02-01,H8B3095NCBAM_diff_lag_2,23696.812,0
2004-03-01,H8B3095NCBAM_diff_lag_2,11378.3125,0
2004-04-01,H8B3095NCBAM_diff_lag_2,-35342.188,0
2004-05-01,H8B3095NCBAM_diff_lag_2,-57640.125,0
2004-06-01,H8B3095NCBAM_diff_lag_2,-40440.906,0
2004-07-01,H8B3095NCBAM_diff_lag_2,10668.9375,0
2004-08-01,H8B3095NCBAM_diff_lag_2,39919.47,0
2004-09-01,H8B3095NCBAM_diff_lag_2,8213.6875,0
2004-10-01,H8B3095NCBAM_diff_lag_2,-16035.5625,0
2004-11-01,H8B3095NCBAM_diff_lag_2,4555.5625,0
2004-12-01,H8B3095NCBAM_diff_lag_2,37861.188,0
2005-01-01,H8B3095NCBAM_diff_lag_2,13725.125,0
2005-02-01,H8B3095NCBAM_diff_lag_2,5458.125,0
2005-03-01,H8B3095NCBAM_diff_lag_2,29062.375,0
2005-04-01,H8B3095NCBAM_diff_lag_2,20335.688,0
2005-05-01,H8B3095NCBAM_diff_lag_2,-3098.6875,0
2005-06-01,H8B3095NCBAM_diff_lag_2,8378.875,0
2005-07-01,H8B3095NCBAM_diff_lag_2,-1531.0,0
2005-08-01,H8B3095NCBAM_diff_lag_2,-19872.188,0
2005-09-01,H8B3095NCBAM_diff_lag_2,3880.0,0
2005-10-01,H8B3095NCBAM_diff_lag_2,11237.625,0
2005-11-01,H8B3095NCBAM_diff_lag_2,-1288.0,0
2005-12-01,H8B3095NCBAM_diff_lag_2,-7659.125,0
2006-01-01,H8B3095NCBAM_diff_lag_2,-12216.5,0
2006-02-01,H8B3095NCBAM_diff_lag_2,5470.125,0
2006-03-01,H8B3095NCBAM_diff_lag_2,15811.5,0
2006-04-01,H8B3095NCBAM_diff_lag_2,40015.0,0
2006-05-01,H8B3095NCBAM_diff_lag_2,74442.31,0
2006-06-01,H8B3095NCBAM_diff_lag_2,28382.062,0
2006-07-01,H8B3095NCBAM_diff_lag_2,7728.1875,0
2006-08-01,H8B3095NCBAM_diff_lag_2,20365.812,0
2006-09-01,H8B3095NCBAM_diff_lag_2,-21642.562,0
2006-10-01,H8B3095NCBAM_diff_lag_2,1587.1875,0
2006-11-01,H8B3095NCBAM_diff_lag_2,15897.875,0
2006-12-01,H8B3095NCBAM_diff_lag_2,4335.625,0
2007-01-01,H8B3095NCBAM_diff_lag_2,12988.0,0
2007-02-01,H8B3095NCBAM_diff_lag_2,5001.0,0
2007-03-01,H8B3095NCBAM_diff_lag_2,7857.3125,0
2007-04-01,H8B3095NCBAM_diff_lag_2,16795.875,0
2007-05-01,H8B3095NCBAM_diff_lag_2,31713.688,0
2007-06-01,H8B3095NCBAM_diff_lag_2,31070.188,0
2007-07-01,H8B3095NCBAM_diff_lag_2,13724.0,0
2007-08-01,H8B3095NCBAM_diff_lag_2,3393.4375,0
2007-09-01,H8B3095NCBAM_diff_lag_2,-5657.3125,0
2007-10-01,H8B3095NCBAM_diff_lag_2,21957.875,0
2007-11-01,H8B3095NCBAM_diff_lag_2,54695.0,0
2007-12-01,H8B3095NCBAM_diff_lag_2,26705.312,0
2008-01-01,H8B3095NCBAM_diff_lag_2,37326.0,0
2008-02-01,H8B3095NCBAM_diff_lag_2,41709.875,0
2008-03-01,H8B3095NCBAM_diff_lag_2,57976.812,0
2008-04-01,H8B3095NCBAM_diff_lag_2,-9269.1875,0
2008-05-01,H8B3095NCBAM_diff_lag_2,-101039.625,0
2008-06-01,H8B3095NCBAM_diff_lag_2,-57169.312,0
2008-07-01,H8B3095NCBAM_diff_lag_2,-15438.875,0
2008-08-01,H8B3095NCBAM_diff_lag_2,13488.5,0
2008-09-01,H8B3095NCBAM_diff_lag_2,12889.1875,0
2008-10-01,H8B3095NCBAM_diff_lag_2,80457.31,0
2008-11-01,H8B3095NCBAM_diff_lag_2,96926.125,0
2008-12-01,H8B3095NCBAM_diff_lag_2,138745.0,0
2009-01-01,H8B3095NCBAM_diff_lag_2,40918.062,0
2009-02-01,H8B3095NCBAM_diff_lag_2,-132981.06,0
2009-03-01,H8B3095NCBAM_diff_lag_2,-54174.188,0
2009-04-01,H8B3095NCBAM_diff_lag_2,-61356.75,0
2009-05-01,H8B3095NCBAM_diff_lag_2,-85755.69,0
2009-06-01,H8B3095NCBAM_diff_lag_2,-27238.562,0
2009-07-01,H8B3095NCBAM_diff_lag_2,-52255.375,0
2009-08-01,H8B3095NCBAM_diff_lag_2,-91348.5,0
2009-09-01,H8B3095NCBAM_diff_lag_2,-57019.812,0
2009-10-01,H8B3095NCBAM_diff_lag_2,-31312.125,0
2009-11-01,H8B3095NCBAM_diff_lag_2,-28979.625,0
2009-12-01,H8B3095NCBAM_diff_lag_2,-7416.0,0
2010-01-01,H8B3095NCBAM_diff_lag_2,-9387.1875,0
2010-02-01,H8B3095NCBAM_diff_lag_2,-21354.312,0
2010-03-01,H8B3095NCBAM_diff_lag_2,16930.5,0
2010-04-01,H8B3095NCBAM_diff_lag_2,23288.438,0
2010-05-01,H8B3095NCBAM_diff_lag_2,41863.312,0
2010-06-01,H8B3095NCBAM_diff_lag_2,41978.688,0
2010-07-01,H8B3095NCBAM_diff_lag_2,19093.188,0
2010-08-01,H8B3095NCBAM_diff_lag_2,39448.5,0
2010-09-01,H8B3095NCBAM_diff_lag_2,26076.188,0
2010-10-01,H8B3095NCBAM_diff_lag_2,58374.0,0
2010-11-01,H8B3095NCBAM_diff_lag_2,1688.125,0
2010-12-01,H8B3095NCBAM_diff_lag_2,-84713.625,0
2011-01-01,H8B3095NCBAM_diff_lag_2,-32888.5,0
2011-02-01,H8B3095NCBAM_diff_lag_2,-42388.562,0
2011-03-01,H8B3095NCBAM_diff_lag_2,-18448.0,0
2011-04-01,H8B3095NCBAM_diff_lag_2,24329.0,0
2011-05-01,H8B3095NCBAM_diff_lag_2,3791.1875,0
2011-06-01,H8B3095NCBAM_diff_lag_2,12063.0625,0
2011-07-01,H8B3095NCBAM_diff_lag_2,26557.188,0
2011-08-01,H8B3095NCBAM_diff_lag_2,50897.25,0
2011-09-01,H8B3095NCBAM_diff_lag_2,26274.125,0
2011-10-01,H8B3095NCBAM_diff_lag_2,-4351.8125,0
2011-11-01,H8B3095NCBAM_diff_lag_2,7166.8125,0
2011-12-01,H8B3095NCBAM_diff_lag_2,-3262.1875,0
2012-01-01,H8B3095NCBAM_diff_lag_2,7620.0625,0
2012-02-01,H8B3095NCBAM_diff_lag_2,19188.875,0
2012-03-01,H8B3095NCBAM_diff_lag_2,-15124.0,0
2012-04-01,H8B3095NCBAM_diff_lag_2,-20315.875,0
2012-05-01,H8B3095NCBAM_diff_lag_2,4260.9375,0
2012-06-01,H8B3095NCBAM_diff_lag_2,12742.6875,0
2012-07-01,H8B3095NCBAM_diff_lag_2,2741.375,0
2012-08-01,H8B3095NCBAM_diff_lag_2,-19976.125,0
2012-09-01,H8B3095NCBAM_diff_lag_2,-15374.3125,0
2012-10-01,H8B3095NCBAM_diff_lag_2,-11152.8125,0
2012-11-01,H8B3095NCBAM_diff_lag_2,-16911.562,0
2012-12-01,H8B3095NCBAM_diff_lag_2,-1221.875,0
2013-01-01,H8B3095NCBAM_diff_lag_2,-13281.625,0
2013-02-01,H8B3095NCBAM_diff_lag_2,-24772.375,0
2013-03-01,H8B3095NCBAM_diff_lag_2,-5323.875,0
2013-04-01,H8B3095NCBAM_diff_lag_2,10926.75,0
2013-05-01,H8B3095NCBAM_diff_lag_2,-1821.75,0
2013-06-01,H8B3095NCBAM_diff_lag_2,-28511.75,0
2013-07-01,H8B3095NCBAM_diff_lag_2,-41860.875,0
2013-08-01,H8B3095NCBAM_diff_lag_2,-38562.0,0
2013-09-01,H8B3095NCBAM_diff_lag_2,-29357.625,0
2013-10-01,H8B3095NCBAM_diff_lag_2,-23618.75,0
2013-11-01,H8B3095NCBAM_diff_lag_2,-19834.25,0
2013-12-01,H8B3095NCBAM_diff_lag_2,-6179.5625,0
2014-01-01,H8B3095NCBAM_diff_lag_2,-7318.9375,0
2014-02-01,H8B3095NCBAM_diff_lag_2,-21480.688,0
2014-03-01,H8B3095NCBAM_diff_lag_2,-3216.8125,0
2014-04-01,H8B3095NCBAM_diff_lag_2,-13113.4375,0
2014-05-01,H8B3095NCBAM_diff_lag_2,-14820.375,0
2014-06-01,H8B3095NCBAM_diff_lag_2,-7965.3125,0
2014-07-01,H8B3095NCBAM_diff_lag_2,1414.625,0
2014-08-01,H8B3095NCBAM_diff_lag_2,12731.25,0
2014-09-01,H8B3095NCBAM_diff_lag_2,14856.5625,0
2014-10-01,H8B3095NCBAM_diff_lag_2,37393.062,0
2014-11-01,H8B3095NCBAM_diff_lag_2,35694.5,0
2014-12-01,H8B3095NCBAM_diff_lag_2,36826.0,0
2015-01-01,H8B3095NCBAM_diff_lag_2,76062.19,0
2015-02-01,H8B3095NCBAM_diff_lag_2,18418.188,0
2015-03-01,H8B3095NCBAM_diff_lag_2,-29522.75,0
2015-04-01,H8B3095NCBAM_diff_lag_2,-14199.875,0
2015-05-01,H8B3095NCBAM_diff_lag_2,-40728.5,0
2015-06-01,H8B3095NCBAM_diff_lag_2,-30812.688,0
2015-07-01,H8B3095NCBAM_diff_lag_2,-19851.938,0
2015-08-01,H8B3095NCBAM_diff_lag_2,-7866.125,0
2015-09-01,H8B3095NCBAM_diff_lag_2,-13479.375,0
2015-10-01,H8B3095NCBAM_diff_lag_2,-16862.5,0
2015-11-01,H8B3095NCBAM_diff_lag_2,-747.4375,0
2015-12-01,H8B3095NCBAM_diff_lag_2,-11677.875,0
2016-01-01,H8B3095NCBAM_diff_lag_2,4033.0,0
2016-02-01,H8B3095NCBAM_diff_lag_2,18279.188,0
2016-03-01,H8B3095NCBAM_diff_lag_2,-2502.375,0
2016-04-01,H8B3095NCBAM_diff_lag_2,5872.5,0
2016-05-01,H8B3095NCBAM_diff_lag_2,1847.0,0
2016-06-01,H8B3095NCBAM_diff_lag_2,7781.3125,0
2016-07-01,H8B3095NCBAM_diff_lag_2,37209.875,0
2016-08-01,H8B3095NCBAM_diff_lag_2,-539.625,0
2016-09-01,H8B3095NCBAM_diff_lag_2,-35846.062,0
2016-10-01,H8B3095NCBAM_diff_lag_2,-27770.5,0
2016-11-01,H8B3095NCBAM_diff_lag_2,-21130.188,0
2016-12-01,H8B3095NCBAM_diff_lag_2,-10184.6875,0
2017-01-01,H8B3095NCBAM_diff_lag_2,-42692.312,0
2017-02-01,H8B3095NCBAM_diff_lag_2,-55072.188,0
2017-03-01,H8B3095NCBAM_diff_lag_2,-9342.4375,0
2017-04-01,H8B3095NCBAM_diff_lag_2,17098.875,0
2017-05-01,H8B3095NCBAM_diff_lag_2,23404.0,0
2017-06-01,H8B3095NCBAM_diff_lag_2,4969.3125,0
2017-07-01,H8B3095NCBAM_diff_lag_2,1292.25,0
2017-08-01,H8B3095NCBAM_diff_lag_2,-10302.375,0
2017-09-01,H8B3095NCBAM_diff_lag_2,-9616.625,0
2017-10-01,H8B3095NCBAM_diff_lag_2,-6329.25,0
2017-11-01,H8B3095NCBAM_diff_lag_2,-8225.375,0
2017-12-01,H8B3095NCBAM_diff_lag_2,17854.125,0
2018-01-01,H8B3095NCBAM_diff_lag_2,30110.875,0
2018-02-01,H8B3095NCBAM_diff_lag_2,-147.8125,0
2018-03-01,H8B3095NCBAM_diff_lag_2,-33082.312,0
2018-04-01,H8B3095NCBAM_diff_lag_2,-102.0625,0
2018-05-01,H8B3095NCBAM_diff_lag_2,34772.938,0
2018-06-01,H8B3095NCBAM_diff_lag_2,-10958.8125,0
2018-07-01,H8B3095NCBAM_diff_lag_2,-31865.938,0
2018-08-01,H8B3095NCBAM_diff_lag_2,3916.0,0
2018-09-01,H8B3095NCBAM_diff_lag_2,13738.625,0
2018-10-01,H8B3095NCBAM_diff_lag_2,23725.562,0
2018-11-01,H8B3095NCBAM_diff_lag_2,15327.3125,0
2018-12-01,H8B3095NCBAM_diff_lag_2,-6552.5625,0
2019-01-01,H8B3095NCBAM_diff_lag_2,-31913.25,0
2019-02-01,H8B3095NCBAM_diff_lag_2,-3170.6875,0
2019-03-01,H8B3095NCBAM_diff_lag_2,30135.938,0
2019-04-01,H8B3095NCBAM_diff_lag_2,-12341.4375,0
2019-05-01,H8B3095NCBAM_diff_lag_2,-11597.8125,0
2019-06-01,H8B3095NCBAM_diff_lag_2,26308.438,0
2019-07-01,H8B3095NCBAM_diff_lag_2,13062.625,0
2019-08-01,H8B3095NCBAM_diff_lag_2,25819.5,0
2019-09-01,H8B3095NCBAM_diff_lag_2,27150.188,0
2019-10-01,H8B3095NCBAM_diff_lag_2,-15066.0,0
2019-11-01,H8B3095NCBAM_diff_lag_2,-15039.3125,0
2019-12-01,H8B3095NCBAM_diff_lag_2,-2436.8125,0
2020-01-01,H8B3095NCBAM_diff_lag_2,7768.125,0
2020-02-01,H8B3095NCBAM_diff_lag_2,28083.5,0
2020-03-01,H8B3095NCBAM_diff_lag_2,131058.56,0
2020-04-01,H8B3095NCBAM_diff_lag_2,98975.06,0
2020-05-01,H8B3095NCBAM_diff_lag_2,-23346.375,0
2020-06-01,H8B3095NCBAM_diff_lag_2,-27985.25,0
2020-07-01,H8B3095NCBAM_diff_lag_2,-12226.6875,0
2020-08-01,H8B3095NCBAM_diff_lag_2,-16763.125,0
2020-09-01,H8B3095NCBAM_diff_lag_2,-43352.438,0
2020-10-01,H8B3095NCBAM_diff_lag_2,-24953.875,0
2020-11-01,H8B3095NCBAM_diff_lag_2,1503.6875,0
2020-12-01,H8B3095NCBAM_diff_lag_2,24862.0,0
2021-01-01,H8B3095NCBAM_diff_lag_2,51018.625,0
2021-02-01,H8B3095NCBAM_diff_lag_2,4119.25,0
2021-03-01,H8B3095NCBAM_diff_lag_2,-15747.6875,0
2021-04-01,H8B3095NCBAM_diff_lag_2,4597.4375,0
2021-05-01,H8B3095NCBAM_diff_lag_2,-11884.625,0
2021-06-01,H8B3095NCBAM_diff_lag_2,-8145.125,0
2021-07-01,H8B3095NCBAM_diff_lag_2,-8618.3125,0
2021-08-01,H8B3095NCBAM_diff_lag_2,-1400.5625,0
2021-09-01,H8B3095NCBAM_diff_lag_2,12329.0,0
2021-10-01,H8B3095NCBAM_diff_lag_2,14833.5,0
2021-11-01,H8B3095NCBAM_diff_lag_2,17805.312,0
2021-12-01,H8B3095NCBAM_diff_lag_2,-15426.9375,0
2022-01-01,H8B3095NCBAM_diff_lag_2,-13957.375,0
2022-02-01,H8B3095NCBAM_diff_lag_2,-11493.5,0
2022-03-01,H8B3095NCBAM_diff_lag_2,2808.0625,0
2022-04-01,H8B3095NCBAM_diff_lag_2,64656.188,0
2022-05-01,H8B3095NCBAM_diff_lag_2,32370.625,0
2022-06-01,H8B3095NCBAM_diff_lag_2,7747.5,0
2022-07-01,H8B3095NCBAM_diff_lag_2,30705.688,0
2022-08-01,H8B3095NCBAM_diff_lag_2,11469.5,0
2022-09-01,H8B3095NCBAM_diff_lag_2,13024.1875,0
2022-10-01,H8B3095NCBAM_diff_lag_2,40940.75,0
2022-11-01,H8B3095NCBAM_diff_lag_2,45311.438,0
2022-12-01,H8B3095NCBAM_diff_lag_2,10322.1875,0
2023-01-01,H8B3095NCBAM_diff_lag_2,-23428.625,0
2000-01-01,H8B3095NLGDM_diff_lag_2,6342.5,0
2000-02-01,H8B3095NLGDM_diff_lag_2,15145.094,0
2000-03-01,H8B3095NLGDM_diff_lag_2,14188.0,0
2000-04-01,H8B3095NLGDM_diff_lag_2,-7724.0938,0
2000-05-01,H8B3095NLGDM_diff_lag_2,15902.406,0
2000-06-01,H8B3095NLGDM_diff_lag_2,19630.594,0
2000-07-01,H8B3095NLGDM_diff_lag_2,-5137.0938,0
2000-08-01,H8B3095NLGDM_diff_lag_2,10559.281,0
2000-09-01,H8B3095NLGDM_diff_lag_2,27531.594,0
2000-10-01,H8B3095NLGDM_diff_lag_2,18866.719,0
2000-11-01,H8B3095NLGDM_diff_lag_2,8745.406,0
2000-12-01,H8B3095NLGDM_diff_lag_2,2379.5938,0
2001-01-01,H8B3095NLGDM_diff_lag_2,12441.0,0
2001-02-01,H8B3095NLGDM_diff_lag_2,21999.594,0
2001-03-01,H8B3095NLGDM_diff_lag_2,15876.0,0
2001-04-01,H8B3095NLGDM_diff_lag_2,-4227.9062,0
2001-05-01,H8B3095NLGDM_diff_lag_2,-5112.5,0
2001-06-01,H8B3095NLGDM_diff_lag_2,5395.9062,0
2001-07-01,H8B3095NLGDM_diff_lag_2,-11785.0,0
2001-08-01,H8B3095NLGDM_diff_lag_2,14276.719,0
2001-09-01,H8B3095NLGDM_diff_lag_2,58054.312,0
2001-10-01,H8B3095NLGDM_diff_lag_2,24874.375,0
2001-11-01,H8B3095NLGDM_diff_lag_2,-13429.219,0
2001-12-01,H8B3095NLGDM_diff_lag_2,-53135.688,0
2002-01-01,H8B3095NLGDM_diff_lag_2,-56525.0,0
2002-02-01,H8B3095NLGDM_diff_lag_2,-16510.688,0
2002-03-01,H8B3095NLGDM_diff_lag_2,-24485.406,0
2002-04-01,H8B3095NLGDM_diff_lag_2,4575.375,0
2002-05-01,H8B3095NLGDM_diff_lag_2,37330.5,0
2002-06-01,H8B3095NLGDM_diff_lag_2,41344.125,0
2002-07-01,H8B3095NLGDM_diff_lag_2,53684.625,0
2002-08-01,H8B3095NLGDM_diff_lag_2,48324.875,0
2002-09-01,H8B3095NLGDM_diff_lag_2,28177.5,0
2002-10-01,H8B3095NLGDM_diff_lag_2,4897.5,0
2002-11-01,H8B3095NLGDM_diff_lag_2,175.28125,0
2002-12-01,H8B3095NLGDM_diff_lag_2,4114.125,0
2003-01-01,H8B3095NLGDM_diff_lag_2,12449.3125,0
2003-02-01,H8B3095NLGDM_diff_lag_2,31617.688,0
2003-03-01,H8B3095NLGDM_diff_lag_2,-6897.8125,0
2003-04-01,H8B3095NLGDM_diff_lag_2,-44338.312,0
2003-05-01,H8B3095NLGDM_diff_lag_2,24008.312,0
2003-06-01,H8B3095NLGDM_diff_lag_2,37355.72,0
2003-07-01,H8B3095NLGDM_diff_lag_2,-24886.312,0
2003-08-01,H8B3095NLGDM_diff_lag_2,-42497.594,0
2003-09-01,H8B3095NLGDM_diff_lag_2,-1634.1875,0
2003-10-01,H8B3095NLGDM_diff_lag_2,28131.688,0
2003-11-01,H8B3095NLGDM_diff_lag_2,-5883.9062,0
2003-12-01,H8B3095NLGDM_diff_lag_2,-27521.094,0
2004-01-01,H8B3095NLGDM_diff_lag_2,-973.5,0
2004-02-01,H8B3095NLGDM_diff_lag_2,28934.781,0
2004-03-01,H8B3095NLGDM_diff_lag_2,-1647.8125,0
2004-04-01,H8B3095NLGDM_diff_lag_2,-53597.875,0
2004-05-01,H8B3095NLGDM_diff_lag_2,-45063.78,0
2004-06-01,H8B3095NLGDM_diff_lag_2,-18075.312,0
2004-07-01,H8B3095NLGDM_diff_lag_2,10691.594,0
2004-08-01,H8B3095NLGDM_diff_lag_2,41975.5,0
2004-09-01,H8B3095NLGDM_diff_lag_2,27529.094,0
2004-10-01,H8B3095NLGDM_diff_lag_2,-12738.406,0
2004-11-01,H8B3095NLGDM_diff_lag_2,-3077.6875,0
2004-12-01,H8B3095NLGDM_diff_lag_2,23292.812,0
2005-01-01,H8B3095NLGDM_diff_lag_2,-3678.7188,0
2005-02-01,H8B3095NLGDM_diff_lag_2,-3357.0,0
2005-03-01,H8B3095NLGDM_diff_lag_2,11418.906,0
2005-04-01,H8B3095NLGDM_diff_lag_2,6601.5938,0
2005-05-01,H8B3095NLGDM_diff_lag_2,7775.7188,0
2005-06-01,H8B3095NLGDM_diff_lag_2,7365.9062,0
2005-07-01,H8B3095NLGDM_diff_lag_2,-15899.719,0
2005-08-01,H8B3095NLGDM_diff_lag_2,-8953.0,0
2005-09-01,H8B3095NLGDM_diff_lag_2,18579.0,0
2005-10-01,H8B3095NLGDM_diff_lag_2,-2509.5,0
2005-11-01,H8B3095NLGDM_diff_lag_2,-1702.2812,0
2005-12-01,H8B3095NLGDM_diff_lag_2,-1120.7188,0
2006-01-01,H8B3095NLGDM_diff_lag_2,-12139.8125,0
2006-02-01,H8B3095NLGDM_diff_lag_2,9145.719,0
2006-03-01,H8B3095NLGDM_diff_lag_2,10190.0,0
2006-04-01,H8B3095NLGDM_diff_lag_2,21704.094,0
2006-05-01,H8B3095NLGDM_diff_lag_2,36732.188,0
2006-06-01,H8B3095NLGDM_diff_lag_2,2560.3125,0
2006-07-01,H8B3095NLGDM_diff_lag_2,-6357.5938,0
2006-08-01,H8B3095NLGDM_diff_lag_2,18329.0,0
2006-09-01,H8B3095NLGDM_diff_lag_2,12279.219,0
2006-10-01,H8B3095NLGDM_diff_lag_2,22776.594,0
2006-11-01,H8B3095NLGDM_diff_lag_2,34084.5,0
2006-12-01,H8B3095NLGDM_diff_lag_2,3657.1875,0
2007-01-01,H8B3095NLGDM_diff_lag_2,-17459.406,0
2007-02-01,H8B3095NLGDM_diff_lag_2,-8399.6875,0
2007-03-01,H8B3095NLGDM_diff_lag_2,491.09375,0
2007-04-01,H8B3095NLGDM_diff_lag_2,-1044.5,0
2007-05-01,H8B3095NLGDM_diff_lag_2,19516.312,0
2007-06-01,H8B3095NLGDM_diff_lag_2,28549.906,0
2007-07-01,H8B3095NLGDM_diff_lag_2,-5318.0,0
2007-08-01,H8B3095NLGDM_diff_lag_2,3918.7812,0
2007-09-01,H8B3095NLGDM_diff_lag_2,28739.0,0
2007-10-01,H8B3095NLGDM_diff_lag_2,28691.594,0
2007-11-01,H8B3095NLGDM_diff_lag_2,64448.688,0
2007-12-01,H8B3095NLGDM_diff_lag_2,28234.812,0
2008-01-01,H8B3095NLGDM_diff_lag_2,128.6875,0
2008-02-01,H8B3095NLGDM_diff_lag_2,37142.125,0
2008-03-01,H8B3095NLGDM_diff_lag_2,43740.5,0
2008-04-01,H8B3095NLGDM_diff_lag_2,-27510.438,0
2008-05-01,H8B3095NLGDM_diff_lag_2,-79174.81,0
2008-06-01,H8B3095NLGDM_diff_lag_2,-46869.688,0
2008-07-01,H8B3095NLGDM_diff_lag_2,-15422.0,0
2008-08-01,H8B3095NLGDM_diff_lag_2,16534.5,0
2008-09-01,H8B3095NLGDM_diff_lag_2,34285.438,0
2008-10-01,H8B3095NLGDM_diff_lag_2,66281.625,0
2008-11-01,H8B3095NLGDM_diff_lag_2,101467.31,0
2008-12-01,H8B3095NLGDM_diff_lag_2,135091.56,0
2009-01-01,H8B3095NLGDM_diff_lag_2,-250.625,0
2009-02-01,H8B3095NLGDM_diff_lag_2,-142587.31,0
2009-03-01,H8B3095NLGDM_diff_lag_2,-54635.875,0
2009-04-01,H8B3095NLGDM_diff_lag_2,-49879.75,0
2009-05-01,H8B3095NLGDM_diff_lag_2,-75893.5,0
2009-06-01,H8B3095NLGDM_diff_lag_2,-21656.5,0
2009-07-01,H8B3095NLGDM_diff_lag_2,-40803.03,0
2009-08-01,H8B3095NLGDM_diff_lag_2,-60818.72,0
2009-09-01,H8B3095NLGDM_diff_lag_2,-24956.406,0
2009-10-01,H8B3095NLGDM_diff_lag_2,-25637.5,0
2009-11-01,H8B3095NLGDM_diff_lag_2,-17174.875,0
2009-12-01,H8B3095NLGDM_diff_lag_2,11823.5,0
2010-01-01,H8B3095NLGDM_diff_lag_2,-8610.0,0
2010-02-01,H8B3095NLGDM_diff_lag_2,-15832.0,0
2010-03-01,H8B3095NLGDM_diff_lag_2,-6247.9062,0
2010-04-01,H8B3095NLGDM_diff_lag_2,-5745.5,0
2010-05-01,H8B3095NLGDM_diff_lag_2,36962.594,0
2010-06-01,H8B3095NLGDM_diff_lag_2,39450.28,0
2010-07-01,H8B3095NLGDM_diff_lag_2,16775.688,0
2010-08-01,H8B3095NLGDM_diff_lag_2,42022.438,0
2010-09-01,H8B3095NLGDM_diff_lag_2,39386.125,0
2010-10-01,H8B3095NLGDM_diff_lag_2,49745.25,0
2010-11-01,H8B3095NLGDM_diff_lag_2,8466.0625,0
2010-12-01,H8B3095NLGDM_diff_lag_2,-54993.562,0
2011-01-01,H8B3095NLGDM_diff_lag_2,-39331.78,0
2011-02-01,H8B3095NLGDM_diff_lag_2,-50251.22,0
2011-03-01,H8B3095NLGDM_diff_lag_2,-37159.688,0
2011-04-01,H8B3095NLGDM_diff_lag_2,1889.0938,0
2011-05-01,H8B3095NLGDM_diff_lag_2,14144.5,0
2011-06-01,H8B3095NLGDM_diff_lag_2,19811.625,0
2011-07-01,H8B3095NLGDM_diff_lag_2,26133.594,0
2011-08-01,H8B3095NLGDM_diff_lag_2,50796.812,0
2011-09-01,H8B3095NLGDM_diff_lag_2,40008.5,0
2011-10-01,H8B3095NLGDM_diff_lag_2,4000.25,0
2011-11-01,H8B3095NLGDM_diff_lag_2,3633.1875,0
2011-12-01,H8B3095NLGDM_diff_lag_2,-14903.25,0
2012-01-01,H8B3095NLGDM_diff_lag_2,-21692.188,0
2012-02-01,H8B3095NLGDM_diff_lag_2,3990.5625,0
2012-03-01,H8B3095NLGDM_diff_lag_2,-24060.094,0
2012-04-01,H8B3095NLGDM_diff_lag_2,-20879.188,0
2012-05-01,H8B3095NLGDM_diff_lag_2,9484.094,0
2012-06-01,H8B3095NLGDM_diff_lag_2,7985.625,0
2012-07-01,H8B3095NLGDM_diff_lag_2,-9575.594,0
2012-08-01,H8B3095NLGDM_diff_lag_2,-19625.031,0
2012-09-01,H8B3095NLGDM_diff_lag_2,-4043.0,0
2012-10-01,H8B3095NLGDM_diff_lag_2,-7014.0938,0
2012-11-01,H8B3095NLGDM_diff_lag_2,-12555.719,0
2012-12-01,H8B3095NLGDM_diff_lag_2,-2693.0,0
2013-01-01,H8B3095NLGDM_diff_lag_2,-20105.375,0
2013-02-01,H8B3095NLGDM_diff_lag_2,-12220.1875,0
2013-03-01,H8B3095NLGDM_diff_lag_2,4309.5938,0
2013-04-01,H8B3095NLGDM_diff_lag_2,-2723.7188,0
2013-05-01,H8B3095NLGDM_diff_lag_2,-3032.9062,0
2013-06-01,H8B3095NLGDM_diff_lag_2,-10194.0,0
2013-07-01,H8B3095NLGDM_diff_lag_2,-23637.688,0
2013-08-01,H8B3095NLGDM_diff_lag_2,-18684.781,0
2013-09-01,H8B3095NLGDM_diff_lag_2,-3025.3125,0
2013-10-01,H8B3095NLGDM_diff_lag_2,-16536.0,0
2013-11-01,H8B3095NLGDM_diff_lag_2,-20763.188,0
2013-12-01,H8B3095NLGDM_diff_lag_2,-3840.2188,0
2014-01-01,H8B3095NLGDM_diff_lag_2,-10271.719,0
2014-02-01,H8B3095NLGDM_diff_lag_2,-7641.6875,0
2014-03-01,H8B3095NLGDM_diff_lag_2,-2247.9062,0
2014-04-01,H8B3095NLGDM_diff_lag_2,-29716.594,0
2014-05-01,H8B3095NLGDM_diff_lag_2,-17608.188,0
2014-06-01,H8B3095NLGDM_diff_lag_2,-1321.2188,0
2014-07-01,H8B3095NLGDM_diff_lag_2,-829.0,0
2014-08-01,H8B3095NLGDM_diff_lag_2,16995.219,0
2014-09-01,H8B3095NLGDM_diff_lag_2,26554.812,0
2014-10-01,H8B3095NLGDM_diff_lag_2,32059.875,0
2014-11-01,H8B3095NLGDM_diff_lag_2,33161.688,0
2014-12-01,H8B3095NLGDM_diff_lag_2,30540.406,0
2015-01-01,H8B3095NLGDM_diff_lag_2,48737.812,0
2015-02-01,H8B3095NLGDM_diff_lag_2,16680.594,0
2015-03-01,H8B3095NLGDM_diff_lag_2,-21763.719,0
2015-04-01,H8B3095NLGDM_diff_lag_2,-20539.781,0
2015-05-01,H8B3095NLGDM_diff_lag_2,-30729.0,0
2015-06-01,H8B3095NLGDM_diff_lag_2,-19281.906,0
2015-07-01,H8B3095NLGDM_diff_lag_2,-19986.0,0
2015-08-01,H8B3095NLGDM_diff_lag_2,-560.90625,0
2015-09-01,H8B3095NLGDM_diff_lag_2,3497.2188,0
2015-10-01,H8B3095NLGDM_diff_lag_2,-8222.094,0
2015-11-01,H8B3095NLGDM_diff_lag_2,3845.5,0
2015-12-01,H8B3095NLGDM_diff_lag_2,-23964.5,0
2016-01-01,H8B3095NLGDM_diff_lag_2,-10130.8125,0
2016-02-01,H8B3095NLGDM_diff_lag_2,23273.812,0
2016-03-01,H8B3095NLGDM_diff_lag_2,-4794.9062,0
2016-04-01,H8B3095NLGDM_diff_lag_2,-8799.719,0
2016-05-01,H8B3095NLGDM_diff_lag_2,-5143.6875,0
2016-06-01,H8B3095NLGDM_diff_lag_2,4177.7188,0
2016-07-01,H8B3095NLGDM_diff_lag_2,22289.594,0
2016-08-01,H8B3095NLGDM_diff_lag_2,11646.781,0
2016-09-01,H8B3095NLGDM_diff_lag_2,-7358.0938,0
2016-10-01,H8B3095NLGDM_diff_lag_2,-12881.281,0
2016-11-01,H8B3095NLGDM_diff_lag_2,-9060.719,0
2016-12-01,H8B3095NLGDM_diff_lag_2,-14105.906,0
2017-01-01,H8B3095NLGDM_diff_lag_2,-37312.594,0
2017-02-01,H8B3095NLGDM_diff_lag_2,-19879.312,0
2017-03-01,H8B3095NLGDM_diff_lag_2,5581.0,0
2017-04-01,H8B3095NLGDM_diff_lag_2,-13582.406,0
2017-05-01,H8B3095NLGDM_diff_lag_2,-3898.5,0
2017-06-01,H8B3095NLGDM_diff_lag_2,10245.625,0
2017-07-01,H8B3095NLGDM_diff_lag_2,6592.9062,0
2017-08-01,H8B3095NLGDM_diff_lag_2,-3598.5,0
2017-09-01,H8B3095NLGDM_diff_lag_2,-1792.5938,0
2017-10-01,H8B3095NLGDM_diff_lag_2,-5483.125,0
2017-11-01,H8B3095NLGDM_diff_lag_2,-13374.906,0
2017-12-01,H8B3095NLGDM_diff_lag_2,-10068.594,0
2018-01-01,H8B3095NLGDM_diff_lag_2,11713.5,0
2018-02-01,H8B3095NLGDM_diff_lag_2,2084.3125,0
2018-03-01,H8B3095NLGDM_diff_lag_2,-29326.906,0
2018-04-01,H8B3095NLGDM_diff_lag_2,-10501.406,0
2018-05-01,H8B3095NLGDM_diff_lag_2,18976.5,0
2018-06-01,H8B3095NLGDM_diff_lag_2,6912.4062,0
2018-07-01,H8B3095NLGDM_diff_lag_2,-16092.406,0
2018-08-01,H8B3095NLGDM_diff_lag_2,7225.2812,0
2018-09-01,H8B3095NLGDM_diff_lag_2,28422.312,0
2018-10-01,H8B3095NLGDM_diff_lag_2,23428.219,0
2018-11-01,H8B3095NLGDM_diff_lag_2,2725.5,0
2018-12-01,H8B3095NLGDM_diff_lag_2,-21545.406,0
2019-01-01,H8B3095NLGDM_diff_lag_2,-29548.594,0
2019-02-01,H8B3095NLGDM_diff_lag_2,18983.594,0
2019-03-01,H8B3095NLGDM_diff_lag_2,42392.5,0
2019-04-01,H8B3095NLGDM_diff_lag_2,-32548.781,0
2019-05-01,H8B3095NLGDM_diff_lag_2,-35715.312,0
2019-06-01,H8B3095NLGDM_diff_lag_2,25429.875,0
2019-07-01,H8B3095NLGDM_diff_lag_2,13473.594,0
2019-08-01,H8B3095NLGDM_diff_lag_2,26247.5,0
2019-09-01,H8B3095NLGDM_diff_lag_2,25280.812,0
2019-10-01,H8B3095NLGDM_diff_lag_2,-10547.281,0
2019-11-01,H8B3095NLGDM_diff_lag_2,-1791.9062,0
2019-12-01,H8B3095NLGDM_diff_lag_2,-12411.3125,0
2020-01-01,H8B3095NLGDM_diff_lag_2,5518.4062,0
2020-02-01,H8B3095NLGDM_diff_lag_2,54295.72,0
2020-03-01,H8B3095NLGDM_diff_lag_2,113635.875,0
2020-04-01,H8B3095NLGDM_diff_lag_2,42640.875,0
2020-05-01,H8B3095NLGDM_diff_lag_2,-51676.375,0
2020-06-01,H8B3095NLGDM_diff_lag_2,-21042.688,0
2020-07-01,H8B3095NLGDM_diff_lag_2,-10593.1875,0
2020-08-01,H8B3095NLGDM_diff_lag_2,-8667.0,0
2020-09-01,H8B3095NLGDM_diff_lag_2,-28374.219,0
2020-10-01,H8B3095NLGDM_diff_lag_2,-14477.6875,0
2020-11-01,H8B3095NLGDM_diff_lag_2,16065.406,0
2020-12-01,H8B3095NLGDM_diff_lag_2,66.6875,0
2021-01-01,H8B3095NLGDM_diff_lag_2,23527.906,0
2021-02-01,H8B3095NLGDM_diff_lag_2,25681.094,0
2021-03-01,H8B3095NLGDM_diff_lag_2,6477.0938,0
2021-04-01,H8B3095NLGDM_diff_lag_2,-8736.0,0
2021-05-01,H8B3095NLGDM_diff_lag_2,-20911.906,0
2021-06-01,H8B3095NLGDM_diff_lag_2,2882.7188,0
2021-07-01,H8B3095NLGDM_diff_lag_2,-10102.0,0
2021-08-01,H8B3095NLGDM_diff_lag_2,-1476.125,0
2021-09-01,H8B3095NLGDM_diff_lag_2,19160.719,0
2021-10-01,H8B3095NLGDM_diff_lag_2,22386.719,0
2021-11-01,H8B3095NLGDM_diff_lag_2,21360.5,0
2021-12-01,H8B3095NLGDM_diff_lag_2,-40198.594,0
2022-01-01,H8B3095NLGDM_diff_lag_2,-31934.812,0
2022-02-01,H8B3095NLGDM_diff_lag_2,8402.281,0
2022-03-01,H8B3095NLGDM_diff_lag_2,5858.6875,0
2022-04-01,H8B3095NLGDM_diff_lag_2,22505.812,0
2022-05-01,H8B3095NLGDM_diff_lag_2,7854.5,0
2022-06-01,H8B3095NLGDM_diff_lag_2,-2286.0,0
2022-07-01,H8B3095NLGDM_diff_lag_2,4737.8125,0
2022-08-01,H8B3095NLGDM_diff_lag_2,12338.6875,0
2022-09-01,H8B3095NLGDM_diff_lag_2,12844.406,0
2022-10-01,H8B3095NLGDM_diff_lag_2,27034.312,0
2022-11-01,H8B3095NLGDM_diff_lag_2,42442.28,0
2022-12-01,H8B3095NLGDM_diff_lag_2,-15588.594,0
2023-01-01,H8B3095NLGDM_diff_lag_2,-44789.78,0
2000-01-01,H8B3305NSMCMG_diff_lag_2,3.1999998,0
2000-02-01,H8B3305NSMCMG_diff_lag_2,-8.5,0
2000-03-01,H8B3305NSMCMG_diff_lag_2,8.200001,0
2000-04-01,H8B3305NSMCMG_diff_lag_2,-16.4,0
2000-05-01,H8B3305NSMCMG_diff_lag_2,-18.400002,0
2000-06-01,H8B3305NSMCMG_diff_lag_2,-23.4,0
2000-07-01,H8B3305NSMCMG_diff_lag_2,-75.4,0
2000-08-01,H8B3305NSMCMG_diff_lag_2,76.3,0
2000-09-01,H8B3305NSMCMG_diff_lag_2,68.6,0
2000-10-01,H8B3305NSMCMG_diff_lag_2,-52.5,0
2000-11-01,H8B3305NSMCMG_diff_lag_2,26.9,0
2000-12-01,H8B3305NSMCMG_diff_lag_2,0.10000038,0
2001-01-01,H8B3305NSMCMG_diff_lag_2,-5.5,0
2001-02-01,H8B3305NSMCMG_diff_lag_2,24.7,0
2001-03-01,H8B3305NSMCMG_diff_lag_2,-16.1,0
2001-04-01,H8B3305NSMCMG_diff_lag_2,6.8999996,0
2001-05-01,H8B3305NSMCMG_diff_lag_2,-5.3,0
2001-06-01,H8B3305NSMCMG_diff_lag_2,-43.4,0
2001-07-01,H8B3305NSMCMG_diff_lag_2,7.0,0
2001-08-01,H8B3305NSMCMG_diff_lag_2,-5.8999977,0
2001-09-01,H8B3305NSMCMG_diff_lag_2,36.5,0
2001-10-01,H8B3305NSMCMG_diff_lag_2,-13.900002,0
2001-11-01,H8B3305NSMCMG_diff_lag_2,-34.5,0
2001-12-01,H8B3305NSMCMG_diff_lag_2,25.6,0
2002-01-01,H8B3305NSMCMG_diff_lag_2,-35.2,0
2002-02-01,H8B3305NSMCMG_diff_lag_2,2.8999996,0
2002-03-01,H8B3305NSMCMG_diff_lag_2,41.300003,0
2002-04-01,H8B3305NSMCMG_diff_lag_2,3.6999998,0
2002-05-01,H8B3305NSMCMG_diff_lag_2,-42.7,0
2002-06-01,H8B3305NSMCMG_diff_lag_2,29.3,0
2002-07-01,H8B3305NSMCMG_diff_lag_2,52.800003,0
2002-08-01,H8B3305NSMCMG_diff_lag_2,-2.3999996,0
2002-09-01,H8B3305NSMCMG_diff_lag_2,-17.900002,0
2002-10-01,H8B3305NSMCMG_diff_lag_2,9.4,0
2002-11-01,H8B3305NSMCMG_diff_lag_2,35.600002,0
2002-12-01,H8B3305NSMCMG_diff_lag_2,-68.3,0
2003-01-01,H8B3305NSMCMG_diff_lag_2,-96.2,0
2003-02-01,H8B3305NSMCMG_diff_lag_2,43.3,0
2003-03-01,H8B3305NSMCMG_diff_lag_2,86.7,0
2003-04-01,H8B3305NSMCMG_diff_lag_2,17.6,0
2003-05-01,H8B3305NSMCMG_diff_lag_2,-41.4,0
2003-06-01,H8B3305NSMCMG_diff_lag_2,3.8999996,0
2003-07-01,H8B3305NSMCMG_diff_lag_2,30.6,0
2003-08-01,H8B3305NSMCMG_diff_lag_2,1.2999992,0
2003-09-01,H8B3305NSMCMG_diff_lag_2,-24.7,0
2003-10-01,H8B3305NSMCMG_diff_lag_2,-39.3,0
2003-11-01,H8B3305NSMCMG_diff_lag_2,-5.7999997,0
2003-12-01,H8B3305NSMCMG_diff_lag_2,12.8,0
2004-01-01,H8B3305NSMCMG_diff_lag_2,11.4,0
2004-02-01,H8B3305NSMCMG_diff_lag_2,15.4,0
2004-03-01,H8B3305NSMCMG_diff_lag_2,19.1,0
2004-04-01,H8B3305NSMCMG_diff_lag_2,3.6000004,0
2004-05-01,H8B3305NSMCMG_diff_lag_2,14.499998,0
2004-06-01,H8B3305NSMCMG_diff_lag_2,-25.8,0
2004-07-01,H8B3305NSMCMG_diff_lag_2,115.299995,0
2004-08-01,H8B3305NSMCMG_diff_lag_2,60.3,0
2004-09-01,H8B3305NSMCMG_diff_lag_2,-147.29999,0
2004-10-01,H8B3305NSMCMG_diff_lag_2,-56.8,0
2004-11-01,H8B3305NSMCMG_diff_lag_2,11.099999,0
2004-12-01,H8B3305NSMCMG_diff_lag_2,1.6000004,0
2005-01-01,H8B3305NSMCMG_diff_lag_2,0.0,0
2005-02-01,H8B3305NSMCMG_diff_lag_2,1.5999994,0
2005-03-01,H8B3305NSMCMG_diff_lag_2,-14.3,0
2005-04-01,H8B3305NSMCMG_diff_lag_2,7.8,0
2005-05-01,H8B3305NSMCMG_diff_lag_2,4.8,0
2005-06-01,H8B3305NSMCMG_diff_lag_2,-4.7,0
2005-07-01,H8B3305NSMCMG_diff_lag_2,31.599998,0
2005-08-01,H8B3305NSMCMG_diff_lag_2,38.5,0
2005-09-01,H8B3305NSMCMG_diff_lag_2,-28.8,0
2005-10-01,H8B3305NSMCMG_diff_lag_2,-35.3,0
2005-11-01,H8B3305NSMCMG_diff_lag_2,7.3999996,0
2005-12-01,H8B3305NSMCMG_diff_lag_2,13.3,0
2006-01-01,H8B3305NSMCMG_diff_lag_2,4.1000004,0
2006-02-01,H8B3305NSMCMG_diff_lag_2,-8.9,0
2006-03-01,H8B3305NSMCMG_diff_lag_2,-1.6999998,0
2006-04-01,H8B3305NSMCMG_diff_lag_2,-10.0,0
2006-05-01,H8B3305NSMCMG_diff_lag_2,-4.4000006,0
2006-06-01,H8B3305NSMCMG_diff_lag_2,4.3,0
2006-07-01,H8B3305NSMCMG_diff_lag_2,4.1000004,0
2006-08-01,H8B3305NSMCMG_diff_lag_2,26.5,0
2006-09-01,H8B3305NSMCMG_diff_lag_2,-8.7,0
2006-10-01,H8B3305NSMCMG_diff_lag_2,-12.800001,0
2006-11-01,H8B3305NSMCMG_diff_lag_2,-0.10000038,0
2006-12-01,H8B3305NSMCMG_diff_lag_2,-2.8999996,0
2007-01-01,H8B3305NSMCMG_diff_lag_2,4.0,0
2007-02-01,H8B3305NSMCMG_diff_lag_2,-19.9,0
2007-03-01,H8B3305NSMCMG_diff_lag_2,-10.7,0
2007-04-01,H8B3305NSMCMG_diff_lag_2,47.9,0
2007-05-01,H8B3305NSMCMG_diff_lag_2,-14.2,0
2007-06-01,H8B3305NSMCMG_diff_lag_2,-29.4,0
2007-07-01,H8B3305NSMCMG_diff_lag_2,5.0999994,0
2007-08-01,H8B3305NSMCMG_diff_lag_2,27.499998,0
2007-09-01,H8B3305NSMCMG_diff_lag_2,24.400002,0
2007-10-01,H8B3305NSMCMG_diff_lag_2,-34.1,0
2007-11-01,H8B3305NSMCMG_diff_lag_2,-4.0,0
2007-12-01,H8B3305NSMCMG_diff_lag_2,23.7,0
2008-01-01,H8B3305NSMCMG_diff_lag_2,15.599999,0
2008-02-01,H8B3305NSMCMG_diff_lag_2,2.5999985,0
2008-03-01,H8B3305NSMCMG_diff_lag_2,-48.0,0
2008-04-01,H8B3305NSMCMG_diff_lag_2,-7.199999,0
2008-05-01,H8B3305NSMCMG_diff_lag_2,25.8,0
2008-06-01,H8B3305NSMCMG_diff_lag_2,-28.5,0
2008-07-01,H8B3305NSMCMG_diff_lag_2,9.400001,0
2008-08-01,H8B3305NSMCMG_diff_lag_2,28.0,0
2008-09-01,H8B3305NSMCMG_diff_lag_2,11.1,0
2008-10-01,H8B3305NSMCMG_diff_lag_2,-10.700001,0
2008-11-01,H8B3305NSMCMG_diff_lag_2,-52.0,0
2008-12-01,H8B3305NSMCMG_diff_lag_2,-2.2000003,0
2009-01-01,H8B3305NSMCMG_diff_lag_2,60.899998,0
2009-02-01,H8B3305NSMCMG_diff_lag_2,-5.7,0
2009-03-01,H8B3305NSMCMG_diff_lag_2,-60.6,0
2009-04-01,H8B3305NSMCMG_diff_lag_2,-4.5,0
2009-05-01,H8B3305NSMCMG_diff_lag_2,22.0,0
2009-06-01,H8B3305NSMCMG_diff_lag_2,-17.1,0
2009-07-01,H8B3305NSMCMG_diff_lag_2,4.5,0
2009-08-01,H8B3305NSMCMG_diff_lag_2,25.1,0
2009-09-01,H8B3305NSMCMG_diff_lag_2,-5.8,0
2009-10-01,H8B3305NSMCMG_diff_lag_2,0.0,0
2009-11-01,H8B3305NSMCMG_diff_lag_2,-4.5999994,0
2009-12-01,H8B3305NSMCMG_diff_lag_2,-17.5,0
2010-01-01,H8B3305NSMCMG_diff_lag_2,16.3,0
2010-02-01,H8B3305NSMCMG_diff_lag_2,-3.6000004,0
2010-03-01,H8B3305NSMCMG_diff_lag_2,-11.9,0
2010-04-01,H8B3305NSMCMG_diff_lag_2,39.2,0
2010-05-01,H8B3305NSMCMG_diff_lag_2,9.5,0
2010-06-01,H8B3305NSMCMG_diff_lag_2,-18.1,0
2010-07-01,H8B3305NSMCMG_diff_lag_2,3.5,0
2010-08-01,H8B3305NSMCMG_diff_lag_2,4.7,0
2010-09-01,H8B3305NSMCMG_diff_lag_2,-8.2,0
2010-10-01,H8B3305NSMCMG_diff_lag_2,-8.2,0
2010-11-01,H8B3305NSMCMG_diff_lag_2,9.3,0
2010-12-01,H8B3305NSMCMG_diff_lag_2,-3.5,0
2011-01-01,H8B3305NSMCMG_diff_lag_2,3.3999996,0
2011-02-01,H8B3305NSMCMG_diff_lag_2,6.9,0
2011-03-01,H8B3305NSMCMG_diff_lag_2,-27.5,0
2011-04-01,H8B3305NSMCMG_diff_lag_2,17.4,0
2011-05-01,H8B3305NSMCMG_diff_lag_2,22.8,0
2011-06-01,H8B3305NSMCMG_diff_lag_2,-16.3,0
2011-07-01,H8B3305NSMCMG_diff_lag_2,7.8,0
2011-08-01,H8B3305NSMCMG_diff_lag_2,12.200001,0
2011-09-01,H8B3305NSMCMG_diff_lag_2,8.4,0
2011-10-01,H8B3305NSMCMG_diff_lag_2,8.0,0
2011-11-01,H8B3305NSMCMG_diff_lag_2,-9.3,0
2011-12-01,H8B3305NSMCMG_diff_lag_2,-11.200001,0
2012-01-01,H8B3305NSMCMG_diff_lag_2,-3.3999996,0
2012-02-01,H8B3305NSMCMG_diff_lag_2,0.8000002,0
2012-03-01,H8B3305NSMCMG_diff_lag_2,-8.3,0
2012-04-01,H8B3305NSMCMG_diff_lag_2,25.0,0
2012-05-01,H8B3305NSMCMG_diff_lag_2,16.5,0
2012-06-01,H8B3305NSMCMG_diff_lag_2,-23.0,0
2012-07-01,H8B3305NSMCMG_diff_lag_2,2.3999996,0
2012-08-01,H8B3305NSMCMG_diff_lag_2,3.3000011,0
2012-09-01,H8B3305NSMCMG_diff_lag_2,-13.599999,0
2012-10-01,H8B3305NSMCMG_diff_lag_2,-16.0,0
2012-11-01,H8B3305NSMCMG_diff_lag_2,0.0,0
2012-12-01,H8B3305NSMCMG_diff_lag_2,27.1,0
2013-01-01,H8B3305NSMCMG_diff_lag_2,-2.0,0
2013-02-01,H8B3305NSMCMG_diff_lag_2,-23.7,0
2013-03-01,H8B3305NSMCMG_diff_lag_2,-15.8,0
2013-04-01,H8B3305NSMCMG_diff_lag_2,8.8,0
2013-05-01,H8B3305NSMCMG_diff_lag_2,25.3,0
2013-06-01,H8B3305NSMCMG_diff_lag_2,6.499999,0
2013-07-01,H8B3305NSMCMG_diff_lag_2,-7.2000003,0
2013-08-01,H8B3305NSMCMG_diff_lag_2,-16.4,0
2013-09-01,H8B3305NSMCMG_diff_lag_2,0.7000003,0
2013-10-01,H8B3305NSMCMG_diff_lag_2,15.6,0
2013-11-01,H8B3305NSMCMG_diff_lag_2,-8.3,0
2013-12-01,H8B3305NSMCMG_diff_lag_2,-9.3,0
2014-01-01,H8B3305NSMCMG_diff_lag_2,8.8,0
2014-02-01,H8B3305NSMCMG_diff_lag_2,3.8000002,0
2014-03-01,H8B3305NSMCMG_diff_lag_2,-9.6,0
2014-04-01,H8B3305NSMCMG_diff_lag_2,6.1000004,0
2014-05-01,H8B3305NSMCMG_diff_lag_2,17.0,0
2014-06-01,H8B3305NSMCMG_diff_lag_2,-10.6,0
2014-07-01,H8B3305NSMCMG_diff_lag_2,10.299999,0
2014-08-01,H8B3305NSMCMG_diff_lag_2,5.5,0
2014-09-01,H8B3305NSMCMG_diff_lag_2,-9.0,0
2014-10-01,H8B3305NSMCMG_diff_lag_2,-5.5,0
2014-11-01,H8B3305NSMCMG_diff_lag_2,-1.8000002,0
2014-12-01,H8B3305NSMCMG_diff_lag_2,24.400002,0
2015-01-01,H8B3305NSMCMG_diff_lag_2,6.0999994,0
2015-02-01,H8B3305NSMCMG_diff_lag_2,-1.0,0
2015-03-01,H8B3305NSMCMG_diff_lag_2,17.900002,0
2015-04-01,H8B3305NSMCMG_diff_lag_2,-25.400002,0
2015-05-01,H8B3305NSMCMG_diff_lag_2,-32.8,0
2015-06-01,H8B3305NSMCMG_diff_lag_2,0.5,0
2015-07-01,H8B3305NSMCMG_diff_lag_2,-2.0,0
2015-08-01,H8B3305NSMCMG_diff_lag_2,1.6999998,0
2015-09-01,H8B3305NSMCMG_diff_lag_2,9.1,0
2015-10-01,H8B3305NSMCMG_diff_lag_2,-8.7,0
2015-11-01,H8B3305NSMCMG_diff_lag_2,-10.4,0
2015-12-01,H8B3305NSMCMG_diff_lag_2,28.1,0
2016-01-01,H8B3305NSMCMG_diff_lag_2,41.9,0
2016-02-01,H8B3305NSMCMG_diff_lag_2,-20.400002,0
2016-03-01,H8B3305NSMCMG_diff_lag_2,-31.6,0
2016-04-01,H8B3305NSMCMG_diff_lag_2,2.0,0
2016-05-01,H8B3305NSMCMG_diff_lag_2,-9.5,0
2016-06-01,H8B3305NSMCMG_diff_lag_2,-3.5,0
2016-07-01,H8B3305NSMCMG_diff_lag_2,5.2999997,0
2016-08-01,H8B3305NSMCMG_diff_lag_2,1.0,0
2016-09-01,H8B3305NSMCMG_diff_lag_2,-11.799999,0
2016-10-01,H8B3305NSMCMG_diff_lag_2,-15.0,0
2016-11-01,H8B3305NSMCMG_diff_lag_2,4.2,0
2016-12-01,H8B3305NSMCMG_diff_lag_2,-1.0999999,0
2017-01-01,H8B3305NSMCMG_diff_lag_2,0.0,0
2017-02-01,H8B3305NSMCMG_diff_lag_2,11.200001,0
2017-03-01,H8B3305NSMCMG_diff_lag_2,-4.8,0
2017-04-01,H8B3305NSMCMG_diff_lag_2,10.099999,0
2017-05-01,H8B3305NSMCMG_diff_lag_2,13.7,0
2017-06-01,H8B3305NSMCMG_diff_lag_2,-13.799999,0
2017-07-01,H8B3305NSMCMG_diff_lag_2,10.799999,0
2017-08-01,H8B3305NSMCMG_diff_lag_2,14.2,0
2017-09-01,H8B3305NSMCMG_diff_lag_2,-8.199999,0
2017-10-01,H8B3305NSMCMG_diff_lag_2,1.5999994,0
2017-11-01,H8B3305NSMCMG_diff_lag_2,-21.0,0
2017-12-01,H8B3305NSMCMG_diff_lag_2,-1.1000004,0
2018-01-01,H8B3305NSMCMG_diff_lag_2,25.0,0
2018-02-01,H8B3305NSMCMG_diff_lag_2,-7.199999,0
2018-03-01,H8B3305NSMCMG_diff_lag_2,-19.0,0
2018-04-01,H8B3305NSMCMG_diff_lag_2,1.8999996,0
2018-05-01,H8B3305NSMCMG_diff_lag_2,-1.4,0
2018-06-01,H8B3305NSMCMG_diff_lag_2,-2.8999996,0
2018-07-01,H8B3305NSMCMG_diff_lag_2,25.0,0
2018-08-01,H8B3305NSMCMG_diff_lag_2,-3.9000006,0
2018-09-01,H8B3305NSMCMG_diff_lag_2,-17.6,0
2018-10-01,H8B3305NSMCMG_diff_lag_2,-0.099999905,0
2018-11-01,H8B3305NSMCMG_diff_lag_2,-10.1,0
2018-12-01,H8B3305NSMCMG_diff_lag_2,12.9,0
2019-01-01,H8B3305NSMCMG_diff_lag_2,22.7,0
2019-02-01,H8B3305NSMCMG_diff_lag_2,-1.8000002,0
2019-03-01,H8B3305NSMCMG_diff_lag_2,-10.1,0
2019-04-01,H8B3305NSMCMG_diff_lag_2,2.4000006,0
2019-05-01,H8B3305NSMCMG_diff_lag_2,7.6,0
2019-06-01,H8B3305NSMCMG_diff_lag_2,-17.2,0
2019-07-01,H8B3305NSMCMG_diff_lag_2,-3.1999998,0
2019-08-01,H8B3305NSMCMG_diff_lag_2,17.4,0
2019-09-01,H8B3305NSMCMG_diff_lag_2,-1.1000004,0
2019-10-01,H8B3305NSMCMG_diff_lag_2,-4.199999,0
2019-11-01,H8B3305NSMCMG_diff_lag_2,-5.0999994,0
2019-12-01,H8B3305NSMCMG_diff_lag_2,-9.5,0
2020-01-01,H8B3305NSMCMG_diff_lag_2,-1.7000003,0
2020-02-01,H8B3305NSMCMG_diff_lag_2,4.0000005,0
2020-03-01,H8B3305NSMCMG_diff_lag_2,55.800003,0
2020-04-01,H8B3305NSMCMG_diff_lag_2,35.1,0
2020-05-01,H8B3305NSMCMG_diff_lag_2,-76.4,0
2020-06-01,H8B3305NSMCMG_diff_lag_2,-51.4,0
2020-07-01,H8B3305NSMCMG_diff_lag_2,33.6,0
2020-08-01,H8B3305NSMCMG_diff_lag_2,11.2,0
2020-09-01,H8B3305NSMCMG_diff_lag_2,-4.4000006,0
2020-10-01,H8B3305NSMCMG_diff_lag_2,11.7,0
2020-11-01,H8B3305NSMCMG_diff_lag_2,-20.2,0
2020-12-01,H8B3305NSMCMG_diff_lag_2,4.3,0
2021-01-01,H8B3305NSMCMG_diff_lag_2,32.8,0
2021-02-01,H8B3305NSMCMG_diff_lag_2,4.299999,0
2021-03-01,H8B3305NSMCMG_diff_lag_2,-30.3,0
2021-04-01,H8B3305NSMCMG_diff_lag_2,-41.699997,0
2021-05-01,H8B3305NSMCMG_diff_lag_2,-3.0,0
2021-06-01,H8B3305NSMCMG_diff_lag_2,22.0,0
2021-07-01,H8B3305NSMCMG_diff_lag_2,17.0,0
2021-08-01,H8B3305NSMCMG_diff_lag_2,7.0000005,0
2021-09-01,H8B3305NSMCMG_diff_lag_2,-1.9000001,0
2021-10-01,H8B3305NSMCMG_diff_lag_2,-2.6000004,0
2021-11-01,H8B3305NSMCMG_diff_lag_2,-7.6,0
2021-12-01,H8B3305NSMCMG_diff_lag_2,15.4,0
2022-01-01,H8B3305NSMCMG_diff_lag_2,6.1,0
2022-02-01,H8B3305NSMCMG_diff_lag_2,-21.4,0
2022-03-01,H8B3305NSMCMG_diff_lag_2,-13.200001,0
2022-04-01,H8B3305NSMCMG_diff_lag_2,12.6,0
2022-05-01,H8B3305NSMCMG_diff_lag_2,8.1,0
2022-06-01,H8B3305NSMCMG_diff_lag_2,-6.6000004,0
2022-07-01,H8B3305NSMCMG_diff_lag_2,-3.3,0
2022-08-01,H8B3305NSMCMG_diff_lag_2,-5.7,0
2022-09-01,H8B3305NSMCMG_diff_lag_2,5.0,0
2022-10-01,H8B3305NSMCMG_diff_lag_2,6.3,0
2022-11-01,H8B3305NSMCMG_diff_lag_2,-25.400002,0
2022-12-01,H8B3305NSMCMG_diff_lag_2,-1.2000003,0
2023-01-01,H8B3305NSMCMG_diff_lag_2,46.4,0
2000-01-01,LNU02026628_perc_diff_lag_1,-6.594656,0
2000-02-01,LNU02026628_perc_diff_lag_1,-2.2519782,0
2000-03-01,LNU02026628_perc_diff_lag_1,8.0946455,0
2000-04-01,LNU02026628_perc_diff_lag_1,-7.891705,0
2000-05-01,LNU02026628_perc_diff_lag_1,-0.6253909,0
2000-06-01,LNU02026628_perc_diff_lag_1,-1.6362492,0
2000-07-01,LNU02026628_perc_diff_lag_1,1.4715291,0
2000-08-01,LNU02026628_perc_diff_lag_1,-11.85372,0
2000-09-01,LNU02026628_perc_diff_lag_1,12.088698,0
2000-10-01,LNU02026628_perc_diff_lag_1,2.0421188,0
2000-11-01,LNU02026628_perc_diff_lag_1,-2.6266418,0
2000-12-01,LNU02026628_perc_diff_lag_1,9.569685,0
2001-01-01,LNU02026628_perc_diff_lag_1,-12.954279,0
2001-02-01,LNU02026628_perc_diff_lag_1,9.62963,0
2001-03-01,LNU02026628_perc_diff_lag_1,7.248157,0
2001-04-01,LNU02026628_perc_diff_lag_1,-9.793815,0
2001-05-01,LNU02026628_perc_diff_lag_1,4.4444447,0
2001-06-01,LNU02026628_perc_diff_lag_1,-5.8358665,0
2001-07-01,LNU02026628_perc_diff_lag_1,1.5493867,0
2001-08-01,LNU02026628_perc_diff_lag_1,-10.298792,0
2001-09-01,LNU02026628_perc_diff_lag_1,12.260808,0
2001-10-01,LNU02026628_perc_diff_lag_1,4.1666665,0
2001-11-01,LNU02026628_perc_diff_lag_1,-8.242424,0
2001-12-01,LNU02026628_perc_diff_lag_1,3.8309114,0
2002-01-01,LNU02026628_perc_diff_lag_1,-3.1806617,0
2002-02-01,LNU02026628_perc_diff_lag_1,7.4901447,0
2002-03-01,LNU02026628_perc_diff_lag_1,0.55012226,0
2002-04-01,LNU02026628_perc_diff_lag_1,-6.200608,0
2002-05-01,LNU02026628_perc_diff_lag_1,1.9442644,0
2002-06-01,LNU02026628_perc_diff_lag_1,-3.4329307,0
2002-07-01,LNU02026628_perc_diff_lag_1,3.4891376,0
2002-08-01,LNU02026628_perc_diff_lag_1,-11.068703,0
2002-09-01,LNU02026628_perc_diff_lag_1,13.733906,0
2002-10-01,LNU02026628_perc_diff_lag_1,9.308176,0
2002-11-01,LNU02026628_perc_diff_lag_1,-7.4798617,0
2002-12-01,LNU02026628_perc_diff_lag_1,7.89801,0
2003-01-01,LNU02026628_perc_diff_lag_1,-7.7809796,0
2003-02-01,LNU02026628_perc_diff_lag_1,7.5,0
2003-03-01,LNU02026628_perc_diff_lag_1,-1.6860465,0
2003-04-01,LNU02026628_perc_diff_lag_1,-2.3063276,0
2003-05-01,LNU02026628_perc_diff_lag_1,-1.3317192,0
2003-06-01,LNU02026628_perc_diff_lag_1,-4.1104293,0
2003-07-01,LNU02026628_perc_diff_lag_1,3.262956,0
2003-08-01,LNU02026628_perc_diff_lag_1,-5.328377,0
2003-09-01,LNU02026628_perc_diff_lag_1,8.049738,0
2003-10-01,LNU02026628_perc_diff_lag_1,11.447607,0
2003-11-01,LNU02026628_perc_diff_lag_1,-7.6630435,0
2003-12-01,LNU02026628_perc_diff_lag_1,-4.7675104,0
2004-01-01,LNU02026628_perc_diff_lag_1,3.8936958,0
2004-02-01,LNU02026628_perc_diff_lag_1,4.283165,0
2004-03-01,LNU02026628_perc_diff_lag_1,-2.4529378,0
2004-04-01,LNU02026628_perc_diff_lag_1,-4.502924,0
2004-05-01,LNU02026628_perc_diff_lag_1,0.9797918,0
2004-06-01,LNU02026628_perc_diff_lag_1,-2.1224985,0
2004-07-01,LNU02026628_perc_diff_lag_1,6.0099134,0
2004-08-01,LNU02026628_perc_diff_lag_1,-7.6563416,0
2004-09-01,LNU02026628_perc_diff_lag_1,2.4050634,0
2004-10-01,LNU02026628_perc_diff_lag_1,6.304079,0
2004-11-01,LNU02026628_perc_diff_lag_1,-0.81395346,0
2004-12-01,LNU02026628_perc_diff_lag_1,2.989449,0
2005-01-01,LNU02026628_perc_diff_lag_1,-8.252704,0
2005-02-01,LNU02026628_perc_diff_lag_1,8.312655,0
2005-03-01,LNU02026628_perc_diff_lag_1,1.0882016,0
2005-04-01,LNU02026628_perc_diff_lag_1,-3.2294617,0
2005-05-01,LNU02026628_perc_diff_lag_1,2.1077282,0
2005-06-01,LNU02026628_perc_diff_lag_1,0.40137616,0
2005-07-01,LNU02026628_perc_diff_lag_1,-5.08281,0
2005-08-01,LNU02026628_perc_diff_lag_1,-5.4151626,0
2005-09-01,LNU02026628_perc_diff_lag_1,9.732824,0
2005-10-01,LNU02026628_perc_diff_lag_1,-1.2173913,0
2005-11-01,LNU02026628_perc_diff_lag_1,-0.9976526,0
2005-12-01,LNU02026628_perc_diff_lag_1,7.7652636,0
2006-01-01,LNU02026628_perc_diff_lag_1,-7.480748,0
2006-02-01,LNU02026628_perc_diff_lag_1,1.0701545,0
2006-03-01,LNU02026628_perc_diff_lag_1,0.7647059,0
2006-04-01,LNU02026628_perc_diff_lag_1,0.17513135,0
2006-05-01,LNU02026628_perc_diff_lag_1,4.5454545,0
2006-06-01,LNU02026628_perc_diff_lag_1,-14.2140465,0
2006-07-01,LNU02026628_perc_diff_lag_1,5.1981807,0
2006-08-01,LNU02026628_perc_diff_lag_1,-4.7560225,0
2006-09-01,LNU02026628_perc_diff_lag_1,8.4954605,0
2006-10-01,LNU02026628_perc_diff_lag_1,-2.9886432,0
2006-11-01,LNU02026628_perc_diff_lag_1,9.673444,0
2006-12-01,LNU02026628_perc_diff_lag_1,-2.9213483,0
2007-01-01,LNU02026628_perc_diff_lag_1,1.3888888,0
2007-02-01,LNU02026628_perc_diff_lag_1,6.563927,0
2007-03-01,LNU02026628_perc_diff_lag_1,1.981789,0
2007-04-01,LNU02026628_perc_diff_lag_1,-6.355042,0
2007-05-01,LNU02026628_perc_diff_lag_1,3.813797,0
2007-06-01,LNU02026628_perc_diff_lag_1,-2.5391681,0
2007-07-01,LNU02026628_perc_diff_lag_1,-3.9911308,0
2007-08-01,LNU02026628_perc_diff_lag_1,-13.972286,0
2007-09-01,LNU02026628_perc_diff_lag_1,10.872483,0
2007-10-01,LNU02026628_perc_diff_lag_1,4.661017,0
2007-11-01,LNU02026628_perc_diff_lag_1,0.1156738,0
2007-12-01,LNU02026628_perc_diff_lag_1,7.9145,0
2008-01-01,LNU02026628_perc_diff_lag_1,-12.6873665,0
2008-02-01,LNU02026628_perc_diff_lag_1,9.871244,0
2008-03-01,LNU02026628_perc_diff_lag_1,-5.524554,0
2008-04-01,LNU02026628_perc_diff_lag_1,6.969876,0
2008-05-01,LNU02026628_perc_diff_lag_1,0.8834898,0
2008-06-01,LNU02026628_perc_diff_lag_1,-1.6967707,0
2008-07-01,LNU02026628_perc_diff_lag_1,-0.72383076,0
2008-08-01,LNU02026628_perc_diff_lag_1,-1.570387,0
2008-09-01,LNU02026628_perc_diff_lag_1,5.071225,0
2008-10-01,LNU02026628_perc_diff_lag_1,4.284165,0
2008-11-01,LNU02026628_perc_diff_lag_1,-3.224129,0
2008-12-01,LNU02026628_perc_diff_lag_1,-4.674906,0
2009-01-01,LNU02026628_perc_diff_lag_1,-5.073281,0
2009-02-01,LNU02026628_perc_diff_lag_1,11.99525,0
2009-03-01,LNU02026628_perc_diff_lag_1,3.340403,0
2009-04-01,LNU02026628_perc_diff_lag_1,3.8994355,0
2009-05-01,LNU02026628_perc_diff_lag_1,-9.530864,0
2009-06-01,LNU02026628_perc_diff_lag_1,-6.004367,0
2009-07-01,LNU02026628_perc_diff_lag_1,4.2973285,0
2009-08-01,LNU02026628_perc_diff_lag_1,-6.2917595,0
2009-09-01,LNU02026628_perc_diff_lag_1,4.1592393,0
2009-10-01,LNU02026628_perc_diff_lag_1,2.9092984,0
2009-11-01,LNU02026628_perc_diff_lag_1,5.2660756,0
2009-12-01,LNU02026628_perc_diff_lag_1,-4.265403,0
2010-01-01,LNU02026628_perc_diff_lag_1,-5.0055003,0
2010-02-01,LNU02026628_perc_diff_lag_1,6.658946,0
2010-03-01,LNU02026628_perc_diff_lag_1,-1.0314875,0
2010-04-01,LNU02026628_perc_diff_lag_1,3.5655513,0
2010-05-01,LNU02026628_perc_diff_lag_1,0.7944915,0
2010-06-01,LNU02026628_perc_diff_lag_1,-4.8870206,0
2010-07-01,LNU02026628_perc_diff_lag_1,-7.237569,0
2010-08-01,LNU02026628_perc_diff_lag_1,-3.6926742,0
2010-09-01,LNU02026628_perc_diff_lag_1,6.184292,0
2010-10-01,LNU02026628_perc_diff_lag_1,7.746069,0
2010-11-01,LNU02026628_perc_diff_lag_1,2.2162163,0
2010-12-01,LNU02026628_perc_diff_lag_1,1.3220519,0
2011-01-01,LNU02026628_perc_diff_lag_1,-9.812109,0
2011-02-01,LNU02026628_perc_diff_lag_1,7.349537,0
2011-03-01,LNU02026628_perc_diff_lag_1,-2.1024258,0
2011-04-01,LNU02026628_perc_diff_lag_1,0.8259912,0
2011-05-01,LNU02026628_perc_diff_lag_1,2.8399782,0
2011-06-01,LNU02026628_perc_diff_lag_1,-5.4168878,0
2011-07-01,LNU02026628_perc_diff_lag_1,-3.0881526,0
2011-08-01,LNU02026628_perc_diff_lag_1,-1.9698726,0
2011-09-01,LNU02026628_perc_diff_lag_1,2.245863,0
2011-10-01,LNU02026628_perc_diff_lag_1,6.99422,0
2011-11-01,LNU02026628_perc_diff_lag_1,0.16207455,0
2011-12-01,LNU02026628_perc_diff_lag_1,7.3354907,0
2012-01-01,LNU02026628_perc_diff_lag_1,-5.628141,0
2012-02-01,LNU02026628_perc_diff_lag_1,2.9818957,0
2012-03-01,LNU02026628_perc_diff_lag_1,2.998966,0
2012-04-01,LNU02026628_perc_diff_lag_1,-3.9156628,0
2012-05-01,LNU02026628_perc_diff_lag_1,3.3960292,0
2012-06-01,LNU02026628_perc_diff_lag_1,-8.438605,0
2012-07-01,LNU02026628_perc_diff_lag_1,3.2560706,0
2012-08-01,LNU02026628_perc_diff_lag_1,-8.070551,0
2012-09-01,LNU02026628_perc_diff_lag_1,-0.4651163,0
2012-10-01,LNU02026628_perc_diff_lag_1,10.922897,0
2012-11-01,LNU02026628_perc_diff_lag_1,7.2669826,0
2012-12-01,LNU02026628_perc_diff_lag_1,3.976436,0
2013-01-01,LNU02026628_perc_diff_lag_1,-15.675165,0
2013-02-01,LNU02026628_perc_diff_lag_1,14.389698,0
2013-03-01,LNU02026628_perc_diff_lag_1,-10.181107,0
2013-04-01,LNU02026628_perc_diff_lag_1,5.3950953,0
2013-05-01,LNU02026628_perc_diff_lag_1,1.0341262,0
2013-06-01,LNU02026628_perc_diff_lag_1,-7.471853,0
2013-07-01,LNU02026628_perc_diff_lag_1,0.11061947,0
2013-08-01,LNU02026628_perc_diff_lag_1,-2.1546962,0
2013-09-01,LNU02026628_perc_diff_lag_1,6.6629024,0
2013-10-01,LNU02026628_perc_diff_lag_1,9.793542,0
2013-11-01,LNU02026628_perc_diff_lag_1,-1.4946963,0
2013-12-01,LNU02026628_perc_diff_lag_1,-3.6221244,0
2014-01-01,LNU02026628_perc_diff_lag_1,-3.9106145,0
2014-02-01,LNU02026628_perc_diff_lag_1,4.2811837,0
2014-03-01,LNU02026628_perc_diff_lag_1,0.20273694,0
2014-04-01,LNU02026628_perc_diff_lag_1,1.5680324,0
2014-05-01,LNU02026628_perc_diff_lag_1,0.89641434,0
2014-06-01,LNU02026628_perc_diff_lag_1,-6.811451,0
2014-07-01,LNU02026628_perc_diff_lag_1,-7.6800847,0
2014-08-01,LNU02026628_perc_diff_lag_1,0.28686175,0
2014-09-01,LNU02026628_perc_diff_lag_1,10.183066,0
2014-10-01,LNU02026628_perc_diff_lag_1,12.772586,0
2014-11-01,LNU02026628_perc_diff_lag_1,-2.0718231,0
2014-12-01,LNU02026628_perc_diff_lag_1,-6.629055,0
2015-01-01,LNU02026628_perc_diff_lag_1,-2.8700907,0
2015-02-01,LNU02026628_perc_diff_lag_1,2.799378,0
2015-03-01,LNU02026628_perc_diff_lag_1,0.2521432,0
2015-04-01,LNU02026628_perc_diff_lag_1,-2.4647887,0
2015-05-01,LNU02026628_perc_diff_lag_1,-3.5585353,0
2015-06-01,LNU02026628_perc_diff_lag_1,0.0,0
2015-07-01,LNU02026628_perc_diff_lag_1,1.7112299,0
2015-08-01,LNU02026628_perc_diff_lag_1,-10.19979,0
2015-09-01,LNU02026628_perc_diff_lag_1,17.03747,0
2015-10-01,LNU02026628_perc_diff_lag_1,2.3011506,0
2015-11-01,LNU02026628_perc_diff_lag_1,3.0317848,0
2015-12-01,LNU02026628_perc_diff_lag_1,-1.8984338,0
2016-01-01,LNU02026628_perc_diff_lag_1,-4.402516,0
2016-02-01,LNU02026628_perc_diff_lag_1,8.603239,0
2016-03-01,LNU02026628_perc_diff_lag_1,-4.426841,0
2016-04-01,LNU02026628_perc_diff_lag_1,5.5095077,0
2016-05-01,LNU02026628_perc_diff_lag_1,-1.1090573,0
2016-06-01,LNU02026628_perc_diff_lag_1,-12.102804,0
2016-07-01,LNU02026628_perc_diff_lag_1,4.4125466,0
2016-08-01,LNU02026628_perc_diff_lag_1,2.0875764,0
2016-09-01,LNU02026628_perc_diff_lag_1,4.0897756,0
2016-10-01,LNU02026628_perc_diff_lag_1,1.3416387,0
2016-11-01,LNU02026628_perc_diff_lag_1,8.132388,0
2016-12-01,LNU02026628_perc_diff_lag_1,-9.13861,0
2017-01-01,LNU02026628_perc_diff_lag_1,-5.630414,0
2017-02-01,LNU02026628_perc_diff_lag_1,11.167771,0
2017-03-01,LNU02026628_perc_diff_lag_1,-1.6513761,0
2017-04-01,LNU02026628_perc_diff_lag_1,-5.4570894,0
2017-05-01,LNU02026628_perc_diff_lag_1,1.9733597,0
2017-06-01,LNU02026628_perc_diff_lag_1,-3.3865507,0
2017-07-01,LNU02026628_perc_diff_lag_1,-0.90135205,0
2017-08-01,LNU02026628_perc_diff_lag_1,-8.84285,0
2017-09-01,LNU02026628_perc_diff_lag_1,13.08204,0
2017-10-01,LNU02026628_perc_diff_lag_1,-13.235294,0
2017-11-01,LNU02026628_perc_diff_lag_1,11.751412,0
2017-12-01,LNU02026628_perc_diff_lag_1,-0.70778567,0
2018-01-01,LNU02026628_perc_diff_lag_1,3.9714868,0
2018-02-01,LNU02026628_perc_diff_lag_1,4.1625857,0
2018-03-01,LNU02026628_perc_diff_lag_1,-4.090268,0
2018-04-01,LNU02026628_perc_diff_lag_1,0.0,0
2018-05-01,LNU02026628_perc_diff_lag_1,-4.3627453,0
2018-06-01,LNU02026628_perc_diff_lag_1,-4.0492053,0
2018-07-01,LNU02026628_perc_diff_lag_1,8.440171,0
2018-08-01,LNU02026628_perc_diff_lag_1,-12.118227,0
2018-09-01,LNU02026628_perc_diff_lag_1,14.910314,0
2018-10-01,LNU02026628_perc_diff_lag_1,6.3414636,0
2018-11-01,LNU02026628_perc_diff_lag_1,-4.5412846,0
2018-12-01,LNU02026628_perc_diff_lag_1,4.613167,0
2019-01-01,LNU02026628_perc_diff_lag_1,-13.688562,0
2019-02-01,LNU02026628_perc_diff_lag_1,4.364023,0
2019-03-01,LNU02026628_perc_diff_lag_1,12.034677,0
2019-04-01,LNU02026628_perc_diff_lag_1,-4.5061445,0
2019-05-01,LNU02026628_perc_diff_lag_1,-5.14776,0
2019-06-01,LNU02026628_perc_diff_lag_1,3.115578,0
2019-07-01,LNU02026628_perc_diff_lag_1,1.9005848,0
2019-08-01,LNU02026628_perc_diff_lag_1,-6.408417,0
2019-09-01,LNU02026628_perc_diff_lag_1,8.022484,0
2019-10-01,LNU02026628_perc_diff_lag_1,2.743614,0
2019-11-01,LNU02026628_perc_diff_lag_1,-0.23020259,0
2019-12-01,LNU02026628_perc_diff_lag_1,-4.3839407,0
2020-01-01,LNU02026628_perc_diff_lag_1,-1.2065637,0
2020-02-01,LNU02026628_perc_diff_lag_1,3.8593063,0
2020-03-01,LNU02026628_perc_diff_lag_1,-10.442145,0
2020-04-01,LNU02026628_perc_diff_lag_1,-38.55042,0
2020-05-01,LNU02026628_perc_diff_lag_1,7.863248,0
2020-06-01,LNU02026628_perc_diff_lag_1,19.096672,0
2020-07-01,LNU02026628_perc_diff_lag_1,-0.5322688,0
2020-08-01,LNU02026628_perc_diff_lag_1,4.6153846,0
2020-09-01,LNU02026628_perc_diff_lag_1,1.4066496,0
2020-10-01,LNU02026628_perc_diff_lag_1,8.196721,0
2020-11-01,LNU02026628_perc_diff_lag_1,-2.3892775,0
2020-12-01,LNU02026628_perc_diff_lag_1,-5.074627,0
2021-01-01,LNU02026628_perc_diff_lag_1,-0.8176101,0
2021-02-01,LNU02026628_perc_diff_lag_1,11.350666,0
2021-03-01,LNU02026628_perc_diff_lag_1,-7.3462415,0
2021-04-01,LNU02026628_perc_diff_lag_1,-6.33067,0
2021-05-01,LNU02026628_perc_diff_lag_1,9.448819,0
2021-06-01,LNU02026628_perc_diff_lag_1,1.558753,0
2021-07-01,LNU02026628_perc_diff_lag_1,-3.7190082,0
2021-08-01,LNU02026628_perc_diff_lag_1,-8.706315,0
2021-09-01,LNU02026628_perc_diff_lag_1,13.498993,0
2021-10-01,LNU02026628_perc_diff_lag_1,-5.443787,0
2021-11-01,LNU02026628_perc_diff_lag_1,9.511889,0
2021-12-01,LNU02026628_perc_diff_lag_1,4.285714,0
2022-01-01,LNU02026628_perc_diff_lag_1,-4.8767123,0
2022-02-01,LNU02026628_perc_diff_lag_1,14.804148,0
2022-03-01,LNU02026628_perc_diff_lag_1,-8.780732,0
2022-04-01,LNU02026628_perc_diff_lag_1,0.9350935,0
2022-05-01,LNU02026628_perc_diff_lag_1,-6.5940056,0
2022-06-01,LNU02026628_perc_diff_lag_1,-1.2835473,0
2022-07-01,LNU02026628_perc_diff_lag_1,3.250591,0
2022-08-01,LNU02026628_perc_diff_lag_1,-9.959931,0
2022-09-01,LNU02026628_perc_diff_lag_1,22.377623,0
2022-10-01,LNU02026628_perc_diff_lag_1,-9.974026,0
2022-11-01,LNU02026628_perc_diff_lag_1,7.674553,0
2022-12-01,LNU02026628_perc_diff_lag_1,3.965702,0
2023-01-01,LNU02026628_perc_diff_lag_1,-4.0206184,0
2000-01-01,MGASUSGULF_diff_lag_1,0.041999996,0
2000-02-01,MGASUSGULF_diff_lag_1,0.12400001,0
2000-03-01,MGASUSGULF_diff_lag_1,0.037999988,0
2000-04-01,MGASUSGULF_diff_lag_1,-0.125,0
2000-05-01,MGASUSGULF_diff_lag_1,0.16400003,0
2000-06-01,MGASUSGULF_diff_lag_1,0.062999964,0
2000-07-01,MGASUSGULF_diff_lag_1,-0.13,0
2000-08-01,MGASUSGULF_diff_lag_1,0.021000028,0
2000-09-01,MGASUSGULF_diff_lag_1,0.06399995,0
2000-10-01,MGASUSGULF_diff_lag_1,-0.034999967,0
2000-11-01,MGASUSGULF_diff_lag_1,-0.01700002,0
2000-12-01,MGASUSGULF_diff_lag_1,-0.14199996,0
2001-01-01,MGASUSGULF_diff_lag_1,0.14499998,0
2001-02-01,MGASUSGULF_diff_lag_1,-0.049000025,0
2001-03-01,MGASUSGULF_diff_lag_1,-0.044999957,0
2001-04-01,MGASUSGULF_diff_lag_1,0.23000002,0
2001-05-01,MGASUSGULF_diff_lag_1,-0.079000056,0
2001-06-01,MGASUSGULF_diff_lag_1,-0.19300002,0
2001-07-01,MGASUSGULF_diff_lag_1,-0.054999948,0
2001-08-01,MGASUSGULF_diff_lag_1,0.10599995,0
2001-09-01,MGASUSGULF_diff_lag_1,-0.034999967,0
2001-10-01,MGASUSGULF_diff_lag_1,-0.18300003,0
2001-11-01,MGASUSGULF_diff_lag_1,-0.06099999,0
2001-12-01,MGASUSGULF_diff_lag_1,0.007000029,0
2002-01-01,MGASUSGULF_diff_lag_1,0.029999971,0
2002-02-01,MGASUSGULF_diff_lag_1,0.0009999871,0
2002-03-01,MGASUSGULF_diff_lag_1,0.17500001,0
2002-04-01,MGASUSGULF_diff_lag_1,0.06300002,0
2002-05-01,MGASUSGULF_diff_lag_1,-0.037,0
2002-06-01,MGASUSGULF_diff_lag_1,-0.004000008,0
2002-07-01,MGASUSGULF_diff_lag_1,0.01999998,0
2002-08-01,MGASUSGULF_diff_lag_1,-0.0059999824,0
2002-09-01,MGASUSGULF_diff_lag_1,0.026000023,0
2002-10-01,MGASUSGULF_diff_lag_1,0.049999952,0
2002-11-01,MGASUSGULF_diff_lag_1,-0.13499999,0
2002-12-01,MGASUSGULF_diff_lag_1,0.08899999,0
2003-01-01,MGASUSGULF_diff_lag_1,0.09900004,0
2003-02-01,MGASUSGULF_diff_lag_1,0.12700003,0
2003-03-01,MGASUSGULF_diff_lag_1,-0.043000042,0
2003-04-01,MGASUSGULF_diff_lag_1,-0.153,0
2003-05-01,MGASUSGULF_diff_lag_1,-0.02700001,0
2003-06-01,MGASUSGULF_diff_lag_1,0.042999983,0
2003-07-01,MGASUSGULF_diff_lag_1,0.059000015,0
2003-08-01,MGASUSGULF_diff_lag_1,0.097,0
2003-09-01,MGASUSGULF_diff_lag_1,-0.17199999,0
2003-10-01,MGASUSGULF_diff_lag_1,0.03399998,0
2003-11-01,MGASUSGULF_diff_lag_1,-0.023999989,0
2003-12-01,MGASUSGULF_diff_lag_1,0.032999992,0
2004-01-01,MGASUSGULF_diff_lag_1,0.13100004,0
2004-02-01,MGASUSGULF_diff_lag_1,0.042999923,0
2004-03-01,MGASUSGULF_diff_lag_1,0.06300008,0
2004-04-01,MGASUSGULF_diff_lag_1,0.059000015,0
2004-05-01,MGASUSGULF_diff_lag_1,0.18599999,0
2004-06-01,MGASUSGULF_diff_lag_1,-0.16400003,0
2004-07-01,MGASUSGULF_diff_lag_1,0.062000036,0
2004-08-01,MGASUSGULF_diff_lag_1,-0.055999994,0
2004-09-01,MGASUSGULF_diff_lag_1,0.061999917,0
2004-10-01,MGASUSGULF_diff_lag_1,0.10900009,0
2004-11-01,MGASUSGULF_diff_lag_1,-0.11100006,0
2004-12-01,MGASUSGULF_diff_lag_1,-0.20299995,0
2005-01-01,MGASUSGULF_diff_lag_1,0.20999992,0
2005-02-01,MGASUSGULF_diff_lag_1,-0.010999918,0
2005-03-01,MGASUSGULF_diff_lag_1,0.23899996,0
2005-04-01,MGASUSGULF_diff_lag_1,0.069000006,0
2005-05-01,MGASUSGULF_diff_lag_1,-0.13100004,0
2005-06-01,MGASUSGULF_diff_lag_1,0.11100006,0
2005-07-01,MGASUSGULF_diff_lag_1,0.08200002,0
2005-08-01,MGASUSGULF_diff_lag_1,0.3319999,0
2005-09-01,MGASUSGULF_diff_lag_1,0.37000012,0
2005-10-01,MGASUSGULF_diff_lag_1,-0.50400007,0
2005-11-01,MGASUSGULF_diff_lag_1,-0.357,0
2005-12-01,MGASUSGULF_diff_lag_1,0.12100005,0
2006-01-01,MGASUSGULF_diff_lag_1,0.1279999,0
2006-02-01,MGASUSGULF_diff_lag_1,-0.15600002,0
2006-03-01,MGASUSGULF_diff_lag_1,0.29500008,0
2006-04-01,MGASUSGULF_diff_lag_1,0.32800007,0
2006-05-01,MGASUSGULF_diff_lag_1,-0.11800003,0
2006-06-01,MGASUSGULF_diff_lag_1,0.08099985,0
2006-07-01,MGASUSGULF_diff_lag_1,0.14700007,0
2006-08-01,MGASUSGULF_diff_lag_1,-0.26900005,0
2006-09-01,MGASUSGULF_diff_lag_1,-0.44099998,0
2006-10-01,MGASUSGULF_diff_lag_1,-0.049999952,0
2006-11-01,MGASUSGULF_diff_lag_1,0.052999973,0
2006-12-01,MGASUSGULF_diff_lag_1,0.03400004,0
2007-01-01,MGASUSGULF_diff_lag_1,-0.18700004,0
2007-02-01,MGASUSGULF_diff_lag_1,0.20200002,0
2007-03-01,MGASUSGULF_diff_lag_1,0.23800004,0
2007-04-01,MGASUSGULF_diff_lag_1,0.31199992,0
2007-05-01,MGASUSGULF_diff_lag_1,0.14300013,0
2007-06-01,MGASUSGULF_diff_lag_1,-0.1500001,0
2007-07-01,MGASUSGULF_diff_lag_1,-0.02699995,0
2007-08-01,MGASUSGULF_diff_lag_1,-0.16200006,0
2007-09-01,MGASUSGULF_diff_lag_1,0.1450001,0
2007-10-01,MGASUSGULF_diff_lag_1,0.00999999,0
2007-11-01,MGASUSGULF_diff_lag_1,0.23799992,0
2007-12-01,MGASUSGULF_diff_lag_1,-0.08399987,0
2008-01-01,MGASUSGULF_diff_lag_1,0.03999996,0
2008-02-01,MGASUSGULF_diff_lag_1,0.092999935,0
2008-03-01,MGASUSGULF_diff_lag_1,0.15400004,0
2008-04-01,MGASUSGULF_diff_lag_1,0.23399997,0
2008-05-01,MGASUSGULF_diff_lag_1,0.3110001,0
2008-06-01,MGASUSGULF_diff_lag_1,0.1769998,0
2008-07-01,MGASUSGULF_diff_lag_1,-0.12599993,0
2008-08-01,MGASUSGULF_diff_lag_1,-0.22099996,0
2008-09-01,MGASUSGULF_diff_lag_1,0.20099998,0
2008-10-01,MGASUSGULF_diff_lag_1,-1.352,0
2008-11-01,MGASUSGULF_diff_lag_1,-0.582,0
2008-12-01,MGASUSGULF_diff_lag_1,-0.274,0
2009-01-01,MGASUSGULF_diff_lag_1,0.218,0
2009-02-01,MGASUSGULF_diff_lag_1,0.04700005,0
2009-03-01,MGASUSGULF_diff_lag_1,0.092999935,0
2009-04-01,MGASUSGULF_diff_lag_1,0.06099999,0
2009-05-01,MGASUSGULF_diff_lag_1,0.30799997,0
2009-06-01,MGASUSGULF_diff_lag_1,0.23200011,0
2009-07-01,MGASUSGULF_diff_lag_1,-0.18400002,0
2009-08-01,MGASUSGULF_diff_lag_1,0.18299997,0
2009-09-01,MGASUSGULF_diff_lag_1,-0.153,0
2009-10-01,MGASUSGULF_diff_lag_1,0.14999998,0
2009-11-01,MGASUSGULF_diff_lag_1,0.04100001,0
2009-12-01,MGASUSGULF_diff_lag_1,-0.039000034,0
2010-01-01,MGASUSGULF_diff_lag_1,0.12699997,0
2010-02-01,MGASUSGULF_diff_lag_1,-0.047999978,0
2010-03-01,MGASUSGULF_diff_lag_1,0.17100012,0
2010-04-01,MGASUSGULF_diff_lag_1,0.0539999,0
2010-05-01,MGASUSGULF_diff_lag_1,-0.20200002,0
2010-06-01,MGASUSGULF_diff_lag_1,-0.01999998,0
2010-07-01,MGASUSGULF_diff_lag_1,0.0040000677,0
2010-08-01,MGASUSGULF_diff_lag_1,-0.045000076,0
2010-09-01,MGASUSGULF_diff_lag_1,0.022000074,0
2010-10-01,MGASUSGULF_diff_lag_1,0.12100005,0
2010-11-01,MGASUSGULF_diff_lag_1,0.04399991,0
2010-12-01,MGASUSGULF_diff_lag_1,0.19499993,0
2011-01-01,MGASUSGULF_diff_lag_1,0.08000016,0
2011-02-01,MGASUSGULF_diff_lag_1,0.12099981,0
2011-03-01,MGASUSGULF_diff_lag_1,0.34800005,0
2011-04-01,MGASUSGULF_diff_lag_1,0.27699995,0
2011-05-01,MGASUSGULF_diff_lag_1,-0.11199999,0
2011-06-01,MGASUSGULF_diff_lag_1,-0.2349999,0
2011-07-01,MGASUSGULF_diff_lag_1,0.18599987,0
2011-08-01,MGASUSGULF_diff_lag_1,-0.17399979,0
2011-09-01,MGASUSGULF_diff_lag_1,-0.109000206,0
2011-10-01,MGASUSGULF_diff_lag_1,-0.003000021,0
2011-11-01,MGASUSGULF_diff_lag_1,-0.14999986,0
2011-12-01,MGASUSGULF_diff_lag_1,0.004999876,0
2012-01-01,MGASUSGULF_diff_lag_1,0.23300004,0
2012-02-01,MGASUSGULF_diff_lag_1,0.22200012,0
2012-03-01,MGASUSGULF_diff_lag_1,0.16999984,0
2012-04-01,MGASUSGULF_diff_lag_1,-0.06799984,0
2012-05-01,MGASUSGULF_diff_lag_1,-0.3210001,0
2012-06-01,MGASUSGULF_diff_lag_1,-0.26399994,0
2012-07-01,MGASUSGULF_diff_lag_1,0.12899995,0
2012-08-01,MGASUSGULF_diff_lag_1,0.32299995,0
2012-09-01,MGASUSGULF_diff_lag_1,0.065999985,0
2012-10-01,MGASUSGULF_diff_lag_1,-0.2559998,0
2012-11-01,MGASUSGULF_diff_lag_1,-0.25600004,0
2012-12-01,MGASUSGULF_diff_lag_1,-0.04700017,0
2013-01-01,MGASUSGULF_diff_lag_1,0.194,0
2013-02-01,MGASUSGULF_diff_lag_1,0.25300002,0
2013-03-01,MGASUSGULF_diff_lag_1,-0.020999908,0
2013-04-01,MGASUSGULF_diff_lag_1,-0.21600008,0
2013-05-01,MGASUSGULF_diff_lag_1,0.023000002,0
2013-06-01,MGASUSGULF_diff_lag_1,-0.01999998,0
2013-07-01,MGASUSGULF_diff_lag_1,0.16499996,0
2013-08-01,MGASUSGULF_diff_lag_1,0.008000135,0
2013-09-01,MGASUSGULF_diff_lag_1,-0.25699997,0
2013-10-01,MGASUSGULF_diff_lag_1,-0.11400008,0
2013-11-01,MGASUSGULF_diff_lag_1,-0.039000034,0
2013-12-01,MGASUSGULF_diff_lag_1,0.069000006,0
2014-01-01,MGASUSGULF_diff_lag_1,0.028000116,0
2014-02-01,MGASUSGULF_diff_lag_1,0.14699984,0
2014-03-01,MGASUSGULF_diff_lag_1,0.019000053,0
2014-04-01,MGASUSGULF_diff_lag_1,0.08700013,0
2014-05-01,MGASUSGULF_diff_lag_1,-0.039000034,0
2014-06-01,MGASUSGULF_diff_lag_1,0.08699989,0
2014-07-01,MGASUSGULF_diff_lag_1,-0.13599992,0
2014-08-01,MGASUSGULF_diff_lag_1,-0.08200002,0
2014-09-01,MGASUSGULF_diff_lag_1,-0.026000023,0
2014-10-01,MGASUSGULF_diff_lag_1,-0.42600012,0
2014-11-01,MGASUSGULF_diff_lag_1,-0.24199986,0
2014-12-01,MGASUSGULF_diff_lag_1,-0.51400006,0
2015-01-01,MGASUSGULF_diff_lag_1,-0.15199995,0
2015-02-01,MGASUSGULF_diff_lag_1,0.33200002,0
2015-03-01,MGASUSGULF_diff_lag_1,0.07499993,0
2015-04-01,MGASUSGULF_diff_lag_1,0.055999994,0
2015-05-01,MGASUSGULF_diff_lag_1,0.14999998,0
2015-06-01,MGASUSGULF_diff_lag_1,0.06100011,0
2015-07-01,MGASUSGULF_diff_lag_1,-0.08500004,0
2015-08-01,MGASUSGULF_diff_lag_1,-0.286,0
2015-09-01,MGASUSGULF_diff_lag_1,-0.22099996,0
2015-10-01,MGASUSGULF_diff_lag_1,-0.046000004,0
2015-11-01,MGASUSGULF_diff_lag_1,-0.06099999,0
2015-12-01,MGASUSGULF_diff_lag_1,-0.06500006,0
2016-01-01,MGASUSGULF_diff_lag_1,-0.15999997,0
2016-02-01,MGASUSGULF_diff_lag_1,-0.08500004,0
2016-03-01,MGASUSGULF_diff_lag_1,0.278,0
2016-04-01,MGASUSGULF_diff_lag_1,0.123000026,0
2016-05-01,MGASUSGULF_diff_lag_1,0.097,0
2016-06-01,MGASUSGULF_diff_lag_1,0.052999973,0
2016-07-01,MGASUSGULF_diff_lag_1,-0.12899995,0
2016-08-01,MGASUSGULF_diff_lag_1,0.07099998,0
2016-09-01,MGASUSGULF_diff_lag_1,-0.036000013,0
2016-10-01,MGASUSGULF_diff_lag_1,0.095999956,0
2016-11-01,MGASUSGULF_diff_lag_1,-0.17199993,0
2016-12-01,MGASUSGULF_diff_lag_1,0.24899995,0
2017-01-01,MGASUSGULF_diff_lag_1,0.02700007,0
2017-02-01,MGASUSGULF_diff_lag_1,-0.05000007,0
2017-03-01,MGASUSGULF_diff_lag_1,-0.01999998,0
2017-04-01,MGASUSGULF_diff_lag_1,0.09800005,0
2017-05-01,MGASUSGULF_diff_lag_1,-0.102,0
2017-06-01,MGASUSGULF_diff_lag_1,-0.08700001,0
2017-07-01,MGASUSGULF_diff_lag_1,0.085999966,0
2017-08-01,MGASUSGULF_diff_lag_1,0.120000005,0
2017-09-01,MGASUSGULF_diff_lag_1,0.11500001,0
2017-10-01,MGASUSGULF_diff_lag_1,-0.10100007,0
2017-11-01,MGASUSGULF_diff_lag_1,0.10500002,0
2017-12-01,MGASUSGULF_diff_lag_1,-0.054999948,0
2018-01-01,MGASUSGULF_diff_lag_1,0.15499997,0
2018-02-01,MGASUSGULF_diff_lag_1,-0.09200001,0
2018-03-01,MGASUSGULF_diff_lag_1,0.055000067,0
2018-04-01,MGASUSGULF_diff_lag_1,0.14499998,0
2018-05-01,MGASUSGULF_diff_lag_1,0.12600005,0
2018-06-01,MGASUSGULF_diff_lag_1,-0.08899999,0
2018-07-01,MGASUSGULF_diff_lag_1,0.04099989,0
2018-08-01,MGASUSGULF_diff_lag_1,0.00999999,0
2018-09-01,MGASUSGULF_diff_lag_1,-0.007999897,0
2018-10-01,MGASUSGULF_diff_lag_1,-0.076000094,0
2018-11-01,MGASUSGULF_diff_lag_1,-0.42299998,0
2018-12-01,MGASUSGULF_diff_lag_1,-0.18900001,0
2019-01-01,MGASUSGULF_diff_lag_1,-0.0039999485,0
2019-02-01,MGASUSGULF_diff_lag_1,0.116999984,0
2019-03-01,MGASUSGULF_diff_lag_1,0.347,0
2019-04-01,MGASUSGULF_diff_lag_1,0.18900001,0
2019-05-01,MGASUSGULF_diff_lag_1,-0.125,0
2019-06-01,MGASUSGULF_diff_lag_1,-0.15900004,0
2019-07-01,MGASUSGULF_diff_lag_1,0.13199997,0
2019-08-01,MGASUSGULF_diff_lag_1,-0.16399992,0
2019-09-01,MGASUSGULF_diff_lag_1,-0.009000063,0
2019-10-01,MGASUSGULF_diff_lag_1,-0.034999967,0
2019-11-01,MGASUSGULF_diff_lag_1,-0.00999999,0
2019-12-01,MGASUSGULF_diff_lag_1,-0.006000042,0
2020-01-01,MGASUSGULF_diff_lag_1,-0.042999983,0
2020-02-01,MGASUSGULF_diff_lag_1,-0.13400006,0
2020-03-01,MGASUSGULF_diff_lag_1,-0.61499995,0
2020-04-01,MGASUSGULF_diff_lag_1,-0.292,0
2020-05-01,MGASUSGULF_diff_lag_1,0.28399998,0
2020-06-01,MGASUSGULF_diff_lag_1,0.26500005,0
2020-07-01,MGASUSGULF_diff_lag_1,0.07099998,0
2020-08-01,MGASUSGULF_diff_lag_1,0.07799995,0
2020-09-01,MGASUSGULF_diff_lag_1,-0.06799996,0
2020-10-01,MGASUSGULF_diff_lag_1,-0.032999992,0
2020-11-01,MGASUSGULF_diff_lag_1,-0.014999986,0
2020-12-01,MGASUSGULF_diff_lag_1,0.16999996,0
2021-01-01,MGASUSGULF_diff_lag_1,0.20200002,0
2021-02-01,MGASUSGULF_diff_lag_1,0.18599999,0
2021-03-01,MGASUSGULF_diff_lag_1,0.25900006,0
2021-04-01,MGASUSGULF_diff_lag_1,0.012999892,0
2021-05-01,MGASUSGULF_diff_lag_1,0.08000016,0
2021-06-01,MGASUSGULF_diff_lag_1,0.07999992,0
2021-07-01,MGASUSGULF_diff_lag_1,0.08699989,0
2021-08-01,MGASUSGULF_diff_lag_1,0.00999999,0
2021-09-01,MGASUSGULF_diff_lag_1,-0.016000032,0
2021-10-01,MGASUSGULF_diff_lag_1,0.22600007,0
2021-11-01,MGASUSGULF_diff_lag_1,-0.14499998,0
2021-12-01,MGASUSGULF_diff_lag_1,-0.15100002,0
2022-01-01,MGASUSGULF_diff_lag_1,0.27100015,0
2022-02-01,MGASUSGULF_diff_lag_1,0.2479999,0
2022-03-01,MGASUSGULF_diff_lag_1,0.549,0
2022-04-01,MGASUSGULF_diff_lag_1,-0.01699996,0
2022-05-01,MGASUSGULF_diff_lag_1,0.56999993,0
2022-06-01,MGASUSGULF_diff_lag_1,0.2989998,0
2022-07-01,MGASUSGULF_diff_lag_1,-0.7659998,0
2022-08-01,MGASUSGULF_diff_lag_1,-0.49,0
2022-09-01,MGASUSGULF_diff_lag_1,-0.21499991,0
2022-10-01,MGASUSGULF_diff_lag_1,0.25899982,0
2022-11-01,MGASUSGULF_diff_lag_1,-0.3809998,0
2022-12-01,MGASUSGULF_diff_lag_1,-0.29900002,0
2023-01-01,MGASUSGULF_diff_lag_1,0.37699986,0
2000-01-01,NDFFRIM027SBOG_diff_lag_1,-4.7894993,0
2000-02-01,NDFFRIM027SBOG_diff_lag_1,-2.4871006,0
2000-03-01,NDFFRIM027SBOG_diff_lag_1,-4.8477993,0
2000-04-01,NDFFRIM027SBOG_diff_lag_1,7.5361004,0
2000-05-01,NDFFRIM027SBOG_diff_lag_1,8.574999,0
2000-06-01,NDFFRIM027SBOG_diff_lag_1,3.182602,0
2000-07-01,NDFFRIM027SBOG_diff_lag_1,0.4326973,0
2000-08-01,NDFFRIM027SBOG_diff_lag_1,-7.9194984,0
2000-09-01,NDFFRIM027SBOG_diff_lag_1,-6.1602,0
2000-10-01,NDFFRIM027SBOG_diff_lag_1,2.8911,0
2000-11-01,NDFFRIM027SBOG_diff_lag_1,3.2479992,0
2000-12-01,NDFFRIM027SBOG_diff_lag_1,-5.0930996,0
2001-01-01,NDFFRIM027SBOG_diff_lag_1,-2.4932995,0
2001-02-01,NDFFRIM027SBOG_diff_lag_1,-5.7693005,0
2001-03-01,NDFFRIM027SBOG_diff_lag_1,2.0634995,0
2001-04-01,NDFFRIM027SBOG_diff_lag_1,-12.781099,0
2001-05-01,NDFFRIM027SBOG_diff_lag_1,-1.4182999,0
2001-06-01,NDFFRIM027SBOG_diff_lag_1,-10.1194,0
2001-07-01,NDFFRIM027SBOG_diff_lag_1,2.6727996,0
2001-08-01,NDFFRIM027SBOG_diff_lag_1,-0.28639984,0
2001-09-01,NDFFRIM027SBOG_diff_lag_1,-2.1678,0
2001-10-01,NDFFRIM027SBOG_diff_lag_1,-12.2276,0
2001-11-01,NDFFRIM027SBOG_diff_lag_1,-9.991001,0
2001-12-01,NDFFRIM027SBOG_diff_lag_1,-16.9317,0
2002-01-01,NDFFRIM027SBOG_diff_lag_1,-7.3913,0
2002-02-01,NDFFRIM027SBOG_diff_lag_1,6.113102,0
2002-03-01,NDFFRIM027SBOG_diff_lag_1,-1.1962013,0
2002-04-01,NDFFRIM027SBOG_diff_lag_1,-1.2140007,0
2002-05-01,NDFFRIM027SBOG_diff_lag_1,-21.341103,0
2002-06-01,NDFFRIM027SBOG_diff_lag_1,-3.1681976,0
2002-07-01,NDFFRIM027SBOG_diff_lag_1,-5.0895004,0
2002-08-01,NDFFRIM027SBOG_diff_lag_1,-0.54309845,0
2002-09-01,NDFFRIM027SBOG_diff_lag_1,-0.19660187,0
2002-10-01,NDFFRIM027SBOG_diff_lag_1,-5.3484955,0
2002-11-01,NDFFRIM027SBOG_diff_lag_1,11.0327,0
2002-12-01,NDFFRIM027SBOG_diff_lag_1,19.994099,0
2003-01-01,NDFFRIM027SBOG_diff_lag_1,-9.306202,0
2003-02-01,NDFFRIM027SBOG_diff_lag_1,-5.7498016,0
2003-03-01,NDFFRIM027SBOG_diff_lag_1,-2.692299,0
2003-04-01,NDFFRIM027SBOG_diff_lag_1,8.1515045,0
2003-05-01,NDFFRIM027SBOG_diff_lag_1,-3.7593002,0
2003-06-01,NDFFRIM027SBOG_diff_lag_1,-3.0687027,0
2003-07-01,NDFFRIM027SBOG_diff_lag_1,-10.402298,0
2003-08-01,NDFFRIM027SBOG_diff_lag_1,-9.185204,0
2003-09-01,NDFFRIM027SBOG_diff_lag_1,-6.4404984,0
2003-10-01,NDFFRIM027SBOG_diff_lag_1,-6.9328003,0
2003-11-01,NDFFRIM027SBOG_diff_lag_1,19.402496,0
2003-12-01,NDFFRIM027SBOG_diff_lag_1,-25.616295,0
2004-01-01,NDFFRIM027SBOG_diff_lag_1,-13.6474,0
2004-02-01,NDFFRIM027SBOG_diff_lag_1,-16.882805,0
2004-03-01,NDFFRIM027SBOG_diff_lag_1,-5.752594,0
2004-04-01,NDFFRIM027SBOG_diff_lag_1,-10.075302,0
2004-05-01,NDFFRIM027SBOG_diff_lag_1,-6.7093964,0
2004-06-01,NDFFRIM027SBOG_diff_lag_1,-15.711609,0
2004-07-01,NDFFRIM027SBOG_diff_lag_1,-16.0878,0
2004-08-01,NDFFRIM027SBOG_diff_lag_1,22.577103,0
2004-09-01,NDFFRIM027SBOG_diff_lag_1,-4.5953064,0
2004-10-01,NDFFRIM027SBOG_diff_lag_1,-7.1195984,0
2004-11-01,NDFFRIM027SBOG_diff_lag_1,-3.6825867,0
2004-12-01,NDFFRIM027SBOG_diff_lag_1,-17.422714,0
2005-01-01,NDFFRIM027SBOG_diff_lag_1,0.8753052,0
2005-02-01,NDFFRIM027SBOG_diff_lag_1,14.239105,0
2005-03-01,NDFFRIM027SBOG_diff_lag_1,8.848099,0
2005-04-01,NDFFRIM027SBOG_diff_lag_1,-17.523407,0
2005-05-01,NDFFRIM027SBOG_diff_lag_1,13.331711,0
2005-06-01,NDFFRIM027SBOG_diff_lag_1,-2.6075134,0
2005-07-01,NDFFRIM027SBOG_diff_lag_1,21.146912,0
2005-08-01,NDFFRIM027SBOG_diff_lag_1,-16.357712,0
2005-09-01,NDFFRIM027SBOG_diff_lag_1,-13.038193,0
2005-10-01,NDFFRIM027SBOG_diff_lag_1,3.1513977,0
2005-11-01,NDFFRIM027SBOG_diff_lag_1,-0.09629822,0
2005-12-01,NDFFRIM027SBOG_diff_lag_1,-14.244095,0
2006-01-01,NDFFRIM027SBOG_diff_lag_1,-9.347,0
2006-02-01,NDFFRIM027SBOG_diff_lag_1,-1.5625,0
2006-03-01,NDFFRIM027SBOG_diff_lag_1,0.16220093,0
2006-04-01,NDFFRIM027SBOG_diff_lag_1,8.053101,0
2006-05-01,NDFFRIM027SBOG_diff_lag_1,11.646393,0
2006-06-01,NDFFRIM027SBOG_diff_lag_1,-9.709,0
2006-07-01,NDFFRIM027SBOG_diff_lag_1,-6.915802,0
2006-08-01,NDFFRIM027SBOG_diff_lag_1,29.896698,0
2006-09-01,NDFFRIM027SBOG_diff_lag_1,-83.94359,0
2006-10-01,NDFFRIM027SBOG_diff_lag_1,-17.560913,0
2006-11-01,NDFFRIM027SBOG_diff_lag_1,-27.407288,0
2006-12-01,NDFFRIM027SBOG_diff_lag_1,-4.030121,0
2007-01-01,NDFFRIM027SBOG_diff_lag_1,-19.14618,0
2007-02-01,NDFFRIM027SBOG_diff_lag_1,4.331787,0
2007-03-01,NDFFRIM027SBOG_diff_lag_1,-32.38449,0
2007-04-01,NDFFRIM027SBOG_diff_lag_1,-27.944305,0
2007-05-01,NDFFRIM027SBOG_diff_lag_1,-2.6142883,0
2007-06-01,NDFFRIM027SBOG_diff_lag_1,18.12799,0
2007-07-01,NDFFRIM027SBOG_diff_lag_1,17.038788,0
2007-08-01,NDFFRIM027SBOG_diff_lag_1,28.848114,0
2007-09-01,NDFFRIM027SBOG_diff_lag_1,-18.0708,0
2007-10-01,NDFFRIM027SBOG_diff_lag_1,-32.33841,0
2007-11-01,NDFFRIM027SBOG_diff_lag_1,-11.94519,0
2007-12-01,NDFFRIM027SBOG_diff_lag_1,-15.688995,0
2008-01-01,NDFFRIM027SBOG_diff_lag_1,-45.72101,0
2008-02-01,NDFFRIM027SBOG_diff_lag_1,-14.326202,0
2008-03-01,NDFFRIM027SBOG_diff_lag_1,-6.4155884,0
2008-04-01,NDFFRIM027SBOG_diff_lag_1,-34.5968,0
2008-05-01,NDFFRIM027SBOG_diff_lag_1,-35.142334,0
2008-06-01,NDFFRIM027SBOG_diff_lag_1,5.1310425,0
2008-07-01,NDFFRIM027SBOG_diff_lag_1,-13.817627,0
2008-08-01,NDFFRIM027SBOG_diff_lag_1,6.7265015,0
2008-09-01,NDFFRIM027SBOG_diff_lag_1,-6.400757,0
2008-10-01,NDFFRIM027SBOG_diff_lag_1,223.10147,0
2008-11-01,NDFFRIM027SBOG_diff_lag_1,173.4776,0
2008-12-01,NDFFRIM027SBOG_diff_lag_1,29.228394,0
2009-01-01,NDFFRIM027SBOG_diff_lag_1,-64.5293,0
2009-02-01,NDFFRIM027SBOG_diff_lag_1,-65.884094,0
2009-03-01,NDFFRIM027SBOG_diff_lag_1,12.138397,0
2009-04-01,NDFFRIM027SBOG_diff_lag_1,-15.50061,0
2009-05-01,NDFFRIM027SBOG_diff_lag_1,-49.9487,0
2009-06-01,NDFFRIM027SBOG_diff_lag_1,-93.73898,0
2009-07-01,NDFFRIM027SBOG_diff_lag_1,-6.529114,0
2009-08-01,NDFFRIM027SBOG_diff_lag_1,34.416412,0
2009-09-01,NDFFRIM027SBOG_diff_lag_1,-7.083496,0
2009-10-01,NDFFRIM027SBOG_diff_lag_1,41.941803,0
2009-11-01,NDFFRIM027SBOG_diff_lag_1,9.3628845,0
2009-12-01,NDFFRIM027SBOG_diff_lag_1,-21.70819,0
2010-01-01,NDFFRIM027SBOG_diff_lag_1,27.182892,0
2010-02-01,NDFFRIM027SBOG_diff_lag_1,51.336487,0
2010-03-01,NDFFRIM027SBOG_diff_lag_1,-30.555084,0
2010-04-01,NDFFRIM027SBOG_diff_lag_1,-46.3591,0
2010-05-01,NDFFRIM027SBOG_diff_lag_1,9.0737,0
2010-06-01,NDFFRIM027SBOG_diff_lag_1,6.9187927,0
2010-07-01,NDFFRIM027SBOG_diff_lag_1,12.278595,0
2010-08-01,NDFFRIM027SBOG_diff_lag_1,-11.101379,0
2010-09-01,NDFFRIM027SBOG_diff_lag_1,-3.8243103,0
2010-10-01,NDFFRIM027SBOG_diff_lag_1,-31.195404,0
2010-11-01,NDFFRIM027SBOG_diff_lag_1,-0.89819336,0
2010-12-01,NDFFRIM027SBOG_diff_lag_1,34.897003,0
2011-01-01,NDFFRIM027SBOG_diff_lag_1,44.881195,0
2011-02-01,NDFFRIM027SBOG_diff_lag_1,68.9471,0
2011-03-01,NDFFRIM027SBOG_diff_lag_1,104.309906,0
2011-04-01,NDFFRIM027SBOG_diff_lag_1,90.0945,0
2011-05-01,NDFFRIM027SBOG_diff_lag_1,-10.3901005,0
2011-06-01,NDFFRIM027SBOG_diff_lag_1,86.7824,0
2011-07-01,NDFFRIM027SBOG_diff_lag_1,13.593098,0
2011-08-01,NDFFRIM027SBOG_diff_lag_1,92.7193,0
2011-09-01,NDFFRIM027SBOG_diff_lag_1,49.0598,0
2011-10-01,NDFFRIM027SBOG_diff_lag_1,63.87799,0
2011-11-01,NDFFRIM027SBOG_diff_lag_1,2.16922,0
2011-12-01,NDFFRIM027SBOG_diff_lag_1,-4.255707,0
2012-01-01,NDFFRIM027SBOG_diff_lag_1,-10.574799,0
2012-02-01,NDFFRIM027SBOG_diff_lag_1,-0.097595215,0
2012-03-01,NDFFRIM027SBOG_diff_lag_1,-20.794113,0
2012-04-01,NDFFRIM027SBOG_diff_lag_1,31.526108,0
2012-05-01,NDFFRIM027SBOG_diff_lag_1,-29.577805,0
2012-06-01,NDFFRIM027SBOG_diff_lag_1,-2.72229,0
2012-07-01,NDFFRIM027SBOG_diff_lag_1,-6.2604065,0
2012-08-01,NDFFRIM027SBOG_diff_lag_1,-3.654007,0
2012-09-01,NDFFRIM027SBOG_diff_lag_1,-34.652496,0
2012-10-01,NDFFRIM027SBOG_diff_lag_1,-23.8331,0
2012-11-01,NDFFRIM027SBOG_diff_lag_1,25.649399,0
2012-12-01,NDFFRIM027SBOG_diff_lag_1,-25.746796,0
2013-01-01,NDFFRIM027SBOG_diff_lag_1,76.5182,0
2013-02-01,NDFFRIM027SBOG_diff_lag_1,1.1866913,0
2013-03-01,NDFFRIM027SBOG_diff_lag_1,15.736099,0
2013-04-01,NDFFRIM027SBOG_diff_lag_1,32.027405,0
2013-05-01,NDFFRIM027SBOG_diff_lag_1,47.59549,0
2013-06-01,NDFFRIM027SBOG_diff_lag_1,39.666504,0
2013-07-01,NDFFRIM027SBOG_diff_lag_1,22.636505,0
2013-08-01,NDFFRIM027SBOG_diff_lag_1,39.6633,0
2013-09-01,NDFFRIM027SBOG_diff_lag_1,44.153107,0
2013-10-01,NDFFRIM027SBOG_diff_lag_1,-4.1750183,0
2013-11-01,NDFFRIM027SBOG_diff_lag_1,44.815796,0
2013-12-01,NDFFRIM027SBOG_diff_lag_1,-28.141785,0
2014-01-01,NDFFRIM027SBOG_diff_lag_1,31.41278,0
2014-02-01,NDFFRIM027SBOG_diff_lag_1,32.5907,0
2014-03-01,NDFFRIM027SBOG_diff_lag_1,41.239502,0
2014-04-01,NDFFRIM027SBOG_diff_lag_1,-34.677063,0
2014-05-01,NDFFRIM027SBOG_diff_lag_1,2.40271,0
2014-06-01,NDFFRIM027SBOG_diff_lag_1,53.83368,0
2014-07-01,NDFFRIM027SBOG_diff_lag_1,-14.79248,0
2014-08-01,NDFFRIM027SBOG_diff_lag_1,-23.571594,0
2014-09-01,NDFFRIM027SBOG_diff_lag_1,-11.907043,0
2014-10-01,NDFFRIM027SBOG_diff_lag_1,-0.9959717,0
2014-11-01,NDFFRIM027SBOG_diff_lag_1,-52.090637,0
2014-12-01,NDFFRIM027SBOG_diff_lag_1,-124.25937,0
2015-01-01,NDFFRIM027SBOG_diff_lag_1,27.231293,0
2015-02-01,NDFFRIM027SBOG_diff_lag_1,-60.302002,0
2015-03-01,NDFFRIM027SBOG_diff_lag_1,14.668915,0
2015-04-01,NDFFRIM027SBOG_diff_lag_1,31.9263,0
2015-05-01,NDFFRIM027SBOG_diff_lag_1,-13.7742,0
2015-06-01,NDFFRIM027SBOG_diff_lag_1,-25.711426,0
2015-07-01,NDFFRIM027SBOG_diff_lag_1,6.7089233,0
2015-08-01,NDFFRIM027SBOG_diff_lag_1,-18.610413,0
2015-09-01,NDFFRIM027SBOG_diff_lag_1,-5.3320923,0
2015-10-01,NDFFRIM027SBOG_diff_lag_1,50.345093,0
2015-11-01,NDFFRIM027SBOG_diff_lag_1,-53.885498,0
2015-12-01,NDFFRIM027SBOG_diff_lag_1,-3.9017944,0
2016-01-01,NDFFRIM027SBOG_diff_lag_1,12.490692,0
2016-02-01,NDFFRIM027SBOG_diff_lag_1,-46.081085,0
2016-03-01,NDFFRIM027SBOG_diff_lag_1,-53.128616,0
2016-04-01,NDFFRIM027SBOG_diff_lag_1,16.269302,0
2016-05-01,NDFFRIM027SBOG_diff_lag_1,4.8800964,0
2016-06-01,NDFFRIM027SBOG_diff_lag_1,-14.812408,0
2016-07-01,NDFFRIM027SBOG_diff_lag_1,6.8013,0
2016-08-01,NDFFRIM027SBOG_diff_lag_1,-19.629395,0
2016-09-01,NDFFRIM027SBOG_diff_lag_1,6.8713074,0
2016-10-01,NDFFRIM027SBOG_diff_lag_1,-29.058395,0
2016-11-01,NDFFRIM027SBOG_diff_lag_1,-14.901199,0
2016-12-01,NDFFRIM027SBOG_diff_lag_1,-53.1705,0
2017-01-01,NDFFRIM027SBOG_diff_lag_1,34.268494,0
2017-02-01,NDFFRIM027SBOG_diff_lag_1,-11.0914,0
2017-03-01,NDFFRIM027SBOG_diff_lag_1,-13.373901,0
2017-04-01,NDFFRIM027SBOG_diff_lag_1,4.4824066,0
2017-05-01,NDFFRIM027SBOG_diff_lag_1,-33.754196,0
2017-06-01,NDFFRIM027SBOG_diff_lag_1,-13.736504,0
2017-07-01,NDFFRIM027SBOG_diff_lag_1,18.494392,0
2017-08-01,NDFFRIM027SBOG_diff_lag_1,31.192398,0
2017-09-01,NDFFRIM027SBOG_diff_lag_1,5.072006,0
2017-10-01,NDFFRIM027SBOG_diff_lag_1,34.104706,0
2017-11-01,NDFFRIM027SBOG_diff_lag_1,29.08139,0
2017-12-01,NDFFRIM027SBOG_diff_lag_1,-8.134094,0
2018-01-01,NDFFRIM027SBOG_diff_lag_1,-6.4832,0
2018-02-01,NDFFRIM027SBOG_diff_lag_1,5.649994,0
2018-03-01,NDFFRIM027SBOG_diff_lag_1,28.8479,0
2018-04-01,NDFFRIM027SBOG_diff_lag_1,-27.716095,0
2018-05-01,NDFFRIM027SBOG_diff_lag_1,20.193512,0
2018-06-01,NDFFRIM027SBOG_diff_lag_1,10.608582,0
2018-07-01,NDFFRIM027SBOG_diff_lag_1,0.9958191,0
2018-08-01,NDFFRIM027SBOG_diff_lag_1,-28.323807,0
2018-09-01,NDFFRIM027SBOG_diff_lag_1,-15.928604,0
2018-10-01,NDFFRIM027SBOG_diff_lag_1,-14.875107,0
2018-11-01,NDFFRIM027SBOG_diff_lag_1,9.943802,0
2018-12-01,NDFFRIM027SBOG_diff_lag_1,18.8022,0
2019-01-01,NDFFRIM027SBOG_diff_lag_1,-5.727997,0
2019-02-01,NDFFRIM027SBOG_diff_lag_1,-9.957108,0
2019-03-01,NDFFRIM027SBOG_diff_lag_1,-22.261795,0
2019-04-01,NDFFRIM027SBOG_diff_lag_1,-51.657806,0
2019-05-01,NDFFRIM027SBOG_diff_lag_1,21.821411,0
2019-06-01,NDFFRIM027SBOG_diff_lag_1,0.7232971,0
2019-07-01,NDFFRIM027SBOG_diff_lag_1,0.5832977,0
2019-08-01,NDFFRIM027SBOG_diff_lag_1,-15.882202,0
2019-09-01,NDFFRIM027SBOG_diff_lag_1,-5.761902,0
2019-10-01,NDFFRIM027SBOG_diff_lag_1,-18.740494,0
2019-11-01,NDFFRIM027SBOG_diff_lag_1,-30.1503,0
2019-12-01,NDFFRIM027SBOG_diff_lag_1,22.534897,0
2020-01-01,NDFFRIM027SBOG_diff_lag_1,-0.12359619,0
2020-02-01,NDFFRIM027SBOG_diff_lag_1,-8.331902,0
2020-03-01,NDFFRIM027SBOG_diff_lag_1,157.4006,0
2020-04-01,NDFFRIM027SBOG_diff_lag_1,235.28992,0
2020-05-01,NDFFRIM027SBOG_diff_lag_1,-111.875916,0
2020-06-01,NDFFRIM027SBOG_diff_lag_1,-135.83441,0
2020-07-01,NDFFRIM027SBOG_diff_lag_1,-123.12048,0
2020-08-01,NDFFRIM027SBOG_diff_lag_1,-4.5258026,0
2020-09-01,NDFFRIM027SBOG_diff_lag_1,26.989502,0
2020-10-01,NDFFRIM027SBOG_diff_lag_1,-30.254303,0
2020-11-01,NDFFRIM027SBOG_diff_lag_1,-14.469803,0
2020-12-01,NDFFRIM027SBOG_diff_lag_1,-14.118401,0
2021-01-01,NDFFRIM027SBOG_diff_lag_1,3.1937027,0
2021-02-01,NDFFRIM027SBOG_diff_lag_1,-6.948097,0
2021-03-01,NDFFRIM027SBOG_diff_lag_1,-3.0955048,0
2021-04-01,NDFFRIM027SBOG_diff_lag_1,18.129105,0
2021-05-01,NDFFRIM027SBOG_diff_lag_1,28.860893,0
2021-06-01,NDFFRIM027SBOG_diff_lag_1,15.217499,0
2021-07-01,NDFFRIM027SBOG_diff_lag_1,66.8667,0
2021-08-01,NDFFRIM027SBOG_diff_lag_1,34.3985,0
2021-09-01,NDFFRIM027SBOG_diff_lag_1,54.63031,0
2021-10-01,NDFFRIM027SBOG_diff_lag_1,24.832489,0
2021-11-01,NDFFRIM027SBOG_diff_lag_1,14.543915,0
2021-12-01,NDFFRIM027SBOG_diff_lag_1,38.8898,0
2022-01-01,NDFFRIM027SBOG_diff_lag_1,-31.294098,0
2022-02-01,NDFFRIM027SBOG_diff_lag_1,-8.333801,0
2022-03-01,NDFFRIM027SBOG_diff_lag_1,62.415283,0
2022-04-01,NDFFRIM027SBOG_diff_lag_1,-12.950287,0
2022-05-01,NDFFRIM027SBOG_diff_lag_1,52.39749,0
2022-06-01,NDFFRIM027SBOG_diff_lag_1,13.776215,0
2022-07-01,NDFFRIM027SBOG_diff_lag_1,127.38132,0
2022-08-01,NDFFRIM027SBOG_diff_lag_1,76.826965,0
2022-09-01,NDFFRIM027SBOG_diff_lag_1,-66.3512,0
2022-10-01,NDFFRIM027SBOG_diff_lag_1,10.356689,0
2022-11-01,NDFFRIM027SBOG_diff_lag_1,75.151184,0
2022-12-01,NDFFRIM027SBOG_diff_lag_1,-10.290588,0
2023-01-01,NDFFRIM027SBOG_diff_lag_1,55.6709,0
2000-01-01,NLDBRCICP02STSAM_diff_lag_1,-0.6000004,0
2000-02-01,NLDBRCICP02STSAM_diff_lag_1,-1.3999996,0
2000-03-01,NLDBRCICP02STSAM_diff_lag_1,2.1999989,0
2000-04-01,NLDBRCICP02STSAM_diff_lag_1,0.70000076,0
2000-05-01,NLDBRCICP02STSAM_diff_lag_1,-1.1000004,0
2000-06-01,NLDBRCICP02STSAM_diff_lag_1,-2.0,0
2000-07-01,NLDBRCICP02STSAM_diff_lag_1,0.20000076,0
2000-08-01,NLDBRCICP02STSAM_diff_lag_1,0.099998474,0
2000-09-01,NLDBRCICP02STSAM_diff_lag_1,1.7000008,0
2000-10-01,NLDBRCICP02STSAM_diff_lag_1,0.0,0
2000-11-01,NLDBRCICP02STSAM_diff_lag_1,-2.7999992,0
2000-12-01,NLDBRCICP02STSAM_diff_lag_1,-0.20000076,0
2001-01-01,NLDBRCICP02STSAM_diff_lag_1,-1.0,0
2001-02-01,NLDBRCICP02STSAM_diff_lag_1,-0.29999924,0
2001-03-01,NLDBRCICP02STSAM_diff_lag_1,-3.1000004,0
2001-04-01,NLDBRCICP02STSAM_diff_lag_1,-1.8000011,0
2001-05-01,NLDBRCICP02STSAM_diff_lag_1,4.5,0
2001-06-01,NLDBRCICP02STSAM_diff_lag_1,1.2000008,0
2001-07-01,NLDBRCICP02STSAM_diff_lag_1,2.8999996,0
2001-08-01,NLDBRCICP02STSAM_diff_lag_1,-1.0,0
2001-09-01,NLDBRCICP02STSAM_diff_lag_1,-0.29999924,0
2001-10-01,NLDBRCICP02STSAM_diff_lag_1,-3.8999996,0
2001-11-01,NLDBRCICP02STSAM_diff_lag_1,3.1999989,0
2001-12-01,NLDBRCICP02STSAM_diff_lag_1,-0.6000004,0
2002-01-01,NLDBRCICP02STSAM_diff_lag_1,-1.5999985,0
2002-02-01,NLDBRCICP02STSAM_diff_lag_1,1.2999992,0
2002-03-01,NLDBRCICP02STSAM_diff_lag_1,-2.1000004,0
2002-04-01,NLDBRCICP02STSAM_diff_lag_1,-1.8999996,0
2002-05-01,NLDBRCICP02STSAM_diff_lag_1,-1.7000008,0
2002-06-01,NLDBRCICP02STSAM_diff_lag_1,-2.7999992,0
2002-07-01,NLDBRCICP02STSAM_diff_lag_1,-2.1999998,0
2002-08-01,NLDBRCICP02STSAM_diff_lag_1,-4.4000006,0
2002-09-01,NLDBRCICP02STSAM_diff_lag_1,1.5,0
2002-10-01,NLDBRCICP02STSAM_diff_lag_1,-4.2999997,0
2002-11-01,NLDBRCICP02STSAM_diff_lag_1,1.0000005,0
2002-12-01,NLDBRCICP02STSAM_diff_lag_1,-1.6000004,0
2003-01-01,NLDBRCICP02STSAM_diff_lag_1,0.3000002,0
2003-02-01,NLDBRCICP02STSAM_diff_lag_1,-1.7000003,0
2003-03-01,NLDBRCICP02STSAM_diff_lag_1,2.2000003,0
2003-04-01,NLDBRCICP02STSAM_diff_lag_1,-0.7000003,0
2003-05-01,NLDBRCICP02STSAM_diff_lag_1,-8.5,0
2003-06-01,NLDBRCICP02STSAM_diff_lag_1,-0.6999999,0
2003-07-01,NLDBRCICP02STSAM_diff_lag_1,-0.3000002,0
2003-08-01,NLDBRCICP02STSAM_diff_lag_1,-1.9000001,0
2003-09-01,NLDBRCICP02STSAM_diff_lag_1,-2.8999996,0
2003-10-01,NLDBRCICP02STSAM_diff_lag_1,0.19999981,0
2003-11-01,NLDBRCICP02STSAM_diff_lag_1,3.5,0
2003-12-01,NLDBRCICP02STSAM_diff_lag_1,-7.2,0
2004-01-01,NLDBRCICP02STSAM_diff_lag_1,7.0,0
2004-02-01,NLDBRCICP02STSAM_diff_lag_1,2.1,0
2004-03-01,NLDBRCICP02STSAM_diff_lag_1,-4.1,0
2004-04-01,NLDBRCICP02STSAM_diff_lag_1,-0.20000029,0
2004-05-01,NLDBRCICP02STSAM_diff_lag_1,0.8000002,0
2004-06-01,NLDBRCICP02STSAM_diff_lag_1,-0.20000029,0
2004-07-01,NLDBRCICP02STSAM_diff_lag_1,0.6000004,0
2004-08-01,NLDBRCICP02STSAM_diff_lag_1,4.3999996,0
2004-09-01,NLDBRCICP02STSAM_diff_lag_1,-0.099999964,0
2004-10-01,NLDBRCICP02STSAM_diff_lag_1,0.19999999,0
2004-11-01,NLDBRCICP02STSAM_diff_lag_1,-4.7000003,0
2004-12-01,NLDBRCICP02STSAM_diff_lag_1,-2.2999997,0
2005-01-01,NLDBRCICP02STSAM_diff_lag_1,3.9999998,0
2005-02-01,NLDBRCICP02STSAM_diff_lag_1,-1.8,0
2005-03-01,NLDBRCICP02STSAM_diff_lag_1,3.1,0
2005-04-01,NLDBRCICP02STSAM_diff_lag_1,2.2,0
2005-05-01,NLDBRCICP02STSAM_diff_lag_1,-7.2000003,0
2005-06-01,NLDBRCICP02STSAM_diff_lag_1,1.8000002,0
2005-07-01,NLDBRCICP02STSAM_diff_lag_1,0.0,0
2005-08-01,NLDBRCICP02STSAM_diff_lag_1,0.2999997,0
2005-09-01,NLDBRCICP02STSAM_diff_lag_1,2.5000002,0
2005-10-01,NLDBRCICP02STSAM_diff_lag_1,2.5,0
2005-11-01,NLDBRCICP02STSAM_diff_lag_1,1.4000001,0
2005-12-01,NLDBRCICP02STSAM_diff_lag_1,8.299999,0
2006-01-01,NLDBRCICP02STSAM_diff_lag_1,3.5,0
2006-02-01,NLDBRCICP02STSAM_diff_lag_1,-1.6999998,0
2006-03-01,NLDBRCICP02STSAM_diff_lag_1,1.5,0
2006-04-01,NLDBRCICP02STSAM_diff_lag_1,4.0999994,0
2006-05-01,NLDBRCICP02STSAM_diff_lag_1,1.6000004,0
2006-06-01,NLDBRCICP02STSAM_diff_lag_1,0.30000114,0
2006-07-01,NLDBRCICP02STSAM_diff_lag_1,0.39999962,0
2006-08-01,NLDBRCICP02STSAM_diff_lag_1,-0.70000076,0
2006-09-01,NLDBRCICP02STSAM_diff_lag_1,0.80000114,0
2006-10-01,NLDBRCICP02STSAM_diff_lag_1,0.19999886,0
2006-11-01,NLDBRCICP02STSAM_diff_lag_1,-0.19999886,0
2006-12-01,NLDBRCICP02STSAM_diff_lag_1,-0.9000015,0
2007-01-01,NLDBRCICP02STSAM_diff_lag_1,-0.79999924,0
2007-02-01,NLDBRCICP02STSAM_diff_lag_1,-0.29999924,0
2007-03-01,NLDBRCICP02STSAM_diff_lag_1,0.5999985,0
2007-04-01,NLDBRCICP02STSAM_diff_lag_1,-0.79999924,0
2007-05-01,NLDBRCICP02STSAM_diff_lag_1,1.3999996,0
2007-06-01,NLDBRCICP02STSAM_diff_lag_1,0.5,0
2007-07-01,NLDBRCICP02STSAM_diff_lag_1,0.5,0
2007-08-01,NLDBRCICP02STSAM_diff_lag_1,-0.8999996,0
2007-09-01,NLDBRCICP02STSAM_diff_lag_1,0.20000076,0
2007-10-01,NLDBRCICP02STSAM_diff_lag_1,0.0,0
2007-11-01,NLDBRCICP02STSAM_diff_lag_1,-0.30000114,0
2007-12-01,NLDBRCICP02STSAM_diff_lag_1,-0.6000004,0
2008-01-01,NLDBRCICP02STSAM_diff_lag_1,0.0,0
2008-02-01,NLDBRCICP02STSAM_diff_lag_1,-0.8999996,0
2008-03-01,NLDBRCICP02STSAM_diff_lag_1,0.39999962,0
2008-04-01,NLDBRCICP02STSAM_diff_lag_1,-3.2999992,0
2008-05-01,NLDBRCICP02STSAM_diff_lag_1,2.7000008,0
2008-06-01,NLDBRCICP02STSAM_diff_lag_1,-4.200001,0
2008-07-01,NLDBRCICP02STSAM_diff_lag_1,-5.8,0
2008-08-01,NLDBRCICP02STSAM_diff_lag_1,3.0,0
2008-09-01,NLDBRCICP02STSAM_diff_lag_1,-0.8000002,0
2008-10-01,NLDBRCICP02STSAM_diff_lag_1,0.3000002,0
2008-11-01,NLDBRCICP02STSAM_diff_lag_1,-9.8,0
2008-12-01,NLDBRCICP02STSAM_diff_lag_1,-7.5000005,0
2009-01-01,NLDBRCICP02STSAM_diff_lag_1,-2.6999998,0
2009-02-01,NLDBRCICP02STSAM_diff_lag_1,-1.1999998,0
2009-03-01,NLDBRCICP02STSAM_diff_lag_1,-4.0,0
2009-04-01,NLDBRCICP02STSAM_diff_lag_1,3.8000002,0
2009-05-01,NLDBRCICP02STSAM_diff_lag_1,-1.0,0
2009-06-01,NLDBRCICP02STSAM_diff_lag_1,-0.9000006,0
2009-07-01,NLDBRCICP02STSAM_diff_lag_1,3.3000002,0
2009-08-01,NLDBRCICP02STSAM_diff_lag_1,6.4,0
2009-09-01,NLDBRCICP02STSAM_diff_lag_1,-4.2000003,0
2009-10-01,NLDBRCICP02STSAM_diff_lag_1,-3.1999998,0
2009-11-01,NLDBRCICP02STSAM_diff_lag_1,8.5,0
2009-12-01,NLDBRCICP02STSAM_diff_lag_1,4.5,0
2010-01-01,NLDBRCICP02STSAM_diff_lag_1,-0.8000001,0
2010-02-01,NLDBRCICP02STSAM_diff_lag_1,2.3,0
2010-03-01,NLDBRCICP02STSAM_diff_lag_1,-5.5,0
2010-04-01,NLDBRCICP02STSAM_diff_lag_1,6.8,0
2010-05-01,NLDBRCICP02STSAM_diff_lag_1,-12.2,0
2010-06-01,NLDBRCICP02STSAM_diff_lag_1,6.6,0
2010-07-01,NLDBRCICP02STSAM_diff_lag_1,-0.100000024,0
2010-08-01,NLDBRCICP02STSAM_diff_lag_1,1.4000001,0
2010-09-01,NLDBRCICP02STSAM_diff_lag_1,-0.90000004,0
2010-10-01,NLDBRCICP02STSAM_diff_lag_1,9.3,0
2010-11-01,NLDBRCICP02STSAM_diff_lag_1,-4.1000004,0
2010-12-01,NLDBRCICP02STSAM_diff_lag_1,10.7,0
2011-01-01,NLDBRCICP02STSAM_diff_lag_1,-9.799999,0
2011-02-01,NLDBRCICP02STSAM_diff_lag_1,4.9999995,0
2011-03-01,NLDBRCICP02STSAM_diff_lag_1,2.0,0
2011-04-01,NLDBRCICP02STSAM_diff_lag_1,-6.4999995,0
2011-05-01,NLDBRCICP02STSAM_diff_lag_1,0.19999981,0
2011-06-01,NLDBRCICP02STSAM_diff_lag_1,-0.7999997,0
2011-07-01,NLDBRCICP02STSAM_diff_lag_1,-4.6000004,0
2011-08-01,NLDBRCICP02STSAM_diff_lag_1,-2.2,0
2011-09-01,NLDBRCICP02STSAM_diff_lag_1,2.3,0
2011-10-01,NLDBRCICP02STSAM_diff_lag_1,-8.6,0
2011-11-01,NLDBRCICP02STSAM_diff_lag_1,1.9000001,0
2011-12-01,NLDBRCICP02STSAM_diff_lag_1,0.7000003,0
2012-01-01,NLDBRCICP02STSAM_diff_lag_1,4.3999996,0
2012-02-01,NLDBRCICP02STSAM_diff_lag_1,-1.0,0
2012-03-01,NLDBRCICP02STSAM_diff_lag_1,0.79999995,0
2012-04-01,NLDBRCICP02STSAM_diff_lag_1,-0.79999995,0
2012-05-01,NLDBRCICP02STSAM_diff_lag_1,-1.5,0
2012-06-01,NLDBRCICP02STSAM_diff_lag_1,-4.7,0
2012-07-01,NLDBRCICP02STSAM_diff_lag_1,4.4,0
2012-08-01,NLDBRCICP02STSAM_diff_lag_1,-5.4,0
2012-09-01,NLDBRCICP02STSAM_diff_lag_1,3.1,0
2012-10-01,NLDBRCICP02STSAM_diff_lag_1,-2.4999995,0
2012-11-01,NLDBRCICP02STSAM_diff_lag_1,6.9999995,0
2012-12-01,NLDBRCICP02STSAM_diff_lag_1,-5.9,0
2013-01-01,NLDBRCICP02STSAM_diff_lag_1,1.7000003,0
2013-02-01,NLDBRCICP02STSAM_diff_lag_1,-2.2000003,0
2013-03-01,NLDBRCICP02STSAM_diff_lag_1,-1.5,0
2013-04-01,NLDBRCICP02STSAM_diff_lag_1,2.3000002,0
2013-05-01,NLDBRCICP02STSAM_diff_lag_1,2.6999998,0
2013-06-01,NLDBRCICP02STSAM_diff_lag_1,2.6000001,0
2013-07-01,NLDBRCICP02STSAM_diff_lag_1,-5.7,0
2013-08-01,NLDBRCICP02STSAM_diff_lag_1,6.8,0
2013-09-01,NLDBRCICP02STSAM_diff_lag_1,-0.5,0
2013-10-01,NLDBRCICP02STSAM_diff_lag_1,-5.7000003,0
2013-11-01,NLDBRCICP02STSAM_diff_lag_1,2.0,0
2013-12-01,NLDBRCICP02STSAM_diff_lag_1,0.20000029,0
2014-01-01,NLDBRCICP02STSAM_diff_lag_1,3.6999998,0
2014-02-01,NLDBRCICP02STSAM_diff_lag_1,0.39999998,0
2014-03-01,NLDBRCICP02STSAM_diff_lag_1,3.0,0
2014-04-01,NLDBRCICP02STSAM_diff_lag_1,-0.29999995,0
2014-05-01,NLDBRCICP02STSAM_diff_lag_1,-0.5,0
2014-06-01,NLDBRCICP02STSAM_diff_lag_1,-0.40000004,0
2014-07-01,NLDBRCICP02STSAM_diff_lag_1,2.8,0
2014-08-01,NLDBRCICP02STSAM_diff_lag_1,-0.89999986,0
2014-09-01,NLDBRCICP02STSAM_diff_lag_1,0.0,0
2014-10-01,NLDBRCICP02STSAM_diff_lag_1,1.0,0
2014-11-01,NLDBRCICP02STSAM_diff_lag_1,-2.7,0
2014-12-01,NLDBRCICP02STSAM_diff_lag_1,4.2,0
2015-01-01,NLDBRCICP02STSAM_diff_lag_1,-1.9999998,0
2015-02-01,NLDBRCICP02STSAM_diff_lag_1,-0.5,0
2015-03-01,NLDBRCICP02STSAM_diff_lag_1,3.2,0
2015-04-01,NLDBRCICP02STSAM_diff_lag_1,4.2999997,0
2015-05-01,NLDBRCICP02STSAM_diff_lag_1,-0.8999996,0
2015-06-01,NLDBRCICP02STSAM_diff_lag_1,-2.8000002,0
2015-07-01,NLDBRCICP02STSAM_diff_lag_1,1.4000001,0
2015-08-01,NLDBRCICP02STSAM_diff_lag_1,-2.0,0
2015-09-01,NLDBRCICP02STSAM_diff_lag_1,2.1,0
2015-10-01,NLDBRCICP02STSAM_diff_lag_1,-0.5999999,0
2015-11-01,NLDBRCICP02STSAM_diff_lag_1,8.299999,0
2015-12-01,NLDBRCICP02STSAM_diff_lag_1,-7.2,0
2016-01-01,NLDBRCICP02STSAM_diff_lag_1,-0.5,0
2016-02-01,NLDBRCICP02STSAM_diff_lag_1,-0.6999998,0
2016-03-01,NLDBRCICP02STSAM_diff_lag_1,0.0,0
2016-04-01,NLDBRCICP02STSAM_diff_lag_1,-2.3000002,0
2016-05-01,NLDBRCICP02STSAM_diff_lag_1,1.0,0
2016-06-01,NLDBRCICP02STSAM_diff_lag_1,0.8000002,0
2016-07-01,NLDBRCICP02STSAM_diff_lag_1,-0.6000004,0
2016-08-01,NLDBRCICP02STSAM_diff_lag_1,2.4000006,0
2016-09-01,NLDBRCICP02STSAM_diff_lag_1,-2.9000006,0
2016-10-01,NLDBRCICP02STSAM_diff_lag_1,-0.099999905,0
2016-11-01,NLDBRCICP02STSAM_diff_lag_1,2.1,0
2016-12-01,NLDBRCICP02STSAM_diff_lag_1,0.6999998,0
2017-01-01,NLDBRCICP02STSAM_diff_lag_1,1.9000006,0
2017-02-01,NLDBRCICP02STSAM_diff_lag_1,0.09999943,0
2017-03-01,NLDBRCICP02STSAM_diff_lag_1,-1.2999992,0
2017-04-01,NLDBRCICP02STSAM_diff_lag_1,1.3999996,0
2017-05-01,NLDBRCICP02STSAM_diff_lag_1,0.3000002,0
2017-06-01,NLDBRCICP02STSAM_diff_lag_1,1.0,0
2017-07-01,NLDBRCICP02STSAM_diff_lag_1,0.5,0
2017-08-01,NLDBRCICP02STSAM_diff_lag_1,-1.8000002,0
2017-09-01,NLDBRCICP02STSAM_diff_lag_1,-1.3000002,0
2017-10-01,NLDBRCICP02STSAM_diff_lag_1,3.1999998,0
2017-11-01,NLDBRCICP02STSAM_diff_lag_1,-5.4999995,0
2017-12-01,NLDBRCICP02STSAM_diff_lag_1,4.2000003,0
2018-01-01,NLDBRCICP02STSAM_diff_lag_1,2.5,0
2018-02-01,NLDBRCICP02STSAM_diff_lag_1,-4.1000004,0
2018-03-01,NLDBRCICP02STSAM_diff_lag_1,0.10000038,0
2018-04-01,NLDBRCICP02STSAM_diff_lag_1,-4.0000005,0
2018-05-01,NLDBRCICP02STSAM_diff_lag_1,1.3000002,0
2018-06-01,NLDBRCICP02STSAM_diff_lag_1,-0.099999905,0
2018-07-01,NLDBRCICP02STSAM_diff_lag_1,-1.3000002,0
2018-08-01,NLDBRCICP02STSAM_diff_lag_1,0.4000001,0
2018-09-01,NLDBRCICP02STSAM_diff_lag_1,2.7999997,0
2018-10-01,NLDBRCICP02STSAM_diff_lag_1,1.4000006,0
2018-11-01,NLDBRCICP02STSAM_diff_lag_1,-3.4000006,0
2018-12-01,NLDBRCICP02STSAM_diff_lag_1,3.3000002,0
2019-01-01,NLDBRCICP02STSAM_diff_lag_1,-1.3999996,0
2019-02-01,NLDBRCICP02STSAM_diff_lag_1,0.29999924,0
2019-03-01,NLDBRCICP02STSAM_diff_lag_1,0.9000006,0
2019-04-01,NLDBRCICP02STSAM_diff_lag_1,-3.8000002,0
2019-05-01,NLDBRCICP02STSAM_diff_lag_1,1.1999998,0
2019-06-01,NLDBRCICP02STSAM_diff_lag_1,-1.3999996,0
2019-07-01,NLDBRCICP02STSAM_diff_lag_1,-0.10000038,0
2019-08-01,NLDBRCICP02STSAM_diff_lag_1,-2.1999998,0
2019-09-01,NLDBRCICP02STSAM_diff_lag_1,-0.70000005,0
2019-10-01,NLDBRCICP02STSAM_diff_lag_1,2.0000002,0
2019-11-01,NLDBRCICP02STSAM_diff_lag_1,-0.4000001,0
2019-12-01,NLDBRCICP02STSAM_diff_lag_1,-2.6000001,0
2020-01-01,NLDBRCICP02STSAM_diff_lag_1,3.6000001,0
2020-02-01,NLDBRCICP02STSAM_diff_lag_1,1.0,0
2020-03-01,NLDBRCICP02STSAM_diff_lag_1,-2.9,0
2020-04-01,NLDBRCICP02STSAM_diff_lag_1,-22.8,0
2020-05-01,NLDBRCICP02STSAM_diff_lag_1,3.999999,0
2020-06-01,NLDBRCICP02STSAM_diff_lag_1,13.5,0
2020-07-01,NLDBRCICP02STSAM_diff_lag_1,2.0,0
2020-08-01,NLDBRCICP02STSAM_diff_lag_1,3.8,0
2020-09-01,NLDBRCICP02STSAM_diff_lag_1,2.6999998,0
2020-10-01,NLDBRCICP02STSAM_diff_lag_1,-6.2999997,0
2020-11-01,NLDBRCICP02STSAM_diff_lag_1,-3.1000001,0
2020-12-01,NLDBRCICP02STSAM_diff_lag_1,-1.4999998,0
2021-01-01,NLDBRCICP02STSAM_diff_lag_1,-5.1000004,0
2021-02-01,NLDBRCICP02STSAM_diff_lag_1,-2.6999998,0
2021-03-01,NLDBRCICP02STSAM_diff_lag_1,4.8,0
2021-04-01,NLDBRCICP02STSAM_diff_lag_1,4.3999996,0
2021-05-01,NLDBRCICP02STSAM_diff_lag_1,3.1,0
2021-06-01,NLDBRCICP02STSAM_diff_lag_1,11.3,0
2021-07-01,NLDBRCICP02STSAM_diff_lag_1,-5.8,0
2021-08-01,NLDBRCICP02STSAM_diff_lag_1,-4.9,0
2021-09-01,NLDBRCICP02STSAM_diff_lag_1,2.3000002,0
2021-10-01,NLDBRCICP02STSAM_diff_lag_1,-0.4000001,0
2021-11-01,NLDBRCICP02STSAM_diff_lag_1,-0.70000005,0
2021-12-01,NLDBRCICP02STSAM_diff_lag_1,3.4,0
2022-01-01,NLDBRCICP02STSAM_diff_lag_1,-9.4,0
2022-02-01,NLDBRCICP02STSAM_diff_lag_1,8.4,0
2022-03-01,NLDBRCICP02STSAM_diff_lag_1,-3.0,0
2022-04-01,NLDBRCICP02STSAM_diff_lag_1,0.79999995,0
2022-05-01,NLDBRCICP02STSAM_diff_lag_1,-0.9,0
2022-06-01,NLDBRCICP02STSAM_diff_lag_1,1.1,0
2022-07-01,NLDBRCICP02STSAM_diff_lag_1,-0.20000005,0
2022-08-01,NLDBRCICP02STSAM_diff_lag_1,5.1000004,0
2022-09-01,NLDBRCICP02STSAM_diff_lag_1,-6.4,0
2022-10-01,NLDBRCICP02STSAM_diff_lag_1,1.4000001,0
2022-11-01,NLDBRCICP02STSAM_diff_lag_1,3.2999997,0
2022-12-01,NLDBRCICP02STSAM_diff_lag_1,0.0,0
2023-01-01,NLDBRCICP02STSAM_diff_lag_1,-0.6999998,0
2000-01-01,PCEDG_diff_lag_1,18.799988,0
2000-02-01,PCEDG_diff_lag_1,22.100037,0
2000-03-01,PCEDG_diff_lag_1,-7.4000244,0
2000-04-01,PCEDG_diff_lag_1,-22.700012,0
2000-05-01,PCEDG_diff_lag_1,6.4000244,0
2000-06-01,PCEDG_diff_lag_1,-8.799988,0
2000-07-01,PCEDG_diff_lag_1,-0.9000244,0
2000-08-01,PCEDG_diff_lag_1,9.100037,0
2000-09-01,PCEDG_diff_lag_1,24.899963,0
2000-10-01,PCEDG_diff_lag_1,-10.700012,0
2000-11-01,PCEDG_diff_lag_1,-7.199951,0
2000-12-01,PCEDG_diff_lag_1,0.099975586,0
2001-01-01,PCEDG_diff_lag_1,3.0,0
2001-02-01,PCEDG_diff_lag_1,22.400024,0
2001-03-01,PCEDG_diff_lag_1,-13.800049,0
2001-04-01,PCEDG_diff_lag_1,-16.799988,0
2001-05-01,PCEDG_diff_lag_1,7.700012,0
2001-06-01,PCEDG_diff_lag_1,18.099976,0
2001-07-01,PCEDG_diff_lag_1,-9.099976,0
2001-08-01,PCEDG_diff_lag_1,17.5,0
2001-09-01,PCEDG_diff_lag_1,-38.400024,0
2001-10-01,PCEDG_diff_lag_1,131.0,0
2001-11-01,PCEDG_diff_lag_1,-38.099976,0
2001-12-01,PCEDG_diff_lag_1,-41.400024,0
2002-01-01,PCEDG_diff_lag_1,15.100037,0
2002-02-01,PCEDG_diff_lag_1,12.5,0
2002-03-01,PCEDG_diff_lag_1,-8.299988,0
2002-04-01,PCEDG_diff_lag_1,26.599976,0
2002-05-01,PCEDG_diff_lag_1,-38.799988,0
2002-06-01,PCEDG_diff_lag_1,5.299988,0
2002-07-01,PCEDG_diff_lag_1,33.599976,0
2002-08-01,PCEDG_diff_lag_1,18.100037,0
2002-09-01,PCEDG_diff_lag_1,-35.799988,0
2002-10-01,PCEDG_diff_lag_1,-14.0,0
2002-11-01,PCEDG_diff_lag_1,8.599976,0
2002-12-01,PCEDG_diff_lag_1,31.400024,0
2003-01-01,PCEDG_diff_lag_1,-27.300049,0
2003-02-01,PCEDG_diff_lag_1,-26.199951,0
2003-03-01,PCEDG_diff_lag_1,28.199951,0
2003-04-01,PCEDG_diff_lag_1,19.300049,0
2003-05-01,PCEDG_diff_lag_1,1.7999878,0
2003-06-01,PCEDG_diff_lag_1,8.200012,0
2003-07-01,PCEDG_diff_lag_1,11.0,0
2003-08-01,PCEDG_diff_lag_1,34.400024,0
2003-09-01,PCEDG_diff_lag_1,-18.200073,0
2003-10-01,PCEDG_diff_lag_1,-4.9000244,0
2003-11-01,PCEDG_diff_lag_1,17.300049,0
2003-12-01,PCEDG_diff_lag_1,-2.0,0
2004-01-01,PCEDG_diff_lag_1,-3.4000244,0
2004-02-01,PCEDG_diff_lag_1,17.099976,0
2004-03-01,PCEDG_diff_lag_1,14.200073,0
2004-04-01,PCEDG_diff_lag_1,-16.599976,0
2004-05-01,PCEDG_diff_lag_1,28.699951,0
2004-06-01,PCEDG_diff_lag_1,-47.900024,0
2004-07-01,PCEDG_diff_lag_1,33.30005,0
2004-08-01,PCEDG_diff_lag_1,2.0999756,0
2004-09-01,PCEDG_diff_lag_1,20.300049,0
2004-10-01,PCEDG_diff_lag_1,-0.70007324,0
2004-11-01,PCEDG_diff_lag_1,1.3000488,0
2004-12-01,PCEDG_diff_lag_1,22.699951,0
2005-01-01,PCEDG_diff_lag_1,-26.199951,0
2005-02-01,PCEDG_diff_lag_1,16.799927,0
2005-03-01,PCEDG_diff_lag_1,7.0,0
2005-04-01,PCEDG_diff_lag_1,22.600098,0
2005-05-01,PCEDG_diff_lag_1,-26.400024,0
2005-06-01,PCEDG_diff_lag_1,38.19995,0
2005-07-01,PCEDG_diff_lag_1,47.599976,0
2005-08-01,PCEDG_diff_lag_1,-62.69995,0
2005-09-01,PCEDG_diff_lag_1,-25.699951,0
2005-10-01,PCEDG_diff_lag_1,-14.200073,0
2005-11-01,PCEDG_diff_lag_1,16.800049,0
2005-12-01,PCEDG_diff_lag_1,11.799927,0
2006-01-01,PCEDG_diff_lag_1,39.700073,0
2006-02-01,PCEDG_diff_lag_1,-24.400024,0
2006-03-01,PCEDG_diff_lag_1,7.5,0
2006-04-01,PCEDG_diff_lag_1,0.0,0
2006-05-01,PCEDG_diff_lag_1,-3.8000488,0
2006-06-01,PCEDG_diff_lag_1,2.3000488,0
2006-07-01,PCEDG_diff_lag_1,19.199951,0
2006-08-01,PCEDG_diff_lag_1,-22.699951,0
2006-09-01,PCEDG_diff_lag_1,20.900024,0
2006-10-01,PCEDG_diff_lag_1,1.4000244,0
2006-11-01,PCEDG_diff_lag_1,-3.9000244,0
2006-12-01,PCEDG_diff_lag_1,11.099976,0
2007-01-01,PCEDG_diff_lag_1,8.0,0
2007-02-01,PCEDG_diff_lag_1,-8.400024,0
2007-03-01,PCEDG_diff_lag_1,3.4000244,0
2007-04-01,PCEDG_diff_lag_1,2.6999512,0
2007-05-01,PCEDG_diff_lag_1,16.5,0
2007-06-01,PCEDG_diff_lag_1,-19.5,0
2007-07-01,PCEDG_diff_lag_1,2.5,0
2007-08-01,PCEDG_diff_lag_1,11.700073,0
2007-09-01,PCEDG_diff_lag_1,10.199951,0
2007-10-01,PCEDG_diff_lag_1,6.4000244,0
2007-11-01,PCEDG_diff_lag_1,-11.300049,0
2007-12-01,PCEDG_diff_lag_1,-17.699951,0
2008-01-01,PCEDG_diff_lag_1,-11.599976,0
2008-02-01,PCEDG_diff_lag_1,-20.0,0
2008-03-01,PCEDG_diff_lag_1,-4.7000732,0
2008-04-01,PCEDG_diff_lag_1,-4.5999756,0
2008-05-01,PCEDG_diff_lag_1,4.5999756,0
2008-06-01,PCEDG_diff_lag_1,-13.299927,0
2008-07-01,PCEDG_diff_lag_1,-30.400024,0
2008-08-01,PCEDG_diff_lag_1,14.300049,0
2008-09-01,PCEDG_diff_lag_1,-41.100098,0
2008-10-01,PCEDG_diff_lag_1,-46.599976,0
2008-11-01,PCEDG_diff_lag_1,-24.199951,0
2008-12-01,PCEDG_diff_lag_1,-7.4000244,0
2009-01-01,PCEDG_diff_lag_1,28.0,0
2009-02-01,PCEDG_diff_lag_1,-16.799988,0
2009-03-01,PCEDG_diff_lag_1,-22.0,0
2009-04-01,PCEDG_diff_lag_1,-5.4000244,0
2009-05-01,PCEDG_diff_lag_1,20.100037,0
2009-06-01,PCEDG_diff_lag_1,7.5,0
2009-07-01,PCEDG_diff_lag_1,14.399963,0
2009-08-01,PCEDG_diff_lag_1,68.29999,0
2009-09-01,PCEDG_diff_lag_1,-93.69995,0
2009-10-01,PCEDG_diff_lag_1,8.199951,0
2009-11-01,PCEDG_diff_lag_1,13.800049,0
2009-12-01,PCEDG_diff_lag_1,4.199951,0
2010-01-01,PCEDG_diff_lag_1,-15.5,0
2010-02-01,PCEDG_diff_lag_1,-0.8999634,0
2010-03-01,PCEDG_diff_lag_1,46.799988,0
2010-04-01,PCEDG_diff_lag_1,-6.0,0
2010-05-01,PCEDG_diff_lag_1,-4.300049,0
2010-06-01,PCEDG_diff_lag_1,2.4000244,0
2010-07-01,PCEDG_diff_lag_1,3.4000244,0
2010-08-01,PCEDG_diff_lag_1,6.199951,0
2010-09-01,PCEDG_diff_lag_1,2.4000244,0
2010-10-01,PCEDG_diff_lag_1,23.099976,0
2010-11-01,PCEDG_diff_lag_1,-1.6999512,0
2010-12-01,PCEDG_diff_lag_1,1.1999512,0
2011-01-01,PCEDG_diff_lag_1,6.300049,0
2011-02-01,PCEDG_diff_lag_1,-1.1999512,0
2011-03-01,PCEDG_diff_lag_1,11.199951,0
2011-04-01,PCEDG_diff_lag_1,-4.0999756,0
2011-05-01,PCEDG_diff_lag_1,-9.700073,0
2011-06-01,PCEDG_diff_lag_1,-4.5999756,0
2011-07-01,PCEDG_diff_lag_1,9.099976,0
2011-08-01,PCEDG_diff_lag_1,-0.5,0
2011-09-01,PCEDG_diff_lag_1,16.100098,0
2011-10-01,PCEDG_diff_lag_1,13.099976,0
2011-11-01,PCEDG_diff_lag_1,-6.5,0
2011-12-01,PCEDG_diff_lag_1,7.0,0
2012-01-01,PCEDG_diff_lag_1,15.5,0
2012-02-01,PCEDG_diff_lag_1,15.5,0
2012-03-01,PCEDG_diff_lag_1,-7.9000244,0
2012-04-01,PCEDG_diff_lag_1,-0.5999756,0
2012-05-01,PCEDG_diff_lag_1,-4.0,0
2012-06-01,PCEDG_diff_lag_1,-3.5,0
2012-07-01,PCEDG_diff_lag_1,4.7999268,0
2012-08-01,PCEDG_diff_lag_1,3.7000732,0
2012-09-01,PCEDG_diff_lag_1,13.5,0
2012-10-01,PCEDG_diff_lag_1,-10.700073,0
2012-11-01,PCEDG_diff_lag_1,28.200073,0
2012-12-01,PCEDG_diff_lag_1,10.699951,0
2013-01-01,PCEDG_diff_lag_1,12.5,0
2013-02-01,PCEDG_diff_lag_1,0.5999756,0
2013-03-01,PCEDG_diff_lag_1,-12.699951,0
2013-04-01,PCEDG_diff_lag_1,1.8000488,0
2013-05-01,PCEDG_diff_lag_1,4.7999268,0
2013-06-01,PCEDG_diff_lag_1,-0.19995117,0
2013-07-01,PCEDG_diff_lag_1,3.9000244,0
2013-08-01,PCEDG_diff_lag_1,-3.1000977,0
2013-09-01,PCEDG_diff_lag_1,0.60009766,0
2013-10-01,PCEDG_diff_lag_1,3.0999756,0
2013-11-01,PCEDG_diff_lag_1,10.299927,0
2013-12-01,PCEDG_diff_lag_1,-11.299927,0
2014-01-01,PCEDG_diff_lag_1,-16.5,0
2014-02-01,PCEDG_diff_lag_1,30.799927,0
2014-03-01,PCEDG_diff_lag_1,27.200073,0
2014-04-01,PCEDG_diff_lag_1,-1.5999756,0
2014-05-01,PCEDG_diff_lag_1,8.299927,0
2014-06-01,PCEDG_diff_lag_1,10.800049,0
2014-07-01,PCEDG_diff_lag_1,-1.0,0
2014-08-01,PCEDG_diff_lag_1,10.199951,0
2014-09-01,PCEDG_diff_lag_1,1.2000732,0
2014-10-01,PCEDG_diff_lag_1,3.8999023,0
2014-11-01,PCEDG_diff_lag_1,9.100098,0
2014-12-01,PCEDG_diff_lag_1,-0.100097656,0
2015-01-01,PCEDG_diff_lag_1,0.60009766,0
2015-02-01,PCEDG_diff_lag_1,3.3999023,0
2015-03-01,PCEDG_diff_lag_1,24.700073,0
2015-04-01,PCEDG_diff_lag_1,6.4000244,0
2015-05-01,PCEDG_diff_lag_1,3.5,0
2015-06-01,PCEDG_diff_lag_1,-1.5,0
2015-07-01,PCEDG_diff_lag_1,6.699951,0
2015-08-01,PCEDG_diff_lag_1,6.0,0
2015-09-01,PCEDG_diff_lag_1,-5.9000244,0
2015-10-01,PCEDG_diff_lag_1,-7.7999268,0
2015-11-01,PCEDG_diff_lag_1,14.199951,0
2015-12-01,PCEDG_diff_lag_1,0.6999512,0
2016-01-01,PCEDG_diff_lag_1,-3.5,0
2016-02-01,PCEDG_diff_lag_1,22.5,0
2016-03-01,PCEDG_diff_lag_1,-19.399902,0
2016-04-01,PCEDG_diff_lag_1,5.7999268,0
2016-05-01,PCEDG_diff_lag_1,1.5999756,0
2016-06-01,PCEDG_diff_lag_1,17.200073,0
2016-07-01,PCEDG_diff_lag_1,6.5999756,0
2016-08-01,PCEDG_diff_lag_1,-2.9000244,0
2016-09-01,PCEDG_diff_lag_1,6.4000244,0
2016-10-01,PCEDG_diff_lag_1,4.5999756,0
2016-11-01,PCEDG_diff_lag_1,-17.900024,0
2016-12-01,PCEDG_diff_lag_1,32.30005,0
2017-01-01,PCEDG_diff_lag_1,-6.699951,0
2017-02-01,PCEDG_diff_lag_1,4.5999756,0
2017-03-01,PCEDG_diff_lag_1,-10.599976,0
2017-04-01,PCEDG_diff_lag_1,9.599976,0
2017-05-01,PCEDG_diff_lag_1,-2.3000488,0
2017-06-01,PCEDG_diff_lag_1,13.700073,0
2017-07-01,PCEDG_diff_lag_1,9.0,0
2017-08-01,PCEDG_diff_lag_1,-8.300049,0
2017-09-01,PCEDG_diff_lag_1,31.599976,0
2017-10-01,PCEDG_diff_lag_1,10.700073,0
2017-11-01,PCEDG_diff_lag_1,19.5,0
2017-12-01,PCEDG_diff_lag_1,16.799927,0
2018-01-01,PCEDG_diff_lag_1,-16.0,0
2018-02-01,PCEDG_diff_lag_1,7.800049,0
2018-03-01,PCEDG_diff_lag_1,-2.9000244,0
2018-04-01,PCEDG_diff_lag_1,8.099976,0
2018-05-01,PCEDG_diff_lag_1,13.700073,0
2018-06-01,PCEDG_diff_lag_1,-6.300049,0
2018-07-01,PCEDG_diff_lag_1,9.199951,0
2018-08-01,PCEDG_diff_lag_1,5.2000732,0
2018-09-01,PCEDG_diff_lag_1,-8.300049,0
2018-10-01,PCEDG_diff_lag_1,6.300049,0
2018-11-01,PCEDG_diff_lag_1,22.199951,0
2018-12-01,PCEDG_diff_lag_1,-41.400024,0
2019-01-01,PCEDG_diff_lag_1,1.7000732,0
2019-02-01,PCEDG_diff_lag_1,-3.0,0
2019-03-01,PCEDG_diff_lag_1,25.799927,0
2019-04-01,PCEDG_diff_lag_1,-4.7999268,0
2019-05-01,PCEDG_diff_lag_1,19.599976,0
2019-06-01,PCEDG_diff_lag_1,9.400024,0
2019-07-01,PCEDG_diff_lag_1,12.299927,0
2019-08-01,PCEDG_diff_lag_1,-1.3999023,0
2019-09-01,PCEDG_diff_lag_1,16.5,0
2019-10-01,PCEDG_diff_lag_1,-11.5,0
2019-11-01,PCEDG_diff_lag_1,21.0,0
2019-12-01,PCEDG_diff_lag_1,15.199951,0
2020-01-01,PCEDG_diff_lag_1,-10.0,0
2020-02-01,PCEDG_diff_lag_1,8.599976,0
2020-03-01,PCEDG_diff_lag_1,-190.09998,0
2020-04-01,PCEDG_diff_lag_1,-170.59998,0
2020-05-01,PCEDG_diff_lag_1,356.29993,0
2020-06-01,PCEDG_diff_lag_1,144.30005,0
2020-07-01,PCEDG_diff_lag_1,78.599976,0
2020-08-01,PCEDG_diff_lag_1,11.599976,0
2020-09-01,PCEDG_diff_lag_1,26.100098,0
2020-10-01,PCEDG_diff_lag_1,8.299927,0
2020-11-01,PCEDG_diff_lag_1,-23.0,0
2020-12-01,PCEDG_diff_lag_1,-5.9000244,0
2021-01-01,PCEDG_diff_lag_1,137.0,0
2021-02-01,PCEDG_diff_lag_1,-56.899902,0
2021-03-01,PCEDG_diff_lag_1,284.0,0
2021-04-01,PCEDG_diff_lag_1,-11.5,0
2021-05-01,PCEDG_diff_lag_1,-46.100098,0
2021-06-01,PCEDG_diff_lag_1,-16.800049,0
2021-07-01,PCEDG_diff_lag_1,-52.799927,0
2021-08-01,PCEDG_diff_lag_1,-6.5,0
2021-09-01,PCEDG_diff_lag_1,15.700073,0
2021-10-01,PCEDG_diff_lag_1,82.09985,0
2021-11-01,PCEDG_diff_lag_1,-11.699951,0
2021-12-01,PCEDG_diff_lag_1,-48.0,0
2022-01-01,PCEDG_diff_lag_1,141.69995,0
2022-02-01,PCEDG_diff_lag_1,-28.899902,0
2022-03-01,PCEDG_diff_lag_1,-12.899902,0
2022-04-01,PCEDG_diff_lag_1,26.299805,0
2022-05-01,PCEDG_diff_lag_1,-27.699951,0
2022-06-01,PCEDG_diff_lag_1,24.900146,0
2022-07-01,PCEDG_diff_lag_1,0.39990234,0
2022-08-01,PCEDG_diff_lag_1,8.300049,0
2022-09-01,PCEDG_diff_lag_1,2.3999023,0
2022-10-01,PCEDG_diff_lag_1,38.69995,0
2022-11-01,PCEDG_diff_lag_1,-71.59985,0
2022-12-01,PCEDG_diff_lag_1,-32.400146,0
2023-01-01,PCEDG_diff_lag_1,150.5,0
2000-01-01,PCETRIM12M159SFRBDAL_diff_lag_2,0.15999997,0
2000-02-01,PCETRIM12M159SFRBDAL_diff_lag_2,0.23999989,0
2000-03-01,PCETRIM12M159SFRBDAL_diff_lag_2,0.24000001,0
2000-04-01,PCETRIM12M159SFRBDAL_diff_lag_2,0.06000018,0
2000-05-01,PCETRIM12M159SFRBDAL_diff_lag_2,-0.01999998,0
2000-06-01,PCETRIM12M159SFRBDAL_diff_lag_2,0.089999914,0
2000-07-01,PCETRIM12M159SFRBDAL_diff_lag_2,0.07999992,0
2000-08-01,PCETRIM12M159SFRBDAL_diff_lag_2,0.049999952,0
2000-09-01,PCETRIM12M159SFRBDAL_diff_lag_2,0.09000015,0
2000-10-01,PCETRIM12M159SFRBDAL_diff_lag_2,0.10000014,0
2000-11-01,PCETRIM12M159SFRBDAL_diff_lag_2,0.059999943,0
2000-12-01,PCETRIM12M159SFRBDAL_diff_lag_2,0.07999992,0
2001-01-01,PCETRIM12M159SFRBDAL_diff_lag_2,0.06999993,0
2001-02-01,PCETRIM12M159SFRBDAL_diff_lag_2,0.03999996,0
2001-03-01,PCETRIM12M159SFRBDAL_diff_lag_2,-0.01999998,0
2001-04-01,PCETRIM12M159SFRBDAL_diff_lag_2,0.049999952,0
2001-05-01,PCETRIM12M159SFRBDAL_diff_lag_2,0.089999914,0
2001-06-01,PCETRIM12M159SFRBDAL_diff_lag_2,0.08000016,0
2001-07-01,PCETRIM12M159SFRBDAL_diff_lag_2,0.0400002,0
2001-08-01,PCETRIM12M159SFRBDAL_diff_lag_2,-0.01999998,0
2001-09-01,PCETRIM12M159SFRBDAL_diff_lag_2,-0.10000014,0
2001-10-01,PCETRIM12M159SFRBDAL_diff_lag_2,-0.1500001,0
2001-11-01,PCETRIM12M159SFRBDAL_diff_lag_2,-0.059999943,0
2001-12-01,PCETRIM12M159SFRBDAL_diff_lag_2,-0.13000011,0
2002-01-01,PCETRIM12M159SFRBDAL_diff_lag_2,-0.23000002,0
2002-02-01,PCETRIM12M159SFRBDAL_diff_lag_2,-0.13999987,0
2002-03-01,PCETRIM12M159SFRBDAL_diff_lag_2,-0.01999998,0
2002-04-01,PCETRIM12M159SFRBDAL_diff_lag_2,-0.059999943,0
2002-05-01,PCETRIM12M159SFRBDAL_diff_lag_2,-0.11000013,0
2002-06-01,PCETRIM12M159SFRBDAL_diff_lag_2,-0.16000009,0
2002-07-01,PCETRIM12M159SFRBDAL_diff_lag_2,-0.07999992,0
2002-08-01,PCETRIM12M159SFRBDAL_diff_lag_2,-0.00999999,0
2002-09-01,PCETRIM12M159SFRBDAL_diff_lag_2,0.03999996,0
2002-10-01,PCETRIM12M159SFRBDAL_diff_lag_2,0.07999992,0
2002-11-01,PCETRIM12M159SFRBDAL_diff_lag_2,-0.00999999,0
2002-12-01,PCETRIM12M159SFRBDAL_diff_lag_2,0.01999998,0
2003-01-01,PCETRIM12M159SFRBDAL_diff_lag_2,0.01999998,0
2003-02-01,PCETRIM12M159SFRBDAL_diff_lag_2,-0.089999914,0
2003-03-01,PCETRIM12M159SFRBDAL_diff_lag_2,-0.089999914,0
2003-04-01,PCETRIM12M159SFRBDAL_diff_lag_2,-0.16999996,0
2003-05-01,PCETRIM12M159SFRBDAL_diff_lag_2,-0.16999996,0
2003-06-01,PCETRIM12M159SFRBDAL_diff_lag_2,-0.100000024,0
2003-07-01,PCETRIM12M159SFRBDAL_diff_lag_2,-0.05000007,0
2003-08-01,PCETRIM12M159SFRBDAL_diff_lag_2,0.059999943,0
2003-09-01,PCETRIM12M159SFRBDAL_diff_lag_2,-0.01999998,0
2003-10-01,PCETRIM12M159SFRBDAL_diff_lag_2,-0.06999993,0
2003-11-01,PCETRIM12M159SFRBDAL_diff_lag_2,-0.00999999,0
2003-12-01,PCETRIM12M159SFRBDAL_diff_lag_2,0.00999999,0
2004-01-01,PCETRIM12M159SFRBDAL_diff_lag_2,0.06999993,0
2004-02-01,PCETRIM12M159SFRBDAL_diff_lag_2,0.13999999,0
2004-03-01,PCETRIM12M159SFRBDAL_diff_lag_2,0.07000005,0
2004-04-01,PCETRIM12M159SFRBDAL_diff_lag_2,0.23999989,0
2004-05-01,PCETRIM12M159SFRBDAL_diff_lag_2,0.33000004,0
2004-06-01,PCETRIM12M159SFRBDAL_diff_lag_2,0.21000004,0
2004-07-01,PCETRIM12M159SFRBDAL_diff_lag_2,0.049999952,0
2004-08-01,PCETRIM12M159SFRBDAL_diff_lag_2,-0.12999988,0
2004-09-01,PCETRIM12M159SFRBDAL_diff_lag_2,-0.06999993,0
2004-10-01,PCETRIM12M159SFRBDAL_diff_lag_2,0.00999999,0
2004-11-01,PCETRIM12M159SFRBDAL_diff_lag_2,0.059999943,0
2004-12-01,PCETRIM12M159SFRBDAL_diff_lag_2,0.059999943,0
2005-01-01,PCETRIM12M159SFRBDAL_diff_lag_2,0.119999886,0
2005-02-01,PCETRIM12M159SFRBDAL_diff_lag_2,0.11000013,0
2005-03-01,PCETRIM12M159SFRBDAL_diff_lag_2,0.02000022,0
2005-04-01,PCETRIM12M159SFRBDAL_diff_lag_2,-0.09000015,0
2005-05-01,PCETRIM12M159SFRBDAL_diff_lag_2,-0.1400001,0
2005-06-01,PCETRIM12M159SFRBDAL_diff_lag_2,-0.109999895,0
2005-07-01,PCETRIM12M159SFRBDAL_diff_lag_2,0.0,0
2005-08-01,PCETRIM12M159SFRBDAL_diff_lag_2,0.099999905,0
2005-09-01,PCETRIM12M159SFRBDAL_diff_lag_2,0.1500001,0
2005-10-01,PCETRIM12M159SFRBDAL_diff_lag_2,0.17000008,0
2005-11-01,PCETRIM12M159SFRBDAL_diff_lag_2,0.059999943,0
2005-12-01,PCETRIM12M159SFRBDAL_diff_lag_2,-0.00999999,0
2006-01-01,PCETRIM12M159SFRBDAL_diff_lag_2,-0.06999993,0
2006-02-01,PCETRIM12M159SFRBDAL_diff_lag_2,-0.10000014,0
2006-03-01,PCETRIM12M159SFRBDAL_diff_lag_2,-0.00999999,0
2006-04-01,PCETRIM12M159SFRBDAL_diff_lag_2,0.1400001,0
2006-05-01,PCETRIM12M159SFRBDAL_diff_lag_2,0.22999978,0
2006-06-01,PCETRIM12M159SFRBDAL_diff_lag_2,0.29999995,0
2006-07-01,PCETRIM12M159SFRBDAL_diff_lag_2,0.19000006,0
2006-08-01,PCETRIM12M159SFRBDAL_diff_lag_2,0.07999992,0
2006-09-01,PCETRIM12M159SFRBDAL_diff_lag_2,-0.01999998,0
2006-10-01,PCETRIM12M159SFRBDAL_diff_lag_2,-0.15999985,0
2006-11-01,PCETRIM12M159SFRBDAL_diff_lag_2,-0.21000004,0
2006-12-01,PCETRIM12M159SFRBDAL_diff_lag_2,-0.029999971,0
2007-01-01,PCETRIM12M159SFRBDAL_diff_lag_2,0.1400001,0
2007-02-01,PCETRIM12M159SFRBDAL_diff_lag_2,0.14999986,0
2007-03-01,PCETRIM12M159SFRBDAL_diff_lag_2,0.059999943,0
2007-04-01,PCETRIM12M159SFRBDAL_diff_lag_2,-0.15999985,0
2007-05-01,PCETRIM12M159SFRBDAL_diff_lag_2,-0.26,0
2007-06-01,PCETRIM12M159SFRBDAL_diff_lag_2,-0.25,0
2007-07-01,PCETRIM12M159SFRBDAL_diff_lag_2,-0.16000009,0
2007-08-01,PCETRIM12M159SFRBDAL_diff_lag_2,-0.11000013,0
2007-09-01,PCETRIM12M159SFRBDAL_diff_lag_2,0.03000021,0
2007-10-01,PCETRIM12M159SFRBDAL_diff_lag_2,0.16000009,0
2007-11-01,PCETRIM12M159SFRBDAL_diff_lag_2,0.27999997,0
2007-12-01,PCETRIM12M159SFRBDAL_diff_lag_2,0.17000008,0
2008-01-01,PCETRIM12M159SFRBDAL_diff_lag_2,-0.10000014,0
2008-02-01,PCETRIM12M159SFRBDAL_diff_lag_2,-0.19000006,0
2008-03-01,PCETRIM12M159SFRBDAL_diff_lag_2,-0.07999992,0
2008-04-01,PCETRIM12M159SFRBDAL_diff_lag_2,0.059999943,0
2008-05-01,PCETRIM12M159SFRBDAL_diff_lag_2,0.06999993,0
2008-06-01,PCETRIM12M159SFRBDAL_diff_lag_2,0.099999905,0
2008-07-01,PCETRIM12M159SFRBDAL_diff_lag_2,0.1400001,0
2008-08-01,PCETRIM12M159SFRBDAL_diff_lag_2,0.03000021,0
2008-09-01,PCETRIM12M159SFRBDAL_diff_lag_2,-0.120000124,0
2008-10-01,PCETRIM12M159SFRBDAL_diff_lag_2,-0.19000006,0
2008-11-01,PCETRIM12M159SFRBDAL_diff_lag_2,-0.22000003,0
2008-12-01,PCETRIM12M159SFRBDAL_diff_lag_2,-0.23000002,0
2009-01-01,PCETRIM12M159SFRBDAL_diff_lag_2,-0.12999988,0
2009-02-01,PCETRIM12M159SFRBDAL_diff_lag_2,0.00999999,0
2009-03-01,PCETRIM12M159SFRBDAL_diff_lag_2,-0.07999992,0
2009-04-01,PCETRIM12M159SFRBDAL_diff_lag_2,-0.1400001,0
2009-05-01,PCETRIM12M159SFRBDAL_diff_lag_2,-0.1500001,0
2009-06-01,PCETRIM12M159SFRBDAL_diff_lag_2,-0.21999991,0
2009-07-01,PCETRIM12M159SFRBDAL_diff_lag_2,-0.37,0
2009-08-01,PCETRIM12M159SFRBDAL_diff_lag_2,-0.26,0
2009-09-01,PCETRIM12M159SFRBDAL_diff_lag_2,-0.13999999,0
2009-10-01,PCETRIM12M159SFRBDAL_diff_lag_2,-0.100000024,0
2009-11-01,PCETRIM12M159SFRBDAL_diff_lag_2,-0.100000024,0
2009-12-01,PCETRIM12M159SFRBDAL_diff_lag_2,-0.13999999,0
2010-01-01,PCETRIM12M159SFRBDAL_diff_lag_2,-0.17999995,0
2010-02-01,PCETRIM12M159SFRBDAL_diff_lag_2,-0.27999997,0
2010-03-01,PCETRIM12M159SFRBDAL_diff_lag_2,-0.20000005,0
2010-04-01,PCETRIM12M159SFRBDAL_diff_lag_2,-0.15000004,0
2010-05-01,PCETRIM12M159SFRBDAL_diff_lag_2,-0.120000005,0
2010-06-01,PCETRIM12M159SFRBDAL_diff_lag_2,-0.120000005,0
2010-07-01,PCETRIM12M159SFRBDAL_diff_lag_2,-0.029999971,0
2010-08-01,PCETRIM12M159SFRBDAL_diff_lag_2,0.04000002,0
2010-09-01,PCETRIM12M159SFRBDAL_diff_lag_2,0.029999971,0
2010-10-01,PCETRIM12M159SFRBDAL_diff_lag_2,-0.050000012,0
2010-11-01,PCETRIM12M159SFRBDAL_diff_lag_2,-0.029999971,0
2010-12-01,PCETRIM12M159SFRBDAL_diff_lag_2,0.089999974,0
2011-01-01,PCETRIM12M159SFRBDAL_diff_lag_2,0.14999998,0
2011-02-01,PCETRIM12M159SFRBDAL_diff_lag_2,0.26999998,0
2011-03-01,PCETRIM12M159SFRBDAL_diff_lag_2,0.28999996,0
2011-04-01,PCETRIM12M159SFRBDAL_diff_lag_2,0.26,0
2011-05-01,PCETRIM12M159SFRBDAL_diff_lag_2,0.26999998,0
2011-06-01,PCETRIM12M159SFRBDAL_diff_lag_2,0.20000005,0
2011-07-01,PCETRIM12M159SFRBDAL_diff_lag_2,0.1400001,0
2011-08-01,PCETRIM12M159SFRBDAL_diff_lag_2,0.16999996,0
2011-09-01,PCETRIM12M159SFRBDAL_diff_lag_2,0.13999999,0
2011-10-01,PCETRIM12M159SFRBDAL_diff_lag_2,0.13999999,0
2011-11-01,PCETRIM12M159SFRBDAL_diff_lag_2,0.14999998,0
2011-12-01,PCETRIM12M159SFRBDAL_diff_lag_2,0.13,0
2012-01-01,PCETRIM12M159SFRBDAL_diff_lag_2,0.099999905,0
2012-02-01,PCETRIM12M159SFRBDAL_diff_lag_2,-0.03999996,0
2012-03-01,PCETRIM12M159SFRBDAL_diff_lag_2,-0.06999993,0
2012-04-01,PCETRIM12M159SFRBDAL_diff_lag_2,-0.029999971,0
2012-05-01,PCETRIM12M159SFRBDAL_diff_lag_2,-0.100000024,0
2012-06-01,PCETRIM12M159SFRBDAL_diff_lag_2,-0.09000003,0
2012-07-01,PCETRIM12M159SFRBDAL_diff_lag_2,-0.07999992,0
2012-08-01,PCETRIM12M159SFRBDAL_diff_lag_2,-0.110000014,0
2012-09-01,PCETRIM12M159SFRBDAL_diff_lag_2,-0.05000007,0
2012-10-01,PCETRIM12M159SFRBDAL_diff_lag_2,-0.00999999,0
2012-11-01,PCETRIM12M159SFRBDAL_diff_lag_2,-0.089999914,0
2012-12-01,PCETRIM12M159SFRBDAL_diff_lag_2,-0.15999997,0
2013-01-01,PCETRIM12M159SFRBDAL_diff_lag_2,-0.120000005,0
2013-02-01,PCETRIM12M159SFRBDAL_diff_lag_2,0.0,0
2013-03-01,PCETRIM12M159SFRBDAL_diff_lag_2,-0.00999999,0
2013-04-01,PCETRIM12M159SFRBDAL_diff_lag_2,-0.19000006,0
2013-05-01,PCETRIM12M159SFRBDAL_diff_lag_2,-0.16000009,0
2013-06-01,PCETRIM12M159SFRBDAL_diff_lag_2,0.08000004,0
2013-07-01,PCETRIM12M159SFRBDAL_diff_lag_2,0.14999998,0
2013-08-01,PCETRIM12M159SFRBDAL_diff_lag_2,0.03999996,0
2013-09-01,PCETRIM12M159SFRBDAL_diff_lag_2,-0.01999998,0
2013-10-01,PCETRIM12M159SFRBDAL_diff_lag_2,0.0,0
2013-11-01,PCETRIM12M159SFRBDAL_diff_lag_2,0.08000004,0
2013-12-01,PCETRIM12M159SFRBDAL_diff_lag_2,0.13,0
2014-01-01,PCETRIM12M159SFRBDAL_diff_lag_2,0.01999998,0
2014-02-01,PCETRIM12M159SFRBDAL_diff_lag_2,-0.089999914,0
2014-03-01,PCETRIM12M159SFRBDAL_diff_lag_2,-0.01999998,0
2014-04-01,PCETRIM12M159SFRBDAL_diff_lag_2,0.17999995,0
2014-05-01,PCETRIM12M159SFRBDAL_diff_lag_2,0.20000005,0
2014-06-01,PCETRIM12M159SFRBDAL_diff_lag_2,0.00999999,0
2014-07-01,PCETRIM12M159SFRBDAL_diff_lag_2,-0.0200001,0
2014-08-01,PCETRIM12M159SFRBDAL_diff_lag_2,-0.03999996,0
2014-09-01,PCETRIM12M159SFRBDAL_diff_lag_2,-0.049999952,0
2014-10-01,PCETRIM12M159SFRBDAL_diff_lag_2,-0.00999999,0
2014-11-01,PCETRIM12M159SFRBDAL_diff_lag_2,-0.049999952,0
2014-12-01,PCETRIM12M159SFRBDAL_diff_lag_2,-0.060000062,0
2015-01-01,PCETRIM12M159SFRBDAL_diff_lag_2,-0.13,0
2015-02-01,PCETRIM12M159SFRBDAL_diff_lag_2,-0.049999952,0
2015-03-01,PCETRIM12M159SFRBDAL_diff_lag_2,0.049999952,0
2015-04-01,PCETRIM12M159SFRBDAL_diff_lag_2,0.0,0
2015-05-01,PCETRIM12M159SFRBDAL_diff_lag_2,-0.01999998,0
2015-06-01,PCETRIM12M159SFRBDAL_diff_lag_2,0.0,0
2015-07-01,PCETRIM12M159SFRBDAL_diff_lag_2,-0.00999999,0
2015-08-01,PCETRIM12M159SFRBDAL_diff_lag_2,0.0,0
2015-09-01,PCETRIM12M159SFRBDAL_diff_lag_2,0.01999998,0
2015-10-01,PCETRIM12M159SFRBDAL_diff_lag_2,-0.060000062,0
2015-11-01,PCETRIM12M159SFRBDAL_diff_lag_2,-0.09000003,0
2015-12-01,PCETRIM12M159SFRBDAL_diff_lag_2,-0.049999952,0
2016-01-01,PCETRIM12M159SFRBDAL_diff_lag_2,0.110000014,0
2016-02-01,PCETRIM12M159SFRBDAL_diff_lag_2,0.120000005,0
2016-03-01,PCETRIM12M159SFRBDAL_diff_lag_2,0.00999999,0
2016-04-01,PCETRIM12M159SFRBDAL_diff_lag_2,0.049999952,0
2016-05-01,PCETRIM12M159SFRBDAL_diff_lag_2,0.060000062,0
2016-06-01,PCETRIM12M159SFRBDAL_diff_lag_2,0.0,0
2016-07-01,PCETRIM12M159SFRBDAL_diff_lag_2,0.00999999,0
2016-08-01,PCETRIM12M159SFRBDAL_diff_lag_2,0.07000005,0
2016-09-01,PCETRIM12M159SFRBDAL_diff_lag_2,0.07999992,0
2016-10-01,PCETRIM12M159SFRBDAL_diff_lag_2,0.13,0
2016-11-01,PCETRIM12M159SFRBDAL_diff_lag_2,0.13,0
2016-12-01,PCETRIM12M159SFRBDAL_diff_lag_2,0.09000003,0
2017-01-01,PCETRIM12M159SFRBDAL_diff_lag_2,0.100000024,0
2017-02-01,PCETRIM12M159SFRBDAL_diff_lag_2,0.01999998,0
2017-03-01,PCETRIM12M159SFRBDAL_diff_lag_2,-0.09000003,0
2017-04-01,PCETRIM12M159SFRBDAL_diff_lag_2,-0.110000014,0
2017-05-01,PCETRIM12M159SFRBDAL_diff_lag_2,-0.13,0
2017-06-01,PCETRIM12M159SFRBDAL_diff_lag_2,-0.09000003,0
2017-07-01,PCETRIM12M159SFRBDAL_diff_lag_2,-0.06999993,0
2017-08-01,PCETRIM12M159SFRBDAL_diff_lag_2,-0.049999952,0
2017-09-01,PCETRIM12M159SFRBDAL_diff_lag_2,0.00999999,0
2017-10-01,PCETRIM12M159SFRBDAL_diff_lag_2,-0.00999999,0
2017-11-01,PCETRIM12M159SFRBDAL_diff_lag_2,0.01999998,0
2017-12-01,PCETRIM12M159SFRBDAL_diff_lag_2,0.03999996,0
2018-01-01,PCETRIM12M159SFRBDAL_diff_lag_2,0.03999996,0
2018-02-01,PCETRIM12M159SFRBDAL_diff_lag_2,0.060000062,0
2018-03-01,PCETRIM12M159SFRBDAL_diff_lag_2,0.08000004,0
2018-04-01,PCETRIM12M159SFRBDAL_diff_lag_2,0.00999999,0
2018-05-01,PCETRIM12M159SFRBDAL_diff_lag_2,0.07000005,0
2018-06-01,PCETRIM12M159SFRBDAL_diff_lag_2,0.13999999,0
2018-07-01,PCETRIM12M159SFRBDAL_diff_lag_2,0.06999993,0
2018-08-01,PCETRIM12M159SFRBDAL_diff_lag_2,0.01999998,0
2018-09-01,PCETRIM12M159SFRBDAL_diff_lag_2,0.0,0
2018-10-01,PCETRIM12M159SFRBDAL_diff_lag_2,0.0,0
2018-11-01,PCETRIM12M159SFRBDAL_diff_lag_2,0.029999971,0
2018-12-01,PCETRIM12M159SFRBDAL_diff_lag_2,0.03999996,0
2019-01-01,PCETRIM12M159SFRBDAL_diff_lag_2,-0.13,0
2019-02-01,PCETRIM12M159SFRBDAL_diff_lag_2,-0.089999914,0
2019-03-01,PCETRIM12M159SFRBDAL_diff_lag_2,0.060000062,0
2019-04-01,PCETRIM12M159SFRBDAL_diff_lag_2,0.18000007,0
2019-05-01,PCETRIM12M159SFRBDAL_diff_lag_2,0.049999952,0
2019-06-01,PCETRIM12M159SFRBDAL_diff_lag_2,-0.13000011,0
2019-07-01,PCETRIM12M159SFRBDAL_diff_lag_2,0.01999998,0
2019-08-01,PCETRIM12M159SFRBDAL_diff_lag_2,0.06999993,0
2019-09-01,PCETRIM12M159SFRBDAL_diff_lag_2,-0.049999952,0
2019-10-01,PCETRIM12M159SFRBDAL_diff_lag_2,-0.059999943,0
2019-11-01,PCETRIM12M159SFRBDAL_diff_lag_2,-0.08000004,0
2019-12-01,PCETRIM12M159SFRBDAL_diff_lag_2,-0.100000024,0
2020-01-01,PCETRIM12M159SFRBDAL_diff_lag_2,0.09000003,0
2020-02-01,PCETRIM12M159SFRBDAL_diff_lag_2,0.100000024,0
2020-03-01,PCETRIM12M159SFRBDAL_diff_lag_2,-0.09000003,0
2020-04-01,PCETRIM12M159SFRBDAL_diff_lag_2,-0.26999998,0
2020-05-01,PCETRIM12M159SFRBDAL_diff_lag_2,-0.07999992,0
2020-06-01,PCETRIM12M159SFRBDAL_diff_lag_2,0.09000003,0
2020-07-01,PCETRIM12M159SFRBDAL_diff_lag_2,0.01999998,0
2020-08-01,PCETRIM12M159SFRBDAL_diff_lag_2,0.029999971,0
2020-09-01,PCETRIM12M159SFRBDAL_diff_lag_2,0.029999971,0
2020-10-01,PCETRIM12M159SFRBDAL_diff_lag_2,-0.060000062,0
2020-11-01,PCETRIM12M159SFRBDAL_diff_lag_2,-0.13,0
2020-12-01,PCETRIM12M159SFRBDAL_diff_lag_2,-0.03999996,0
2021-01-01,PCETRIM12M159SFRBDAL_diff_lag_2,-0.029999971,0
2021-02-01,PCETRIM12M159SFRBDAL_diff_lag_2,-0.01999998,0
2021-03-01,PCETRIM12M159SFRBDAL_diff_lag_2,0.09000003,0
2021-04-01,PCETRIM12M159SFRBDAL_diff_lag_2,0.20000005,0
2021-05-01,PCETRIM12M159SFRBDAL_diff_lag_2,0.21999991,0
2021-06-01,PCETRIM12M159SFRBDAL_diff_lag_2,0.15999985,0
2021-07-01,PCETRIM12M159SFRBDAL_diff_lag_2,0.120000124,0
2021-08-01,PCETRIM12M159SFRBDAL_diff_lag_2,0.16000009,0
2021-09-01,PCETRIM12M159SFRBDAL_diff_lag_2,0.32999992,0
2021-10-01,PCETRIM12M159SFRBDAL_diff_lag_2,0.5,0
2021-11-01,PCETRIM12M159SFRBDAL_diff_lag_2,0.53999996,0
2021-12-01,PCETRIM12M159SFRBDAL_diff_lag_2,0.5,0
2022-01-01,PCETRIM12M159SFRBDAL_diff_lag_2,0.60000014,0
2022-02-01,PCETRIM12M159SFRBDAL_diff_lag_2,0.52,0
2022-03-01,PCETRIM12M159SFRBDAL_diff_lag_2,0.22999978,0
2022-04-01,PCETRIM12M159SFRBDAL_diff_lag_2,0.13000011,0
2022-05-01,PCETRIM12M159SFRBDAL_diff_lag_2,0.24000001,0
2022-06-01,PCETRIM12M159SFRBDAL_diff_lag_2,0.56999993,0
2022-07-01,PCETRIM12M159SFRBDAL_diff_lag_2,0.41000032,0
2022-08-01,PCETRIM12M159SFRBDAL_diff_lag_2,0.26999998,0
2022-09-01,PCETRIM12M159SFRBDAL_diff_lag_2,0.21999979,0
2022-10-01,PCETRIM12M159SFRBDAL_diff_lag_2,0.0,0
2022-11-01,PCETRIM12M159SFRBDAL_diff_lag_2,-0.03000021,0
2022-12-01,PCETRIM12M159SFRBDAL_diff_lag_2,-0.07000017,0
2023-01-01,PCETRIM12M159SFRBDAL_diff_lag_2,-0.099999905,0
2000-01-01,STDNS_diff_lag_1,9.900024,0
2000-02-01,STDNS_diff_lag_1,8.099976,0
2000-03-01,STDNS_diff_lag_1,6.200012,0
2000-04-01,STDNS_diff_lag_1,7.700012,0
2000-05-01,STDNS_diff_lag_1,3.3999634,0
2000-06-01,STDNS_diff_lag_1,9.5,0
2000-07-01,STDNS_diff_lag_1,11.0,0
2000-08-01,STDNS_diff_lag_1,10.0,0
2000-09-01,STDNS_diff_lag_1,7.6000366,0
2000-10-01,STDNS_diff_lag_1,7.5999756,0
2000-11-01,STDNS_diff_lag_1,5.699951,0
2000-12-01,STDNS_diff_lag_1,4.300049,0
2001-01-01,STDNS_diff_lag_1,7.0999756,0
2001-02-01,STDNS_diff_lag_1,-0.099975586,0
2001-03-01,STDNS_diff_lag_1,-5.5,0
2001-04-01,STDNS_diff_lag_1,-5.5999756,0
2001-05-01,STDNS_diff_lag_1,-5.5999756,0
2001-06-01,STDNS_diff_lag_1,-8.900024,0
2001-07-01,STDNS_diff_lag_1,-7.5,0
2001-08-01,STDNS_diff_lag_1,-5.5,0
2001-09-01,STDNS_diff_lag_1,-5.0,0
2001-10-01,STDNS_diff_lag_1,-7.5,0
2001-11-01,STDNS_diff_lag_1,-12.600037,0
2001-12-01,STDNS_diff_lag_1,-15.299988,0
2002-01-01,STDNS_diff_lag_1,-12.900024,0
2002-02-01,STDNS_diff_lag_1,-11.5,0
2002-03-01,STDNS_diff_lag_1,-10.599976,0
2002-04-01,STDNS_diff_lag_1,-8.299988,0
2002-05-01,STDNS_diff_lag_1,-5.200012,0
2002-06-01,STDNS_diff_lag_1,-3.7999878,0
2002-07-01,STDNS_diff_lag_1,-3.2999878,0
2002-08-01,STDNS_diff_lag_1,-3.7000122,0
2002-09-01,STDNS_diff_lag_1,-6.799988,0
2002-10-01,STDNS_diff_lag_1,-4.6000366,0
2002-11-01,STDNS_diff_lag_1,-3.5,0
2002-12-01,STDNS_diff_lag_1,-6.200012,0
2003-01-01,STDNS_diff_lag_1,-5.699951,0
2003-02-01,STDNS_diff_lag_1,-6.5,0
2003-03-01,STDNS_diff_lag_1,-5.6000366,0
2003-04-01,STDNS_diff_lag_1,-5.200012,0
2003-05-01,STDNS_diff_lag_1,-7.0999756,0
2003-06-01,STDNS_diff_lag_1,-7.200012,0
2003-07-01,STDNS_diff_lag_1,-10.599976,0
2003-08-01,STDNS_diff_lag_1,-9.5,0
2003-09-01,STDNS_diff_lag_1,-6.6000366,0
2003-10-01,STDNS_diff_lag_1,-4.8999634,0
2003-11-01,STDNS_diff_lag_1,-4.299988,0
2003-12-01,STDNS_diff_lag_1,-3.5,0
2004-01-01,STDNS_diff_lag_1,-2.3000488,0
2004-02-01,STDNS_diff_lag_1,-2.1999512,0
2004-03-01,STDNS_diff_lag_1,-2.5,0
2004-04-01,STDNS_diff_lag_1,-2.7000122,0
2004-05-01,STDNS_diff_lag_1,-3.6000366,0
2004-06-01,STDNS_diff_lag_1,-0.6999512,0
2004-07-01,STDNS_diff_lag_1,0.8999634,0
2004-08-01,STDNS_diff_lag_1,3.4000244,0
2004-09-01,STDNS_diff_lag_1,3.5,0
2004-10-01,STDNS_diff_lag_1,5.200012,0
2004-11-01,STDNS_diff_lag_1,5.299988,0
2004-12-01,STDNS_diff_lag_1,6.200012,0
2005-01-01,STDNS_diff_lag_1,12.199951,0
2005-02-01,STDNS_diff_lag_1,13.300049,0
2005-03-01,STDNS_diff_lag_1,14.0,0
2005-04-01,STDNS_diff_lag_1,16.099976,0
2005-05-01,STDNS_diff_lag_1,17.0,0
2005-06-01,STDNS_diff_lag_1,16.0,0
2005-07-01,STDNS_diff_lag_1,14.799988,0
2005-08-01,STDNS_diff_lag_1,15.900024,0
2005-09-01,STDNS_diff_lag_1,13.599976,0
2005-10-01,STDNS_diff_lag_1,10.0,0
2005-11-01,STDNS_diff_lag_1,11.700012,0
2005-12-01,STDNS_diff_lag_1,11.200012,0
2006-01-01,STDNS_diff_lag_1,14.899963,0
2006-02-01,STDNS_diff_lag_1,17.200073,0
2006-03-01,STDNS_diff_lag_1,17.599976,0
2006-04-01,STDNS_diff_lag_1,18.400024,0
2006-05-01,STDNS_diff_lag_1,18.299927,0
2006-06-01,STDNS_diff_lag_1,19.800049,0
2006-07-01,STDNS_diff_lag_1,24.5,0
2006-08-01,STDNS_diff_lag_1,24.699951,0
2006-09-01,STDNS_diff_lag_1,22.0,0
2006-10-01,STDNS_diff_lag_1,18.900024,0
2006-11-01,STDNS_diff_lag_1,11.0,0
2006-12-01,STDNS_diff_lag_1,6.4000244,0
2007-01-01,STDNS_diff_lag_1,9.400024,0
2007-02-01,STDNS_diff_lag_1,8.699951,0
2007-03-01,STDNS_diff_lag_1,7.0,0
2007-04-01,STDNS_diff_lag_1,7.5999756,0
2007-05-01,STDNS_diff_lag_1,1.2000732,0
2007-06-01,STDNS_diff_lag_1,0.6999512,0
2007-07-01,STDNS_diff_lag_1,3.3000488,0
2007-08-01,STDNS_diff_lag_1,6.0999756,0
2007-09-01,STDNS_diff_lag_1,15.0,0
2007-10-01,STDNS_diff_lag_1,8.799927,0
2007-11-01,STDNS_diff_lag_1,3.3000488,0
2007-12-01,STDNS_diff_lag_1,0.099975586,0
2008-01-01,STDNS_diff_lag_1,9.099976,0
2008-02-01,STDNS_diff_lag_1,2.3000488,0
2008-03-01,STDNS_diff_lag_1,-9.900024,0
2008-04-01,STDNS_diff_lag_1,-4.2999268,0
2008-05-01,STDNS_diff_lag_1,-5.4000244,0
2008-06-01,STDNS_diff_lag_1,-3.0,0
2008-07-01,STDNS_diff_lag_1,11.799927,0
2008-08-01,STDNS_diff_lag_1,28.600098,0
2008-09-01,STDNS_diff_lag_1,29.799927,0
2008-10-01,STDNS_diff_lag_1,65.400024,0
2008-11-01,STDNS_diff_lag_1,37.0,0
2008-12-01,STDNS_diff_lag_1,20.800049,0
2009-01-01,STDNS_diff_lag_1,-6.300049,0
2009-02-01,STDNS_diff_lag_1,-13.800049,0
2009-03-01,STDNS_diff_lag_1,-15.599976,0
2009-04-01,STDNS_diff_lag_1,-24.099976,0
2009-05-01,STDNS_diff_lag_1,-21.300049,0
2009-06-01,STDNS_diff_lag_1,-22.699951,0
2009-07-01,STDNS_diff_lag_1,-26.699951,0
2009-08-01,STDNS_diff_lag_1,-28.100098,0
2009-09-01,STDNS_diff_lag_1,-28.599976,0
2009-10-01,STDNS_diff_lag_1,-31.699951,0
2009-11-01,STDNS_diff_lag_1,-23.5,0
2009-12-01,STDNS_diff_lag_1,-28.599976,0
2010-01-01,STDNS_diff_lag_1,-26.700073,0
2010-02-01,STDNS_diff_lag_1,-21.299927,0
2010-03-01,STDNS_diff_lag_1,-22.600098,0
2010-04-01,STDNS_diff_lag_1,-21.899902,0
2010-05-01,STDNS_diff_lag_1,-22.800049,0
2010-06-01,STDNS_diff_lag_1,-17.900024,0
2010-07-01,STDNS_diff_lag_1,-15.900024,0
2010-08-01,STDNS_diff_lag_1,-17.099976,0
2010-09-01,STDNS_diff_lag_1,-20.799988,0
2010-10-01,STDNS_diff_lag_1,-23.299988,0
2010-11-01,STDNS_diff_lag_1,-22.700012,0
2010-12-01,STDNS_diff_lag_1,-23.599976,0
2011-01-01,STDNS_diff_lag_1,-17.0,0
2011-02-01,STDNS_diff_lag_1,-12.700012,0
2011-03-01,STDNS_diff_lag_1,-14.0,0
2011-04-01,STDNS_diff_lag_1,-13.200012,0
2011-05-01,STDNS_diff_lag_1,-15.0,0
2011-06-01,STDNS_diff_lag_1,-14.0,0
2011-07-01,STDNS_diff_lag_1,-14.0,0
2011-08-01,STDNS_diff_lag_1,-15.700012,0
2011-09-01,STDNS_diff_lag_1,-13.899963,0
2011-10-01,STDNS_diff_lag_1,-12.400024,0
2011-11-01,STDNS_diff_lag_1,-9.799988,0
2011-12-01,STDNS_diff_lag_1,-7.4000244,0
2012-01-01,STDNS_diff_lag_1,-8.099976,0
2012-02-01,STDNS_diff_lag_1,-9.900024,0
2012-03-01,STDNS_diff_lag_1,-13.199951,0
2012-04-01,STDNS_diff_lag_1,-11.800049,0
2012-05-01,STDNS_diff_lag_1,-12.099976,0
2012-06-01,STDNS_diff_lag_1,-9.5,0
2012-07-01,STDNS_diff_lag_1,-10.099976,0
2012-08-01,STDNS_diff_lag_1,-10.0,0
2012-09-01,STDNS_diff_lag_1,-10.300049,0
2012-10-01,STDNS_diff_lag_1,-12.099976,0
2012-11-01,STDNS_diff_lag_1,-12.700012,0
2012-12-01,STDNS_diff_lag_1,-12.299988,0
2013-01-01,STDNS_diff_lag_1,-6.299988,0
2013-02-01,STDNS_diff_lag_1,-7.0,0
2013-03-01,STDNS_diff_lag_1,-1.7000122,0
2013-04-01,STDNS_diff_lag_1,-6.799988,0
2013-05-01,STDNS_diff_lag_1,-10.299988,0
2013-06-01,STDNS_diff_lag_1,-14.0,0
2013-07-01,STDNS_diff_lag_1,-10.200012,0
2013-08-01,STDNS_diff_lag_1,-5.799988,0
2013-09-01,STDNS_diff_lag_1,-6.800049,0
2013-10-01,STDNS_diff_lag_1,-3.5999756,0
2013-11-01,STDNS_diff_lag_1,-4.299988,0
2013-12-01,STDNS_diff_lag_1,0.2999878,0
2014-01-01,STDNS_diff_lag_1,-6.0,0
2014-02-01,STDNS_diff_lag_1,-1.4000244,0
2014-03-01,STDNS_diff_lag_1,-3.1999512,0
2014-04-01,STDNS_diff_lag_1,-4.1000366,0
2014-05-01,STDNS_diff_lag_1,-2.2999878,0
2014-06-01,STDNS_diff_lag_1,-3.0999756,0
2014-07-01,STDNS_diff_lag_1,-1.4000244,0
2014-08-01,STDNS_diff_lag_1,-4.5,0
2014-09-01,STDNS_diff_lag_1,-6.299988,0
2014-10-01,STDNS_diff_lag_1,-3.7000122,0
2014-11-01,STDNS_diff_lag_1,-6.299988,0
2014-12-01,STDNS_diff_lag_1,-5.4000244,0
2015-01-01,STDNS_diff_lag_1,-2.7000122,0
2015-02-01,STDNS_diff_lag_1,-1.1999512,0
2015-03-01,STDNS_diff_lag_1,-9.800018,0
2015-04-01,STDNS_diff_lag_1,-9.0,0
2015-05-01,STDNS_diff_lag_1,-9.300018,0
2015-06-01,STDNS_diff_lag_1,-8.699982,0
2015-07-01,STDNS_diff_lag_1,-9.899994,0
2015-08-01,STDNS_diff_lag_1,-11.900024,0
2015-09-01,STDNS_diff_lag_1,-15.199982,0
2015-10-01,STDNS_diff_lag_1,-7.0,0
2015-11-01,STDNS_diff_lag_1,-6.100006,0
2015-12-01,STDNS_diff_lag_1,-6.700012,0
2016-01-01,STDNS_diff_lag_1,-2.6999817,0
2016-02-01,STDNS_diff_lag_1,-2.100006,0
2016-03-01,STDNS_diff_lag_1,-5.600006,0
2016-04-01,STDNS_diff_lag_1,-4.799988,0
2016-05-01,STDNS_diff_lag_1,-3.5,0
2016-06-01,STDNS_diff_lag_1,-3.5,0
2016-07-01,STDNS_diff_lag_1,-2.7000122,0
2016-08-01,STDNS_diff_lag_1,-7.100006,0
2016-09-01,STDNS_diff_lag_1,-6.0999756,0
2016-10-01,STDNS_diff_lag_1,-6.100006,0
2016-11-01,STDNS_diff_lag_1,-6.0,0
2016-12-01,STDNS_diff_lag_1,-7.100006,0
2017-01-01,STDNS_diff_lag_1,-1.1000061,0
2017-02-01,STDNS_diff_lag_1,3.5,0
2017-03-01,STDNS_diff_lag_1,2.2000122,0
2017-04-01,STDNS_diff_lag_1,5.899994,0
2017-05-01,STDNS_diff_lag_1,6.200012,0
2017-06-01,STDNS_diff_lag_1,7.799988,0
2017-07-01,STDNS_diff_lag_1,8.200012,0
2017-08-01,STDNS_diff_lag_1,7.6999817,0
2017-09-01,STDNS_diff_lag_1,10.600006,0
2017-10-01,STDNS_diff_lag_1,5.700012,0
2017-11-01,STDNS_diff_lag_1,3.2999878,0
2017-12-01,STDNS_diff_lag_1,3.2000122,0
2018-01-01,STDNS_diff_lag_1,6.899994,0
2018-02-01,STDNS_diff_lag_1,7.600006,0
2018-03-01,STDNS_diff_lag_1,9.799988,0
2018-04-01,STDNS_diff_lag_1,13.0,0
2018-05-01,STDNS_diff_lag_1,13.5,0
2018-06-01,STDNS_diff_lag_1,14.5,0
2018-07-01,STDNS_diff_lag_1,11.799988,0
2018-08-01,STDNS_diff_lag_1,9.700012,0
2018-09-01,STDNS_diff_lag_1,11.400024,0
2018-10-01,STDNS_diff_lag_1,4.799988,0
2018-11-01,STDNS_diff_lag_1,8.200012,0
2018-12-01,STDNS_diff_lag_1,8.699951,0
2019-01-01,STDNS_diff_lag_1,21.200012,0
2019-02-01,STDNS_diff_lag_1,24.0,0
2019-03-01,STDNS_diff_lag_1,19.700012,0
2019-04-01,STDNS_diff_lag_1,12.900024,0
2019-05-01,STDNS_diff_lag_1,3.8999634,0
2019-06-01,STDNS_diff_lag_1,9.799988,0
2019-07-01,STDNS_diff_lag_1,-0.099975586,0
2019-08-01,STDNS_diff_lag_1,-2.7000122,0
2019-09-01,STDNS_diff_lag_1,-6.0,0
2019-10-01,STDNS_diff_lag_1,-10.099976,0
2019-11-01,STDNS_diff_lag_1,-11.400024,0
2019-12-01,STDNS_diff_lag_1,-11.299988,0
2020-01-01,STDNS_diff_lag_1,-17.099976,0
2020-02-01,STDNS_diff_lag_1,-30.300049,0
2020-03-01,STDNS_diff_lag_1,-33.099976,0
2020-04-01,STDNS_diff_lag_1,-18.100006,0
2020-05-01,STDNS_diff_lag_1,-17.100006,0
2020-06-01,STDNS_diff_lag_1,-28.799988,0
2020-07-01,STDNS_diff_lag_1,-33.5,0
2020-08-01,STDNS_diff_lag_1,-37.200012,0
2020-09-01,STDNS_diff_lag_1,-31.399994,0
2020-10-01,STDNS_diff_lag_1,-35.19998,0
2020-11-01,STDNS_diff_lag_1,-38.200012,0
2020-12-01,STDNS_diff_lag_1,-28.100006,0
2021-01-01,STDNS_diff_lag_1,-18.699997,0
2021-02-01,STDNS_diff_lag_1,-19.5,0
2021-03-01,STDNS_diff_lag_1,-17.800003,0
2021-04-01,STDNS_diff_lag_1,-18.199997,0
2021-05-01,STDNS_diff_lag_1,-11.199997,0
2021-06-01,STDNS_diff_lag_1,-8.600006,0
2021-07-01,STDNS_diff_lag_1,-10.599991,0
2021-08-01,STDNS_diff_lag_1,-13.300003,0
2021-09-01,STDNS_diff_lag_1,-12.199997,0
2021-10-01,STDNS_diff_lag_1,-10.700005,0
2021-11-01,STDNS_diff_lag_1,-10.0,0
2021-12-01,STDNS_diff_lag_1,-11.199997,0
2022-01-01,STDNS_diff_lag_1,-10.700005,0
2022-02-01,STDNS_diff_lag_1,-17.999996,0
2022-03-01,STDNS_diff_lag_1,-12.700001,0
2022-04-01,STDNS_diff_lag_1,-8.5,0
2022-05-01,STDNS_diff_lag_1,-0.20000076,0
2022-06-01,STDNS_diff_lag_1,13.900002,0
2022-07-01,STDNS_diff_lag_1,29.3,0
2022-08-01,STDNS_diff_lag_1,50.899994,0
2022-09-01,STDNS_diff_lag_1,43.5,0
2022-10-01,STDNS_diff_lag_1,56.90001,0
2022-11-01,STDNS_diff_lag_1,61.199997,0
2022-12-01,STDNS_diff_lag_1,68.5,0
2023-01-01,STDNS_diff_lag_1,58.200012,0
2000-01-01,UEMP15T26_perc_diff_lag_1,-5.316092,0
2000-02-01,UEMP15T26_perc_diff_lag_1,1.8209409,0
2000-03-01,UEMP15T26_perc_diff_lag_1,-0.74515647,0
2000-04-01,UEMP15T26_perc_diff_lag_1,-0.6006006,0
2000-05-01,UEMP15T26_perc_diff_lag_1,3.1722054,0
2000-06-01,UEMP15T26_perc_diff_lag_1,-9.809663,0
2000-07-01,UEMP15T26_perc_diff_lag_1,4.7077923,0
2000-08-01,UEMP15T26_perc_diff_lag_1,6.2015505,0
2000-09-01,UEMP15T26_perc_diff_lag_1,-5.9854016,0
2000-10-01,UEMP15T26_perc_diff_lag_1,10.248447,0
2000-11-01,UEMP15T26_perc_diff_lag_1,1.8309859,0
2000-12-01,UEMP15T26_perc_diff_lag_1,-4.9792533,0
2001-01-01,UEMP15T26_perc_diff_lag_1,1.3100437,0
2001-02-01,UEMP15T26_perc_diff_lag_1,11.637931,0
2001-03-01,UEMP15T26_perc_diff_lag_1,6.177606,0
2001-04-01,UEMP15T26_perc_diff_lag_1,-4.6060605,0
2001-05-01,UEMP15T26_perc_diff_lag_1,11.435832,0
2001-06-01,UEMP15T26_perc_diff_lag_1,-6.2713795,0
2001-07-01,UEMP15T26_perc_diff_lag_1,15.693431,0
2001-08-01,UEMP15T26_perc_diff_lag_1,5.573081,0
2001-09-01,UEMP15T26_perc_diff_lag_1,12.649403,0
2001-10-01,UEMP15T26_perc_diff_lag_1,3.713528,0
2001-11-01,UEMP15T26_perc_diff_lag_1,3.4100597,0
2001-12-01,UEMP15T26_perc_diff_lag_1,8.656224,0
2002-01-01,UEMP15T26_perc_diff_lag_1,4.324734,0
2002-02-01,UEMP15T26_perc_diff_lag_1,1.3818182,0
2002-03-01,UEMP15T26_perc_diff_lag_1,-0.28694403,0
2002-04-01,UEMP15T26_perc_diff_lag_1,0.35971224,0
2002-05-01,UEMP15T26_perc_diff_lag_1,-0.14336918,0
2002-06-01,UEMP15T26_perc_diff_lag_1,-0.7896626,0
2002-07-01,UEMP15T26_perc_diff_lag_1,0.0,0
2002-08-01,UEMP15T26_perc_diff_lag_1,-4.992764,0
2002-09-01,UEMP15T26_perc_diff_lag_1,5.940594,0
2002-10-01,UEMP15T26_perc_diff_lag_1,-0.21567218,0
2002-11-01,UEMP15T26_perc_diff_lag_1,-4.9711814,0
2002-12-01,UEMP15T26_perc_diff_lag_1,2.1228204,0
2003-01-01,UEMP15T26_perc_diff_lag_1,4.305865,0
2003-02-01,UEMP15T26_perc_diff_lag_1,-7.686833,0
2003-03-01,UEMP15T26_perc_diff_lag_1,5.088666,0
2003-04-01,UEMP15T26_perc_diff_lag_1,4.255319,0
2003-05-01,UEMP15T26_perc_diff_lag_1,-2.2519352,0
2003-06-01,UEMP15T26_perc_diff_lag_1,4.607631,0
2003-07-01,UEMP15T26_perc_diff_lag_1,14.31521,0
2003-08-01,UEMP15T26_perc_diff_lag_1,-6.0204697,0
2003-09-01,UEMP15T26_perc_diff_lag_1,-5.701473,0
2003-10-01,UEMP15T26_perc_diff_lag_1,1.3586956,0
2003-11-01,UEMP15T26_perc_diff_lag_1,-5.227882,0
2003-12-01,UEMP15T26_perc_diff_lag_1,1.4851485,0
2004-01-01,UEMP15T26_perc_diff_lag_1,1.2543554,0
2004-02-01,UEMP15T26_perc_diff_lag_1,-4.1982107,0
2004-03-01,UEMP15T26_perc_diff_lag_1,-4.382184,0
2004-04-01,UEMP15T26_perc_diff_lag_1,-12.396694,0
2004-05-01,UEMP15T26_perc_diff_lag_1,11.835335,0
2004-06-01,UEMP15T26_perc_diff_lag_1,-1.5337423,0
2004-07-01,UEMP15T26_perc_diff_lag_1,-3.6604362,0
2004-08-01,UEMP15T26_perc_diff_lag_1,-2.506063,0
2004-09-01,UEMP15T26_perc_diff_lag_1,0.24875621,0
2004-10-01,UEMP15T26_perc_diff_lag_1,7.8577337,0
2004-11-01,UEMP15T26_perc_diff_lag_1,-3.5276074,0
2004-12-01,UEMP15T26_perc_diff_lag_1,1.2718601,0
2005-01-01,UEMP15T26_perc_diff_lag_1,-5.5729985,0
2005-02-01,UEMP15T26_perc_diff_lag_1,5.4031587,0
2005-03-01,UEMP15T26_perc_diff_lag_1,-8.753943,0
2005-04-01,UEMP15T26_perc_diff_lag_1,-7.6058774,0
2005-05-01,UEMP15T26_perc_diff_lag_1,7.109448,0
2005-06-01,UEMP15T26_perc_diff_lag_1,-10.043668,0
2005-07-01,UEMP15T26_perc_diff_lag_1,3.6893203,0
2005-08-01,UEMP15T26_perc_diff_lag_1,8.707865,0
2005-09-01,UEMP15T26_perc_diff_lag_1,-5.426357,0
2005-10-01,UEMP15T26_perc_diff_lag_1,-2.550091,0
2005-11-01,UEMP15T26_perc_diff_lag_1,4.2990656,0
2005-12-01,UEMP15T26_perc_diff_lag_1,-3.8530467,0
2006-01-01,UEMP15T26_perc_diff_lag_1,2.5163095,0
2006-02-01,UEMP15T26_perc_diff_lag_1,8.636364,0
2006-03-01,UEMP15T26_perc_diff_lag_1,-10.962343,0
2006-04-01,UEMP15T26_perc_diff_lag_1,-3.9473684,0
2006-05-01,UEMP15T26_perc_diff_lag_1,-5.1859097,0
2006-06-01,UEMP15T26_perc_diff_lag_1,1.3415892,0
2006-07-01,UEMP15T26_perc_diff_lag_1,0.40733197,0
2006-08-01,UEMP15T26_perc_diff_lag_1,0.10141988,0
2006-09-01,UEMP15T26_perc_diff_lag_1,-0.10131712,0
2006-10-01,UEMP15T26_perc_diff_lag_1,-0.20283976,0
2006-11-01,UEMP15T26_perc_diff_lag_1,4.4715447,0
2006-12-01,UEMP15T26_perc_diff_lag_1,-3.6964982,0
2007-01-01,UEMP15T26_perc_diff_lag_1,2.5252526,0
2007-02-01,UEMP15T26_perc_diff_lag_1,-5.221675,0
2007-03-01,UEMP15T26_perc_diff_lag_1,4.989605,0
2007-04-01,UEMP15T26_perc_diff_lag_1,6.4356437,0
2007-05-01,UEMP15T26_perc_diff_lag_1,2.3255813,0
2007-06-01,UEMP15T26_perc_diff_lag_1,3.4545455,0
2007-07-01,UEMP15T26_perc_diff_lag_1,-5.711775,0
2007-08-01,UEMP15T26_perc_diff_lag_1,1.2115564,0
2007-09-01,UEMP15T26_perc_diff_lag_1,0.46040517,0
2007-10-01,UEMP15T26_perc_diff_lag_1,-8.065994,0
2007-11-01,UEMP15T26_perc_diff_lag_1,-1.0967098,0
2007-12-01,UEMP15T26_perc_diff_lag_1,18.649193,0
2008-01-01,UEMP15T26_perc_diff_lag_1,-2.1240442,0
2008-02-01,UEMP15T26_perc_diff_lag_1,-3.125,0
2008-03-01,UEMP15T26_perc_diff_lag_1,4.659498,0
2008-04-01,UEMP15T26_perc_diff_lag_1,12.5,0
2008-05-01,UEMP15T26_perc_diff_lag_1,-7.2298326,0
2008-06-01,UEMP15T26_perc_diff_lag_1,9.680065,0
2008-07-01,UEMP15T26_perc_diff_lag_1,8.451757,0
2008-08-01,UEMP15T26_perc_diff_lag_1,7.172414,0
2008-09-01,UEMP15T26_perc_diff_lag_1,2.895753,0
2008-10-01,UEMP15T26_perc_diff_lag_1,6.9418387,0
2008-11-01,UEMP15T26_perc_diff_lag_1,-0.3508772,0
2008-12-01,UEMP15T26_perc_diff_lag_1,13.615024,0
2009-01-01,UEMP15T26_perc_diff_lag_1,6.6632233,0
2009-02-01,UEMP15T26_perc_diff_lag_1,18.934626,0
2009-03-01,UEMP15T26_perc_diff_lag_1,6.8811073,0
2009-04-01,UEMP15T26_perc_diff_lag_1,0.34285715,0
2009-05-01,UEMP15T26_perc_diff_lag_1,15.755505,0
2009-06-01,UEMP15T26_perc_diff_lag_1,14.398164,0
2009-07-01,UEMP15T26_perc_diff_lag_1,-16.198395,0
2009-08-01,UEMP15T26_perc_diff_lag_1,-4.5159082,0
2009-09-01,UEMP15T26_perc_diff_lag_1,4.1920457,0
2009-10-01,UEMP15T26_perc_diff_lag_1,3.3700137,0
2009-11-01,UEMP15T26_perc_diff_lag_1,-5.289421,0
2009-12-01,UEMP15T26_perc_diff_lag_1,-4.7418337,0
2010-01-01,UEMP15T26_perc_diff_lag_1,-5.0884957,0
2010-02-01,UEMP15T26_perc_diff_lag_1,8.508159,0
2010-03-01,UEMP15T26_perc_diff_lag_1,-8.9867525,0
2010-04-01,UEMP15T26_perc_diff_lag_1,-8.33989,0
2010-05-01,UEMP15T26_perc_diff_lag_1,-3.0042918,0
2010-06-01,UEMP15T26_perc_diff_lag_1,1.0619469,0
2010-07-01,UEMP15T26_perc_diff_lag_1,-3.3274956,0
2010-08-01,UEMP15T26_perc_diff_lag_1,-2.0833333,0
2010-09-01,UEMP15T26_perc_diff_lag_1,5.9666977,0
2010-10-01,UEMP15T26_perc_diff_lag_1,4.19031,0
2010-11-01,UEMP15T26_perc_diff_lag_1,-0.71219105,0
2010-12-01,UEMP15T26_perc_diff_lag_1,-10.548523,0
2011-01-01,UEMP15T26_perc_diff_lag_1,4.6226416,0
2011-02-01,UEMP15T26_perc_diff_lag_1,2.9756536,0
2011-03-01,UEMP15T26_perc_diff_lag_1,-9.763573,0
2011-04-01,UEMP15T26_perc_diff_lag_1,1.407084,0
2011-05-01,UEMP15T26_perc_diff_lag_1,-1.8181819,0
2011-06-01,UEMP15T26_perc_diff_lag_1,-8.8206625,0
2011-07-01,UEMP15T26_perc_diff_lag_1,5.9326563,0
2011-08-01,UEMP15T26_perc_diff_lag_1,10.948537,0
2011-09-01,UEMP15T26_perc_diff_lag_1,-8.503865,0
2011-10-01,UEMP15T26_perc_diff_lag_1,-2.385686,0
2011-11-01,UEMP15T26_perc_diff_lag_1,2.2912424,0
2011-12-01,UEMP15T26_perc_diff_lag_1,-2.4888003,0
2012-01-01,UEMP15T26_perc_diff_lag_1,-0.10209291,0
2012-02-01,UEMP15T26_perc_diff_lag_1,4.8032703,0
2012-03-01,UEMP15T26_perc_diff_lag_1,-5.411994,0
2012-04-01,UEMP15T26_perc_diff_lag_1,0.0,0
2012-05-01,UEMP15T26_perc_diff_lag_1,-12.886598,0
2012-06-01,UEMP15T26_perc_diff_lag_1,7.514793,0
2012-07-01,UEMP15T26_perc_diff_lag_1,-2.421574,0
2012-08-01,UEMP15T26_perc_diff_lag_1,4.1173153,0
2012-09-01,UEMP15T26_perc_diff_lag_1,0.92091006,0
2012-10-01,UEMP15T26_perc_diff_lag_1,-3.59635,0
2012-11-01,UEMP15T26_perc_diff_lag_1,-2.8396437,0
2012-12-01,UEMP15T26_perc_diff_lag_1,6.6475644,0
2013-01-01,UEMP15T26_perc_diff_lag_1,1.6120366,0
2013-02-01,UEMP15T26_perc_diff_lag_1,-6.610259,0
2013-03-01,UEMP15T26_perc_diff_lag_1,3.6240091,0
2013-04-01,UEMP15T26_perc_diff_lag_1,6.7213116,0
2013-05-01,UEMP15T26_perc_diff_lag_1,1.6897081,0
2013-06-01,UEMP15T26_perc_diff_lag_1,-5.5387716,0
2013-07-01,UEMP15T26_perc_diff_lag_1,-4.5309167,0
2013-08-01,UEMP15T26_perc_diff_lag_1,-6.365159,0
2013-09-01,UEMP15T26_perc_diff_lag_1,7.155635,0
2013-10-01,UEMP15T26_perc_diff_lag_1,-3.3388982,0
2013-11-01,UEMP15T26_perc_diff_lag_1,-2.417962,0
2013-12-01,UEMP15T26_perc_diff_lag_1,-1.1209439,0
2014-01-01,UEMP15T26_perc_diff_lag_1,1.1933174,0
2014-02-01,UEMP15T26_perc_diff_lag_1,-4.4221697,0
2014-03-01,UEMP15T26_perc_diff_lag_1,5.5521283,0
2014-04-01,UEMP15T26_perc_diff_lag_1,-12.215079,0
2014-05-01,UEMP15T26_perc_diff_lag_1,-5.126498,0
2014-06-01,UEMP15T26_perc_diff_lag_1,5.4736843,0
2014-07-01,UEMP15T26_perc_diff_lag_1,-1.7298735,0
2014-08-01,UEMP15T26_perc_diff_lag_1,1.9634393,0
2014-09-01,UEMP15T26_perc_diff_lag_1,-4.515272,0
2014-10-01,UEMP15T26_perc_diff_lag_1,-2.642559,0
2014-11-01,UEMP15T26_perc_diff_lag_1,0.0,0
2014-12-01,UEMP15T26_perc_diff_lag_1,-9.285714,0
2015-01-01,UEMP15T26_perc_diff_lag_1,8.425197,0
2015-02-01,UEMP15T26_perc_diff_lag_1,-3.1953523,0
2015-03-01,UEMP15T26_perc_diff_lag_1,-6.60165,0
2015-04-01,UEMP15T26_perc_diff_lag_1,-12.369478,0
2015-05-01,UEMP15T26_perc_diff_lag_1,15.123739,0
2015-06-01,UEMP15T26_perc_diff_lag_1,11.305733,0
2015-07-01,UEMP15T26_perc_diff_lag_1,-9.799714,0
2015-08-01,UEMP15T26_perc_diff_lag_1,1.7446471,0
2015-09-01,UEMP15T26_perc_diff_lag_1,-3.8191738,0
2015-10-01,UEMP15T26_perc_diff_lag_1,-1.7828201,0
2015-11-01,UEMP15T26_perc_diff_lag_1,5.0330033,0
2015-12-01,UEMP15T26_perc_diff_lag_1,-3.2207384,0
2016-01-01,UEMP15T26_perc_diff_lag_1,-7.7922077,0
2016-02-01,UEMP15T26_perc_diff_lag_1,2.3767605,0
2016-03-01,UEMP15T26_perc_diff_lag_1,-1.2897679,0
2016-04-01,UEMP15T26_perc_diff_lag_1,5.3135886,0
2016-05-01,UEMP15T26_perc_diff_lag_1,-9.346567,0
2016-06-01,UEMP15T26_perc_diff_lag_1,1.9160584,0
2016-07-01,UEMP15T26_perc_diff_lag_1,9.400179,0
2016-08-01,UEMP15T26_perc_diff_lag_1,-10.474631,0
2016-09-01,UEMP15T26_perc_diff_lag_1,8.226691,0
2016-10-01,UEMP15T26_perc_diff_lag_1,0.5067568,0
2016-11-01,UEMP15T26_perc_diff_lag_1,-6.890756,0
2016-12-01,UEMP15T26_perc_diff_lag_1,12.00361,0
2017-01-01,UEMP15T26_perc_diff_lag_1,-3.5455277,0
2017-02-01,UEMP15T26_perc_diff_lag_1,-13.784461,0
2017-03-01,UEMP15T26_perc_diff_lag_1,-0.7751938,0
2017-04-01,UEMP15T26_perc_diff_lag_1,-4.3945312,0
2017-05-01,UEMP15T26_perc_diff_lag_1,9.805924,0
2017-06-01,UEMP15T26_perc_diff_lag_1,-14.790698,0
2017-07-01,UEMP15T26_perc_diff_lag_1,11.135371,0
2017-08-01,UEMP15T26_perc_diff_lag_1,8.742633,0
2017-09-01,UEMP15T26_perc_diff_lag_1,-7.4977417,0
2017-10-01,UEMP15T26_perc_diff_lag_1,-9.667969,0
2017-11-01,UEMP15T26_perc_diff_lag_1,6.7027025,0
2017-12-01,UEMP15T26_perc_diff_lag_1,-5.5724416,0
2018-01-01,UEMP15T26_perc_diff_lag_1,2.1459227,0
2018-02-01,UEMP15T26_perc_diff_lag_1,-8.298319,0
2018-03-01,UEMP15T26_perc_diff_lag_1,-8.934708,0
2018-04-01,UEMP15T26_perc_diff_lag_1,11.698113,0
2018-05-01,UEMP15T26_perc_diff_lag_1,5.292793,0
2018-06-01,UEMP15T26_perc_diff_lag_1,-5.775401,0
2018-07-01,UEMP15T26_perc_diff_lag_1,14.188422,0
2018-08-01,UEMP15T26_perc_diff_lag_1,-1.0934393,0
2018-09-01,UEMP15T26_perc_diff_lag_1,-5.9296484,0
2018-10-01,UEMP15T26_perc_diff_lag_1,-1.7094017,0
2018-11-01,UEMP15T26_perc_diff_lag_1,-1.7391304,0
2018-12-01,UEMP15T26_perc_diff_lag_1,3.318584,0
2019-01-01,UEMP15T26_perc_diff_lag_1,-5.888651,0
2019-02-01,UEMP15T26_perc_diff_lag_1,-0.11376564,0
2019-03-01,UEMP15T26_perc_diff_lag_1,-3.8724372,0
2019-04-01,UEMP15T26_perc_diff_lag_1,-14.92891,0
2019-05-01,UEMP15T26_perc_diff_lag_1,5.0139275,0
2019-06-01,UEMP15T26_perc_diff_lag_1,7.6923075,0
2019-07-01,UEMP15T26_perc_diff_lag_1,18.2266,0
2019-08-01,UEMP15T26_perc_diff_lag_1,-6.1458335,0
2019-09-01,UEMP15T26_perc_diff_lag_1,-1.4428413,0
2019-10-01,UEMP15T26_perc_diff_lag_1,7.545045,0
2019-11-01,UEMP15T26_perc_diff_lag_1,-4.712042,0
2019-12-01,UEMP15T26_perc_diff_lag_1,-8.791209,0
2020-01-01,UEMP15T26_perc_diff_lag_1,3.9759035,0
2020-02-01,UEMP15T26_perc_diff_lag_1,-9.849362,0
2020-03-01,UEMP15T26_perc_diff_lag_1,-6.4267354,0
2020-04-01,UEMP15T26_perc_diff_lag_1,-6.5934067,0
2020-05-01,UEMP15T26_perc_diff_lag_1,48.382355,0
2020-06-01,UEMP15T26_perc_diff_lag_1,92.46779,0
2020-07-01,UEMP15T26_perc_diff_lag_1,235.3244,0
2020-08-01,UEMP15T26_perc_diff_lag_1,1.044226,0
2020-09-01,UEMP15T26_perc_diff_lag_1,-24.650455,0
2020-10-01,UEMP15T26_perc_diff_lag_1,-46.127472,0
2020-11-01,UEMP15T26_perc_diff_lag_1,-28.715837,0
2020-12-01,UEMP15T26_perc_diff_lag_1,-17.12185,0
2021-01-01,UEMP15T26_perc_diff_lag_1,-16.286438,0
2021-02-01,UEMP15T26_perc_diff_lag_1,3.7093112,0
2021-03-01,UEMP15T26_perc_diff_lag_1,-2.481752,0
2021-04-01,UEMP15T26_perc_diff_lag_1,-14.895209,0
2021-05-01,UEMP15T26_perc_diff_lag_1,9.32278,0
2021-06-01,UEMP15T26_perc_diff_lag_1,8.849558,0
2021-07-01,UEMP15T26_perc_diff_lag_1,-11.308204,0
2021-08-01,UEMP15T26_perc_diff_lag_1,3.75,0
2021-09-01,UEMP15T26_perc_diff_lag_1,-16.385542,0
2021-10-01,UEMP15T26_perc_diff_lag_1,-1.9212296,0
2021-11-01,UEMP15T26_perc_diff_lag_1,-11.263467,0
2021-12-01,UEMP15T26_perc_diff_lag_1,-11.810155,0
2022-01-01,UEMP15T26_perc_diff_lag_1,2.503129,0
2022-02-01,UEMP15T26_perc_diff_lag_1,-11.355311,0
2022-03-01,UEMP15T26_perc_diff_lag_1,-23.966942,0
2022-04-01,UEMP15T26_perc_diff_lag_1,-4.710145,0
2022-05-01,UEMP15T26_perc_diff_lag_1,30.608364,0
2022-06-01,UEMP15T26_perc_diff_lag_1,13.100436,0
2022-07-01,UEMP15T26_perc_diff_lag_1,-5.5341053,0
2022-08-01,UEMP15T26_perc_diff_lag_1,20.844687,0
2022-09-01,UEMP15T26_perc_diff_lag_1,1.578354,0
2022-10-01,UEMP15T26_perc_diff_lag_1,-9.322974,0
2022-11-01,UEMP15T26_perc_diff_lag_1,0.48959607,0
2022-12-01,UEMP15T26_perc_diff_lag_1,0.6090134,0
2023-01-01,UEMP15T26_perc_diff_lag_1,7.748184,0
2000-01-01,UNRATE_diff_lag_2,-0.099999905,0
2000-02-01,UNRATE_diff_lag_2,0.099999905,0
2000-03-01,UNRATE_diff_lag_2,0.0,0
2000-04-01,UNRATE_diff_lag_2,-0.29999995,0
2000-05-01,UNRATE_diff_lag_2,0.0,0
2000-06-01,UNRATE_diff_lag_2,0.20000005,0
2000-07-01,UNRATE_diff_lag_2,0.0,0
2000-08-01,UNRATE_diff_lag_2,0.099999905,0
2000-09-01,UNRATE_diff_lag_2,-0.099999905,0
2000-10-01,UNRATE_diff_lag_2,-0.19999981,0
2000-11-01,UNRATE_diff_lag_2,0.0,0
2000-12-01,UNRATE_diff_lag_2,0.0,0
2001-01-01,UNRATE_diff_lag_2,0.2999997,0
2001-02-01,UNRATE_diff_lag_2,0.2999997,0
2001-03-01,UNRATE_diff_lag_2,0.10000038,0
2001-04-01,UNRATE_diff_lag_2,0.20000029,0
2001-05-01,UNRATE_diff_lag_2,0.0,0
2001-06-01,UNRATE_diff_lag_2,0.099999905,0
2001-07-01,UNRATE_diff_lag_2,0.2999997,0
2001-08-01,UNRATE_diff_lag_2,0.4000001,0
2001-09-01,UNRATE_diff_lag_2,0.4000001,0
2001-10-01,UNRATE_diff_lag_2,0.4000001,0
2001-11-01,UNRATE_diff_lag_2,0.5,0
2001-12-01,UNRATE_diff_lag_2,0.39999962,0
2002-01-01,UNRATE_diff_lag_2,0.19999981,0
2002-02-01,UNRATE_diff_lag_2,0.0,0
2002-03-01,UNRATE_diff_lag_2,0.0,0
2002-04-01,UNRATE_diff_lag_2,0.20000029,0
2002-05-01,UNRATE_diff_lag_2,0.10000038,0
2002-06-01,UNRATE_diff_lag_2,-0.099999905,0
2002-07-01,UNRATE_diff_lag_2,0.0,0
2002-08-01,UNRATE_diff_lag_2,-0.10000038,0
2002-09-01,UNRATE_diff_lag_2,-0.10000038,0
2002-10-01,UNRATE_diff_lag_2,0.0,0
2002-11-01,UNRATE_diff_lag_2,0.20000029,0
2002-12-01,UNRATE_diff_lag_2,0.3000002,0
2003-01-01,UNRATE_diff_lag_2,-0.099999905,0
2003-02-01,UNRATE_diff_lag_2,-0.099999905,0
2003-03-01,UNRATE_diff_lag_2,0.099999905,0
2003-04-01,UNRATE_diff_lag_2,0.099999905,0
2003-05-01,UNRATE_diff_lag_2,0.19999981,0
2003-06-01,UNRATE_diff_lag_2,0.3000002,0
2003-07-01,UNRATE_diff_lag_2,0.099999905,0
2003-08-01,UNRATE_diff_lag_2,-0.20000029,0
2003-09-01,UNRATE_diff_lag_2,-0.099999905,0
2003-10-01,UNRATE_diff_lag_2,-0.099999905,0
2003-11-01,UNRATE_diff_lag_2,-0.2999997,0
2003-12-01,UNRATE_diff_lag_2,-0.3000002,0
2004-01-01,UNRATE_diff_lag_2,-0.10000038,0
2004-02-01,UNRATE_diff_lag_2,-0.099999905,0
2004-03-01,UNRATE_diff_lag_2,0.10000038,0
2004-04-01,UNRATE_diff_lag_2,0.0,0
2004-05-01,UNRATE_diff_lag_2,-0.20000029,0
2004-06-01,UNRATE_diff_lag_2,0.0,0
2004-07-01,UNRATE_diff_lag_2,-0.099999905,0
2004-08-01,UNRATE_diff_lag_2,-0.19999981,0
2004-09-01,UNRATE_diff_lag_2,-0.099999905,0
2004-10-01,UNRATE_diff_lag_2,0.099999905,0
2004-11-01,UNRATE_diff_lag_2,0.0,0
2004-12-01,UNRATE_diff_lag_2,-0.099999905,0
2005-01-01,UNRATE_diff_lag_2,-0.099999905,0
2005-02-01,UNRATE_diff_lag_2,0.0,0
2005-03-01,UNRATE_diff_lag_2,-0.10000038,0
2005-04-01,UNRATE_diff_lag_2,-0.20000029,0
2005-05-01,UNRATE_diff_lag_2,-0.099999905,0
2005-06-01,UNRATE_diff_lag_2,-0.19999981,0
2005-07-01,UNRATE_diff_lag_2,-0.099999905,0
2005-08-01,UNRATE_diff_lag_2,-0.099999905,0
2005-09-01,UNRATE_diff_lag_2,0.0,0
2005-10-01,UNRATE_diff_lag_2,0.099999905,0
2005-11-01,UNRATE_diff_lag_2,0.0,0
2005-12-01,UNRATE_diff_lag_2,-0.099999905,0
2006-01-01,UNRATE_diff_lag_2,-0.3000002,0
2006-02-01,UNRATE_diff_lag_2,-0.099999905,0
2006-03-01,UNRATE_diff_lag_2,0.0,0
2006-04-01,UNRATE_diff_lag_2,-0.10000038,0
2006-05-01,UNRATE_diff_lag_2,-0.099999905,0
2006-06-01,UNRATE_diff_lag_2,-0.099999905,0
2006-07-01,UNRATE_diff_lag_2,0.099999905,0
2006-08-01,UNRATE_diff_lag_2,0.099999905,0
2006-09-01,UNRATE_diff_lag_2,-0.19999981,0
2006-10-01,UNRATE_diff_lag_2,-0.2999997,0
2006-11-01,UNRATE_diff_lag_2,0.0,0
2006-12-01,UNRATE_diff_lag_2,0.0,0
2007-01-01,UNRATE_diff_lag_2,0.099999905,0
2007-02-01,UNRATE_diff_lag_2,0.099999905,0
2007-03-01,UNRATE_diff_lag_2,-0.19999981,0
2007-04-01,UNRATE_diff_lag_2,0.0,0
2007-05-01,UNRATE_diff_lag_2,0.0,0
2007-06-01,UNRATE_diff_lag_2,0.099999905,0
2007-07-01,UNRATE_diff_lag_2,0.2999997,0
2007-08-01,UNRATE_diff_lag_2,0.0,0
2007-09-01,UNRATE_diff_lag_2,0.0,0
2007-10-01,UNRATE_diff_lag_2,0.099999905,0
2007-11-01,UNRATE_diff_lag_2,0.0,0
2007-12-01,UNRATE_diff_lag_2,0.3000002,0
2008-01-01,UNRATE_diff_lag_2,0.3000002,0
2008-02-01,UNRATE_diff_lag_2,-0.099999905,0
2008-03-01,UNRATE_diff_lag_2,0.099999905,0
2008-04-01,UNRATE_diff_lag_2,0.099999905,0
2008-05-01,UNRATE_diff_lag_2,0.3000002,0
2008-06-01,UNRATE_diff_lag_2,0.5999999,0
2008-07-01,UNRATE_diff_lag_2,0.4000001,0
2008-08-01,UNRATE_diff_lag_2,0.5,0
2008-09-01,UNRATE_diff_lag_2,0.2999997,0
2008-10-01,UNRATE_diff_lag_2,0.4000001,0
2008-11-01,UNRATE_diff_lag_2,0.7000003,0
2008-12-01,UNRATE_diff_lag_2,0.8000002,0
2009-01-01,UNRATE_diff_lag_2,1.0,0
2009-02-01,UNRATE_diff_lag_2,1.0,0
2009-03-01,UNRATE_diff_lag_2,0.8999996,0
2009-04-01,UNRATE_diff_lag_2,0.6999998,0
2009-05-01,UNRATE_diff_lag_2,0.6999998,0
2009-06-01,UNRATE_diff_lag_2,0.5,0
2009-07-01,UNRATE_diff_lag_2,0.10000038,0
2009-08-01,UNRATE_diff_lag_2,0.10000038,0
2009-09-01,UNRATE_diff_lag_2,0.3000002,0
2009-10-01,UNRATE_diff_lag_2,0.39999962,0
2009-11-01,UNRATE_diff_lag_2,0.09999943,0
2009-12-01,UNRATE_diff_lag_2,-0.10000038,0
2010-01-01,UNRATE_diff_lag_2,-0.09999943,0
2010-02-01,UNRATE_diff_lag_2,-0.09999943,0
2010-03-01,UNRATE_diff_lag_2,0.09999943,0
2010-04-01,UNRATE_diff_lag_2,0.09999943,0
2010-05-01,UNRATE_diff_lag_2,-0.29999924,0
2010-06-01,UNRATE_diff_lag_2,-0.5,0
2010-07-01,UNRATE_diff_lag_2,-0.20000076,0
2010-08-01,UNRATE_diff_lag_2,0.10000038,0
2010-09-01,UNRATE_diff_lag_2,0.10000038,0
2010-10-01,UNRATE_diff_lag_2,-0.10000038,0
2010-11-01,UNRATE_diff_lag_2,0.3000002,0
2010-12-01,UNRATE_diff_lag_2,-0.09999943,0
2011-01-01,UNRATE_diff_lag_2,-0.6999998,0
2011-02-01,UNRATE_diff_lag_2,-0.3000002,0
2011-03-01,UNRATE_diff_lag_2,-0.10000038,0
2011-04-01,UNRATE_diff_lag_2,0.10000038,0
2011-05-01,UNRATE_diff_lag_2,0.0,0
2011-06-01,UNRATE_diff_lag_2,0.0,0
2011-07-01,UNRATE_diff_lag_2,0.0,0
2011-08-01,UNRATE_diff_lag_2,-0.10000038,0
2011-09-01,UNRATE_diff_lag_2,0.0,0
2011-10-01,UNRATE_diff_lag_2,-0.19999981,0
2011-11-01,UNRATE_diff_lag_2,-0.39999962,0
2011-12-01,UNRATE_diff_lag_2,-0.3000002,0
2012-01-01,UNRATE_diff_lag_2,-0.3000002,0
2012-02-01,UNRATE_diff_lag_2,-0.19999981,0
2012-03-01,UNRATE_diff_lag_2,-0.10000038,0
2012-04-01,UNRATE_diff_lag_2,-0.10000038,0
2012-05-01,UNRATE_diff_lag_2,0.0,0
2012-06-01,UNRATE_diff_lag_2,0.0,0
2012-07-01,UNRATE_diff_lag_2,0.0,0
2012-08-01,UNRATE_diff_lag_2,-0.09999943,0
2012-09-01,UNRATE_diff_lag_2,-0.39999962,0
2012-10-01,UNRATE_diff_lag_2,-0.3000002,0
2012-11-01,UNRATE_diff_lag_2,-0.10000038,0
2012-12-01,UNRATE_diff_lag_2,0.099999905,0
2013-01-01,UNRATE_diff_lag_2,0.3000002,0
2013-02-01,UNRATE_diff_lag_2,-0.20000029,0
2013-03-01,UNRATE_diff_lag_2,-0.5,0
2013-04-01,UNRATE_diff_lag_2,-0.099999905,0
2013-05-01,UNRATE_diff_lag_2,0.0,0
2013-06-01,UNRATE_diff_lag_2,-0.099999905,0
2013-07-01,UNRATE_diff_lag_2,-0.19999981,0
2013-08-01,UNRATE_diff_lag_2,-0.3000002,0
2013-09-01,UNRATE_diff_lag_2,-0.10000038,0
2013-10-01,UNRATE_diff_lag_2,0.0,0
2013-11-01,UNRATE_diff_lag_2,-0.2999997,0
2013-12-01,UNRATE_diff_lag_2,-0.5,0
2014-01-01,UNRATE_diff_lag_2,-0.3000002,0
2014-02-01,UNRATE_diff_lag_2,0.0,0
2014-03-01,UNRATE_diff_lag_2,0.099999905,0
2014-04-01,UNRATE_diff_lag_2,-0.5,0
2014-05-01,UNRATE_diff_lag_2,-0.39999962,0
2014-06-01,UNRATE_diff_lag_2,-0.099999905,0
2014-07-01,UNRATE_diff_lag_2,-0.10000038,0
2014-08-01,UNRATE_diff_lag_2,0.0,0
2014-09-01,UNRATE_diff_lag_2,-0.2999997,0
2014-10-01,UNRATE_diff_lag_2,-0.4000001,0
2014-11-01,UNRATE_diff_lag_2,-0.099999905,0
2014-12-01,UNRATE_diff_lag_2,-0.099999905,0
2015-01-01,UNRATE_diff_lag_2,-0.10000038,0
2015-02-01,UNRATE_diff_lag_2,-0.099999905,0
2015-03-01,UNRATE_diff_lag_2,-0.2999997,0
2015-04-01,UNRATE_diff_lag_2,-0.099999905,0
2015-05-01,UNRATE_diff_lag_2,0.19999981,0
2015-06-01,UNRATE_diff_lag_2,-0.099999905,0
2015-07-01,UNRATE_diff_lag_2,-0.4000001,0
2015-08-01,UNRATE_diff_lag_2,-0.20000029,0
2015-09-01,UNRATE_diff_lag_2,-0.19999981,0
2015-10-01,UNRATE_diff_lag_2,-0.099999905,0
2015-11-01,UNRATE_diff_lag_2,0.099999905,0
2015-12-01,UNRATE_diff_lag_2,0.0,0
2016-01-01,UNRATE_diff_lag_2,-0.2999997,0
2016-02-01,UNRATE_diff_lag_2,-0.099999905,0
2016-03-01,UNRATE_diff_lag_2,0.19999981,0
2016-04-01,UNRATE_diff_lag_2,0.19999981,0
2016-05-01,UNRATE_diff_lag_2,-0.19999981,0
2016-06-01,UNRATE_diff_lag_2,-0.19999981,0
2016-07-01,UNRATE_diff_lag_2,0.0,0
2016-08-01,UNRATE_diff_lag_2,0.0,0
2016-09-01,UNRATE_diff_lag_2,0.19999981,0
2016-10-01,UNRATE_diff_lag_2,0.0,0
2016-11-01,UNRATE_diff_lag_2,-0.3000002,0
2016-12-01,UNRATE_diff_lag_2,-0.20000029,0
2017-01-01,UNRATE_diff_lag_2,0.0,0
2017-02-01,UNRATE_diff_lag_2,-0.099999905,0
2017-03-01,UNRATE_diff_lag_2,-0.2999997,0
2017-04-01,UNRATE_diff_lag_2,-0.19999981,0
2017-05-01,UNRATE_diff_lag_2,0.0,0
2017-06-01,UNRATE_diff_lag_2,-0.099999905,0
2017-07-01,UNRATE_diff_lag_2,-0.099999905,0
2017-08-01,UNRATE_diff_lag_2,0.099999905,0
2017-09-01,UNRATE_diff_lag_2,0.0,0
2017-10-01,UNRATE_diff_lag_2,-0.20000029,0
2017-11-01,UNRATE_diff_lag_2,-0.10000038,0
2017-12-01,UNRATE_diff_lag_2,-0.099999905,0
2018-01-01,UNRATE_diff_lag_2,-0.19999981,0
2018-02-01,UNRATE_diff_lag_2,0.0,0
2018-03-01,UNRATE_diff_lag_2,0.0,0
2018-04-01,UNRATE_diff_lag_2,-0.099999905,0
2018-05-01,UNRATE_diff_lag_2,-0.20000005,0
2018-06-01,UNRATE_diff_lag_2,0.0,0
2018-07-01,UNRATE_diff_lag_2,0.0,0
2018-08-01,UNRATE_diff_lag_2,-0.20000005,0
2018-09-01,UNRATE_diff_lag_2,-0.099999905,0
2018-10-01,UNRATE_diff_lag_2,0.0,0
2018-11-01,UNRATE_diff_lag_2,0.099999905,0
2018-12-01,UNRATE_diff_lag_2,0.10000014,0
2019-01-01,UNRATE_diff_lag_2,0.20000005,0
2019-02-01,UNRATE_diff_lag_2,-0.10000014,0
2019-03-01,UNRATE_diff_lag_2,-0.20000005,0
2019-04-01,UNRATE_diff_lag_2,-0.20000005,0
2019-05-01,UNRATE_diff_lag_2,-0.099999905,0
2019-06-01,UNRATE_diff_lag_2,0.0,0
2019-07-01,UNRATE_diff_lag_2,0.0,0
2019-08-01,UNRATE_diff_lag_2,0.10000014,0
2019-09-01,UNRATE_diff_lag_2,-0.20000005,0
2019-10-01,UNRATE_diff_lag_2,-0.10000014,0
2019-11-01,UNRATE_diff_lag_2,0.099999905,0
2019-12-01,UNRATE_diff_lag_2,0.0,0
2020-01-01,UNRATE_diff_lag_2,-0.099999905,0
2020-02-01,UNRATE_diff_lag_2,-0.099999905,0
2020-03-01,UNRATE_diff_lag_2,0.9000001,0
2020-04-01,UNRATE_diff_lag_2,11.2,0
2020-05-01,UNRATE_diff_lag_2,8.799999,0
2020-06-01,UNRATE_diff_lag_2,-3.6999998,0
2020-07-01,UNRATE_diff_lag_2,-3.0,0
2020-08-01,UNRATE_diff_lag_2,-2.6000004,0
2020-09-01,UNRATE_diff_lag_2,-2.2999997,0
2020-10-01,UNRATE_diff_lag_2,-1.4999995,0
2020-11-01,UNRATE_diff_lag_2,-1.2000003,0
2020-12-01,UNRATE_diff_lag_2,-0.20000029,0
2021-01-01,UNRATE_diff_lag_2,-0.39999962,0
2021-02-01,UNRATE_diff_lag_2,-0.5,0
2021-03-01,UNRATE_diff_lag_2,-0.20000029,0
2021-04-01,UNRATE_diff_lag_2,-0.099999905,0
2021-05-01,UNRATE_diff_lag_2,-0.2999997,0
2021-06-01,UNRATE_diff_lag_2,-0.19999981,0
2021-07-01,UNRATE_diff_lag_2,-0.4000001,0
2021-08-01,UNRATE_diff_lag_2,-0.7000003,0
2021-09-01,UNRATE_diff_lag_2,-0.5999999,0
2021-10-01,UNRATE_diff_lag_2,-0.6999998,0
2021-11-01,UNRATE_diff_lag_2,-0.6000004,0
2021-12-01,UNRATE_diff_lag_2,-0.5999999,0
2022-01-01,UNRATE_diff_lag_2,-0.19999981,0
2022-02-01,UNRATE_diff_lag_2,-0.10000014,0
2022-03-01,UNRATE_diff_lag_2,-0.4000001,0
2022-04-01,UNRATE_diff_lag_2,-0.20000005,0
2022-05-01,UNRATE_diff_lag_2,0.0,0
2022-06-01,UNRATE_diff_lag_2,0.0,0
2022-07-01,UNRATE_diff_lag_2,-0.099999905,0
2022-08-01,UNRATE_diff_lag_2,0.10000014,0
2022-09-01,UNRATE_diff_lag_2,0.0,0
2022-10-01,UNRATE_diff_lag_2,0.0,0
2022-11-01,UNRATE_diff_lag_2,0.099999905,0
2022-12-01,UNRATE_diff_lag_2,-0.20000005,0
2023-01-01,UNRATE_diff_lag_2,-0.19999981,0
