reference_date,series_code,value,IsTarget
2000-01-01,RRSFS_diff_lag_1,-1546.0,1
2000-02-01,RRSFS_diff_lag_1,1687.0,1
2000-03-01,RRSFS_diff_lag_1,919.0,1
2000-04-01,RRSFS_diff_lag_1,-2332.0,1
2000-05-01,RRSFS_diff_lag_1,-74.0,1
2000-06-01,RRSFS_diff_lag_1,257.0,1
2000-07-01,RRSFS_diff_lag_1,-919.0,1
2000-08-01,RRSFS_diff_lag_1,167.0,1
2000-09-01,RRSFS_diff_lag_1,1848.0,1
2000-10-01,RRSFS_diff_lag_1,-633.0,1
2000-11-01,RRSFS_diff_lag_1,-790.0,1
2000-12-01,RRSFS_diff_lag_1,-499.0,1
2001-01-01,RRSFS_diff_lag_1,833.0,1
2001-02-01,RRSFS_diff_lag_1,-395.0,1
2001-03-01,RRSFS_diff_lag_1,-1409.0,1
2001-04-01,RRSFS_diff_lag_1,2203.0,1
2001-05-01,RRSFS_diff_lag_1,-420.0,1
2001-06-01,RRSFS_diff_lag_1,-973.0,1
2001-07-01,RRSFS_diff_lag_1,-239.0,1
2001-08-01,RRSFS_diff_lag_1,1076.0,1
2001-09-01,RRSFS_diff_lag_1,-3616.0,1
2001-10-01,RRSFS_diff_lag_1,10829.0,1
2001-11-01,RRSFS_diff_lag_1,-4092.0,1
2001-12-01,RRSFS_diff_lag_1,-1829.0,1
2002-01-01,RRSFS_diff_lag_1,-381.0,1
2002-02-01,RRSFS_diff_lag_1,600.0,1
2002-03-01,RRSFS_diff_lag_1,-893.0,1
2002-04-01,RRSFS_diff_lag_1,1839.0,1
2002-05-01,RRSFS_diff_lag_1,-2342.0,1
2002-06-01,RRSFS_diff_lag_1,1260.0,1
2002-07-01,RRSFS_diff_lag_1,1318.0,1
2002-08-01,RRSFS_diff_lag_1,808.0,1
2002-09-01,RRSFS_diff_lag_1,-2614.0,1
2002-10-01,RRSFS_diff_lag_1,291.0,1
2002-11-01,RRSFS_diff_lag_1,787.0,1
2002-12-01,RRSFS_diff_lag_1,1090.0,1
2003-01-01,RRSFS_diff_lag_1,4.0,1
2003-02-01,RRSFS_diff_lag_1,-3103.0,1
2003-03-01,RRSFS_diff_lag_1,2546.0,1
2003-04-01,RRSFS_diff_lag_1,220.0,1
2003-05-01,RRSFS_diff_lag_1,707.0,1
2003-06-01,RRSFS_diff_lag_1,1580.0,1
2003-07-01,RRSFS_diff_lag_1,1164.0,1
2003-08-01,RRSFS_diff_lag_1,2029.0,1
2003-09-01,RRSFS_diff_lag_1,-1554.0,1
2003-10-01,RRSFS_diff_lag_1,-429.0,1
2003-11-01,RRSFS_diff_lag_1,1920.0,1
2003-12-01,RRSFS_diff_lag_1,-1053.0,1
2004-01-01,RRSFS_diff_lag_1,280.0,1
2004-02-01,RRSFS_diff_lag_1,790.0,1
2004-03-01,RRSFS_diff_lag_1,2593.0,1
2004-04-01,RRSFS_diff_lag_1,-2085.0,1
2004-05-01,RRSFS_diff_lag_1,2185.0,1
2004-06-01,RRSFS_diff_lag_1,-2748.0,1
2004-07-01,RRSFS_diff_lag_1,1722.0,1
2004-08-01,RRSFS_diff_lag_1,137.0,1
2004-09-01,RRSFS_diff_lag_1,2414.0,1
2004-10-01,RRSFS_diff_lag_1,241.0,1
2004-11-01,RRSFS_diff_lag_1,-232.0,1
2004-12-01,RRSFS_diff_lag_1,2107.0,1
2005-01-01,RRSFS_diff_lag_1,-1569.0,1
2005-02-01,RRSFS_diff_lag_1,1537.0,1
2005-03-01,RRSFS_diff_lag_1,-340.0,1
2005-04-01,RRSFS_diff_lag_1,1015.0,1
2005-05-01,RRSFS_diff_lag_1,-975.0,1
2005-06-01,RRSFS_diff_lag_1,4803.0,1
2005-07-01,RRSFS_diff_lag_1,229.0,1
2005-08-01,RRSFS_diff_lag_1,-2755.0,1
2005-09-01,RRSFS_diff_lag_1,-2051.0,1
2005-10-01,RRSFS_diff_lag_1,-190.0,1
2005-11-01,RRSFS_diff_lag_1,2502.0,1
2005-12-01,RRSFS_diff_lag_1,41.0,1
2006-01-01,RRSFS_diff_lag_1,3924.0,1
2006-02-01,RRSFS_diff_lag_1,-1406.0,1
2006-03-01,RRSFS_diff_lag_1,213.0,1
2006-04-01,RRSFS_diff_lag_1,-12.0,1
2006-05-01,RRSFS_diff_lag_1,-888.0,1
2006-06-01,RRSFS_diff_lag_1,143.0,1
2006-07-01,RRSFS_diff_lag_1,-406.0,1
2006-08-01,RRSFS_diff_lag_1,46.0,1
2006-09-01,RRSFS_diff_lag_1,19.0,1
2006-10-01,RRSFS_diff_lag_1,542.0,1
2006-11-01,RRSFS_diff_lag_1,310.0,1
2006-12-01,RRSFS_diff_lag_1,1235.0,1
2007-01-01,RRSFS_diff_lag_1,-353.0,1
2007-02-01,RRSFS_diff_lag_1,-499.0,1
2007-03-01,RRSFS_diff_lag_1,613.0,1
2007-04-01,RRSFS_diff_lag_1,-1006.0,1
2007-05-01,RRSFS_diff_lag_1,1564.0,1
2007-06-01,RRSFS_diff_lag_1,-1757.0,1
2007-07-01,RRSFS_diff_lag_1,388.0,1
2007-08-01,RRSFS_diff_lag_1,785.0,1
2007-09-01,RRSFS_diff_lag_1,-30.0,1
2007-10-01,RRSFS_diff_lag_1,607.0,1
2007-11-01,RRSFS_diff_lag_1,295.0,1
2007-12-01,RRSFS_diff_lag_1,-2677.0,1
2008-01-01,RRSFS_diff_lag_1,-166.0,1
2008-02-01,RRSFS_diff_lag_1,-2027.0,1
2008-03-01,RRSFS_diff_lag_1,-196.0,1
2008-04-01,RRSFS_diff_lag_1,-484.0,1
2008-05-01,RRSFS_diff_lag_1,585.0,1
2008-06-01,RRSFS_diff_lag_1,-1619.0,1
2008-07-01,RRSFS_diff_lag_1,-1874.0,1
2008-08-01,RRSFS_diff_lag_1,-1004.0,1
2008-09-01,RRSFS_diff_lag_1,-2684.0,1
2008-10-01,RRSFS_diff_lag_1,-4896.0,1
2008-11-01,RRSFS_diff_lag_1,-3449.0,1
2008-12-01,RRSFS_diff_lag_1,-2112.0,1
2009-01-01,RRSFS_diff_lag_1,1886.0,1
2009-02-01,RRSFS_diff_lag_1,-1213.0,1
2009-03-01,RRSFS_diff_lag_1,-2587.0,1
2009-04-01,RRSFS_diff_lag_1,598.0,1
2009-05-01,RRSFS_diff_lag_1,1134.0,1
2009-06-01,RRSFS_diff_lag_1,1329.0,1
2009-07-01,RRSFS_diff_lag_1,342.0,1
2009-08-01,RRSFS_diff_lag_1,2326.0,1
2009-09-01,RRSFS_diff_lag_1,-4091.0,1
2009-10-01,RRSFS_diff_lag_1,984.0,1
2009-11-01,RRSFS_diff_lag_1,726.0,1
2009-12-01,RRSFS_diff_lag_1,699.0,1
2010-01-01,RRSFS_diff_lag_1,-57.0,1
2010-02-01,RRSFS_diff_lag_1,438.0,1
2010-03-01,RRSFS_diff_lag_1,3541.0,1
2010-04-01,RRSFS_diff_lag_1,1186.0,1
2010-05-01,RRSFS_diff_lag_1,-1410.0,1
2010-06-01,RRSFS_diff_lag_1,119.0,1
2010-07-01,RRSFS_diff_lag_1,-93.0,1
2010-08-01,RRSFS_diff_lag_1,740.0,1
2010-09-01,RRSFS_diff_lag_1,918.0,1
2010-10-01,RRSFS_diff_lag_1,1354.0,1
2010-11-01,RRSFS_diff_lag_1,1327.0,1
2010-12-01,RRSFS_diff_lag_1,197.0,1
2011-01-01,RRSFS_diff_lag_1,582.0,1
2011-02-01,RRSFS_diff_lag_1,955.0,1
2011-03-01,RRSFS_diff_lag_1,650.0,1
2011-04-01,RRSFS_diff_lag_1,252.0,1
2011-05-01,RRSFS_diff_lag_1,-756.0,1
2011-06-01,RRSFS_diff_lag_1,1289.0,1
2011-07-01,RRSFS_diff_lag_1,-626.0,1
2011-08-01,RRSFS_diff_lag_1,-32.0,1
2011-09-01,RRSFS_diff_lag_1,1303.0,1
2011-10-01,RRSFS_diff_lag_1,865.0,1
2011-11-01,RRSFS_diff_lag_1,409.0,1
2011-12-01,RRSFS_diff_lag_1,76.0,1
2012-01-01,RRSFS_diff_lag_1,1073.0,1
2012-02-01,RRSFS_diff_lag_1,1740.0,1
2012-03-01,RRSFS_diff_lag_1,340.0,1
2012-04-01,RRSFS_diff_lag_1,-1110.0,1
2012-05-01,RRSFS_diff_lag_1,110.0,1
2012-06-01,RRSFS_diff_lag_1,-1257.0,1
2012-07-01,RRSFS_diff_lag_1,532.0,1
2012-08-01,RRSFS_diff_lag_1,1030.0,1
2012-09-01,RRSFS_diff_lag_1,566.0,1
2012-10-01,RRSFS_diff_lag_1,-248.0,1
2012-11-01,RRSFS_diff_lag_1,1047.0,1
2012-12-01,RRSFS_diff_lag_1,527.0,1
2013-01-01,RRSFS_diff_lag_1,1146.0,1
2013-02-01,RRSFS_diff_lag_1,1058.0,1
2013-03-01,RRSFS_diff_lag_1,-736.0,1
2013-04-01,RRSFS_diff_lag_1,-377.0,1
2013-05-01,RRSFS_diff_lag_1,729.0,1
2013-06-01,RRSFS_diff_lag_1,211.0,1
2013-07-01,RRSFS_diff_lag_1,859.0,1
2013-08-01,RRSFS_diff_lag_1,-840.0,1
2013-09-01,RRSFS_diff_lag_1,-119.0,1
2013-10-01,RRSFS_diff_lag_1,811.0,1
2013-11-01,RRSFS_diff_lag_1,178.0,1
2013-12-01,RRSFS_diff_lag_1,476.0,1
2014-01-01,RRSFS_diff_lag_1,-2209.0,1
2014-02-01,RRSFS_diff_lag_1,2205.0,1
2014-03-01,RRSFS_diff_lag_1,1552.0,1
2014-04-01,RRSFS_diff_lag_1,1651.0,1
2014-05-01,RRSFS_diff_lag_1,-43.0,1
2014-06-01,RRSFS_diff_lag_1,298.0,1
2014-07-01,RRSFS_diff_lag_1,48.0,1
2014-08-01,RRSFS_diff_lag_1,1482.0,1
2014-09-01,RRSFS_diff_lag_1,-414.0,1
2014-10-01,RRSFS_diff_lag_1,669.0,1
2014-11-01,RRSFS_diff_lag_1,707.0,1
2014-12-01,RRSFS_diff_lag_1,-506.0,1
2015-01-01,RRSFS_diff_lag_1,55.0,1
2015-02-01,RRSFS_diff_lag_1,-1073.0,1
2015-03-01,RRSFS_diff_lag_1,2521.0,1
2015-04-01,RRSFS_diff_lag_1,55.0,1
2015-05-01,RRSFS_diff_lag_1,1105.0,1
2015-06-01,RRSFS_diff_lag_1,-124.0,1
2015-07-01,RRSFS_diff_lag_1,963.0,1
2015-08-01,RRSFS_diff_lag_1,-17.0,1
2015-09-01,RRSFS_diff_lag_1,-186.0,1
2015-10-01,RRSFS_diff_lag_1,-491.0,1
2015-11-01,RRSFS_diff_lag_1,386.0,1
2015-12-01,RRSFS_diff_lag_1,841.0,1
2016-01-01,RRSFS_diff_lag_1,-1318.0,1
2016-02-01,RRSFS_diff_lag_1,1606.0,1
2016-03-01,RRSFS_diff_lag_1,-489.0,1
2016-04-01,RRSFS_diff_lag_1,429.0,1
2016-05-01,RRSFS_diff_lag_1,412.0,1
2016-06-01,RRSFS_diff_lag_1,1225.0,1
2016-07-01,RRSFS_diff_lag_1,-33.0,1
2016-08-01,RRSFS_diff_lag_1,-287.0,1
2016-09-01,RRSFS_diff_lag_1,559.0,1
2016-10-01,RRSFS_diff_lag_1,297.0,1
2016-11-01,RRSFS_diff_lag_1,-299.0,1
2016-12-01,RRSFS_diff_lag_1,968.0,1
2017-01-01,RRSFS_diff_lag_1,1430.0,1
2017-02-01,RRSFS_diff_lag_1,-1043.0,1
2017-03-01,RRSFS_diff_lag_1,528.0,1
2017-04-01,RRSFS_diff_lag_1,1032.0,1
2017-05-01,RRSFS_diff_lag_1,-500.0,1
2017-06-01,RRSFS_diff_lag_1,776.0,1
2017-07-01,RRSFS_diff_lag_1,84.0,1
2017-08-01,RRSFS_diff_lag_1,-409.0,1
2017-09-01,RRSFS_diff_lag_1,3029.0,1
2017-10-01,RRSFS_diff_lag_1,596.0,1
2017-11-01,RRSFS_diff_lag_1,573.0,1
2017-12-01,RRSFS_diff_lag_1,926.0,1
2018-01-01,RRSFS_diff_lag_1,-1642.0,1
2018-02-01,RRSFS_diff_lag_1,535.0,1
2018-03-01,RRSFS_diff_lag_1,7.0,1
2018-04-01,RRSFS_diff_lag_1,500.0,1
2018-05-01,RRSFS_diff_lag_1,1896.0,1
2018-06-01,RRSFS_diff_lag_1,93.0,1
2018-07-01,RRSFS_diff_lag_1,847.0,1
2018-08-01,RRSFS_diff_lag_1,-369.0,1
2018-09-01,RRSFS_diff_lag_1,-550.0,1
2018-10-01,RRSFS_diff_lag_1,1302.0,1
2018-11-01,RRSFS_diff_lag_1,18.0,1
2018-12-01,RRSFS_diff_lag_1,-3241.0,1
2019-01-01,RRSFS_diff_lag_1,1573.0,1
2019-02-01,RRSFS_diff_lag_1,-897.0,1
2019-03-01,RRSFS_diff_lag_1,2536.0,1
2019-04-01,RRSFS_diff_lag_1,-1025.0,1
2000-01-01,TREASURY_diff_lag_2,4.7539997,0
2000-02-01,TREASURY_diff_lag_2,-1.197,0
2000-03-01,TREASURY_diff_lag_2,-4.3869996,0
2000-04-01,TREASURY_diff_lag_2,1.9200001,0
2000-05-01,TREASURY_diff_lag_2,2.4559999,0
2000-06-01,TREASURY_diff_lag_2,-1.224,0
2000-07-01,TREASURY_diff_lag_2,-2.5089998,0
2000-08-01,TREASURY_diff_lag_2,-1.1659999,0
2000-09-01,TREASURY_diff_lag_2,1.2620001,0
2000-10-01,TREASURY_diff_lag_2,0.60999966,0
2000-11-01,TREASURY_diff_lag_2,-1.4100003,0
2000-12-01,TREASURY_diff_lag_2,0.12800026,0
2001-01-01,TREASURY_diff_lag_2,1.395,0
2001-02-01,TREASURY_diff_lag_2,-0.88199997,0
2001-03-01,TREASURY_diff_lag_2,-1.2269998,0
2001-04-01,TREASURY_diff_lag_2,0.87300014,0
2001-05-01,TREASURY_diff_lag_2,0.123000145,0
2001-06-01,TREASURY_diff_lag_2,-0.3630004,0
2001-07-01,TREASURY_diff_lag_2,-0.14400005,0
2001-08-01,TREASURY_diff_lag_2,-0.34599972,0
2001-09-01,TREASURY_diff_lag_2,1.0640001,0
2001-10-01,TREASURY_diff_lag_2,0.5359998,0
2001-11-01,TREASURY_diff_lag_2,-1.2510004,0
2001-12-01,TREASURY_diff_lag_2,-0.33999968,0
2002-01-01,TREASURY_diff_lag_2,1.5150003,0
2002-02-01,TREASURY_diff_lag_2,-0.06400013,0
2002-03-01,TREASURY_diff_lag_2,-1.1070004,0
2002-04-01,TREASURY_diff_lag_2,0.64799976,0
2002-05-01,TREASURY_diff_lag_2,-0.065999985,0
2002-06-01,TREASURY_diff_lag_2,0.032999992,0
2002-07-01,TREASURY_diff_lag_2,0.11400032,0
2002-08-01,TREASURY_diff_lag_2,-0.7909999,0
2002-09-01,TREASURY_diff_lag_2,0.058000088,0
2002-10-01,TREASURY_diff_lag_2,0.01600027,0
2002-11-01,TREASURY_diff_lag_2,-0.5430002,0
2002-12-01,TREASURY_diff_lag_2,-0.24399996,0
2003-01-01,TREASURY_diff_lag_2,0.61800003,0
2003-02-01,TREASURY_diff_lag_2,0.23999977,0
2003-03-01,TREASURY_diff_lag_2,-0.42700005,0
2003-04-01,TREASURY_diff_lag_2,2.176,0
2003-05-01,TREASURY_diff_lag_2,1.4239998,0
2003-06-01,TREASURY_diff_lag_2,-0.43100023,0
2003-07-01,TREASURY_diff_lag_2,-0.46299982,0
2003-08-01,TREASURY_diff_lag_2,-1.1199999,0
2003-09-01,TREASURY_diff_lag_2,-0.408,0
2003-10-01,TREASURY_diff_lag_2,-0.44099998,0
2003-11-01,TREASURY_diff_lag_2,-0.6950002,0
2003-12-01,TREASURY_diff_lag_2,0.04099989,0
2004-01-01,TREASURY_diff_lag_2,0.5750003,0
2004-02-01,TREASURY_diff_lag_2,-0.22099972,0
2004-03-01,TREASURY_diff_lag_2,-0.18300009,0
2004-04-01,TREASURY_diff_lag_2,0.96399975,0
2004-05-01,TREASURY_diff_lag_2,0.0009999275,0
2004-06-01,TREASURY_diff_lag_2,-0.46399975,0
2004-07-01,TREASURY_diff_lag_2,-0.5409999,0
2004-08-01,TREASURY_diff_lag_2,-0.84400034,0
2004-09-01,TREASURY_diff_lag_2,0.553,0
2004-10-01,TREASURY_diff_lag_2,0.29699993,0
2004-11-01,TREASURY_diff_lag_2,-0.63100004,0
2004-12-01,TREASURY_diff_lag_2,-0.046000004,0
2005-01-01,TREASURY_diff_lag_2,0.3249998,0
2005-02-01,TREASURY_diff_lag_2,0.03600025,0
2005-03-01,TREASURY_diff_lag_2,-0.3709998,0
2005-04-01,TREASURY_diff_lag_2,0.27600002,0
2005-05-01,TREASURY_diff_lag_2,0.16400003,0
2005-06-01,TREASURY_diff_lag_2,-0.3260002,0
2005-07-01,TREASURY_diff_lag_2,-0.2540002,0
2005-08-01,TREASURY_diff_lag_2,-0.009999752,0
2005-09-01,TREASURY_diff_lag_2,0.61500025,0
2005-10-01,TREASURY_diff_lag_2,-0.1420002,0
2005-11-01,TREASURY_diff_lag_2,-0.421,0
2005-12-01,TREASURY_diff_lag_2,0.30900002,0
2006-01-01,TREASURY_diff_lag_2,-0.02699995,0
2006-02-01,TREASURY_diff_lag_2,0.03000021,0
2006-03-01,TREASURY_diff_lag_2,0.112999916,0
2006-04-01,TREASURY_diff_lag_2,-0.099999905,0
2006-05-01,TREASURY_diff_lag_2,0.18499994,0
2006-06-01,TREASURY_diff_lag_2,-0.042000294,0
2006-07-01,TREASURY_diff_lag_2,-0.09800005,0
2006-08-01,TREASURY_diff_lag_2,-0.19399977,0
2006-09-01,TREASURY_diff_lag_2,-0.1949997,0
2006-10-01,TREASURY_diff_lag_2,0.6240001,0
2006-11-01,TREASURY_diff_lag_2,0.015999794,0
2006-12-01,TREASURY_diff_lag_2,-0.1880002,0
2007-01-01,TREASURY_diff_lag_2,0.0009999275,0
2007-02-01,TREASURY_diff_lag_2,-0.3449998,0
2007-03-01,TREASURY_diff_lag_2,0.10500002,0
2007-04-01,TREASURY_diff_lag_2,0.42599964,0
2007-05-01,TREASURY_diff_lag_2,1.8299999,0
2007-06-01,TREASURY_diff_lag_2,-0.283,0
2007-07-01,TREASURY_diff_lag_2,-2.184,0
2007-08-01,TREASURY_diff_lag_2,-0.16599989,0
2007-09-01,TREASURY_diff_lag_2,0.21799994,0
2007-10-01,TREASURY_diff_lag_2,0.069000244,0
2007-11-01,TREASURY_diff_lag_2,0.19500017,0
2007-12-01,TREASURY_diff_lag_2,0.55899954,0
2008-01-01,TREASURY_diff_lag_2,0.6999998,0
2008-02-01,TREASURY_diff_lag_2,-0.6699996,0
2008-03-01,TREASURY_diff_lag_2,-0.59299994,0
2008-04-01,TREASURY_diff_lag_2,0.37199974,0
2008-05-01,TREASURY_diff_lag_2,-0.40899992,0
2008-06-01,TREASURY_diff_lag_2,-0.31599998,0
2008-07-01,TREASURY_diff_lag_2,0.2920003,0
2008-08-01,TREASURY_diff_lag_2,-0.08899975,0
2008-09-01,TREASURY_diff_lag_2,-0.21500015,0
2008-10-01,TREASURY_diff_lag_2,24.723,0
2008-11-01,TREASURY_diff_lag_2,49.769,0
2008-12-01,TREASURY_diff_lag_2,56.517998,0
2009-01-01,TREASURY_diff_lag_2,-6.140003,0
2009-02-01,TREASURY_diff_lag_2,-49.802,0
2009-03-01,TREASURY_diff_lag_2,14.526001,0
2009-04-01,TREASURY_diff_lag_2,18.822002,0
2009-05-01,TREASURY_diff_lag_2,-3.111,0
2009-06-01,TREASURY_diff_lag_2,1.1289978,0
2009-07-01,TREASURY_diff_lag_2,-6.4749985,0
2009-08-01,TREASURY_diff_lag_2,-12.456001,0
2009-09-01,TREASURY_diff_lag_2,-19.656002,0
2009-10-01,TREASURY_diff_lag_2,4.097,0
2009-11-01,TREASURY_diff_lag_2,19.134003,0
2009-12-01,TREASURY_diff_lag_2,24.186005,0
2010-01-01,TREASURY_diff_lag_2,95.496994,0
2010-02-01,TREASURY_diff_lag_2,-4.8650055,0
2010-03-01,TREASURY_diff_lag_2,-102.278,0
2010-04-01,TREASURY_diff_lag_2,-33.683,0
2010-05-01,TREASURY_diff_lag_2,-6.5880013,0
2010-06-01,TREASURY_diff_lag_2,2.7170029,0
2010-07-01,TREASURY_diff_lag_2,-5.2629967,0
2010-08-01,TREASURY_diff_lag_2,-8.555002,0
2010-09-01,TREASURY_diff_lag_2,6.404999,0
2010-10-01,TREASURY_diff_lag_2,14.525,0
2010-11-01,TREASURY_diff_lag_2,-13.934,0
2010-12-01,TREASURY_diff_lag_2,10.931999,0
2011-01-01,TREASURY_diff_lag_2,62.029,0
2011-02-01,TREASURY_diff_lag_2,13.257,0
2011-03-01,TREASURY_diff_lag_2,-34.633003,0
2011-04-01,TREASURY_diff_lag_2,-1.9679947,0
2011-05-01,TREASURY_diff_lag_2,43.426003,0
2011-06-01,TREASURY_diff_lag_2,10.876999,0
2011-07-01,TREASURY_diff_lag_2,-23.923004,0
2011-08-01,TREASURY_diff_lag_2,-46.965004,0
2011-09-01,TREASURY_diff_lag_2,-35.010998,0
2011-10-01,TREASURY_diff_lag_2,15.011,0
2011-11-01,TREASURY_diff_lag_2,3.8930016,0
2011-12-01,TREASURY_diff_lag_2,21.873001,0
2012-01-01,TREASURY_diff_lag_2,46.115997,0
2012-02-01,TREASURY_diff_lag_2,6.560997,0
2012-03-01,TREASURY_diff_lag_2,-22.328995,0
2012-04-01,TREASURY_diff_lag_2,-13.738998,0
2012-05-01,TREASURY_diff_lag_2,32.020996,0
2012-06-01,TREASURY_diff_lag_2,28.608002,0
2012-07-01,TREASURY_diff_lag_2,-24.402,0
2012-08-01,TREASURY_diff_lag_2,-55.565002,0
2012-09-01,TREASURY_diff_lag_2,-20.190998,0
2012-10-01,TREASURY_diff_lag_2,33.781,0
2012-11-01,TREASURY_diff_lag_2,-24.005001,0
2012-12-01,TREASURY_diff_lag_2,-18.969997,0
2013-01-01,TREASURY_diff_lag_2,35.961,0
2013-02-01,TREASURY_diff_lag_2,-4.112999,0
2013-03-01,TREASURY_diff_lag_2,-10.917999,0
2013-04-01,TREASURY_diff_lag_2,44.776997,0
2013-05-01,TREASURY_diff_lag_2,32.778,0
2013-06-01,TREASURY_diff_lag_2,-24.138996,0
2013-07-01,TREASURY_diff_lag_2,-8.360001,0
2013-08-01,TREASURY_diff_lag_2,-9.047001,0
2013-09-01,TREASURY_diff_lag_2,-38.193996,0
2013-10-01,TREASURY_diff_lag_2,-17.762001,0
2013-11-01,TREASURY_diff_lag_2,4.7789993,0
2013-12-01,TREASURY_diff_lag_2,23.560001,0
2014-01-01,TREASURY_diff_lag_2,48.507,0
2014-02-01,TREASURY_diff_lag_2,-8.063,0
2014-03-01,TREASURY_diff_lag_2,-21.323997,0
2014-04-01,TREASURY_diff_lag_2,32.82,0
2014-05-01,TREASURY_diff_lag_2,-14.489002,0
2014-06-01,TREASURY_diff_lag_2,-15.780998,0
2014-07-01,TREASURY_diff_lag_2,11.463001,0
2014-08-01,TREASURY_diff_lag_2,-9.984001,0
2014-09-01,TREASURY_diff_lag_2,-4.156006,0
2014-10-01,TREASURY_diff_lag_2,49.335,0
2014-11-01,TREASURY_diff_lag_2,32.611,0
2014-12-01,TREASURY_diff_lag_2,18.404999,0
2015-01-01,TREASURY_diff_lag_2,78.198,0
2015-02-01,TREASURY_diff_lag_2,2.3919983,0
2015-03-01,TREASURY_diff_lag_2,-117.649994,0
2015-04-01,TREASURY_diff_lag_2,-18.112,0
2015-05-01,TREASURY_diff_lag_2,141.277,0
2015-06-01,TREASURY_diff_lag_2,92.68201,0
2015-07-01,TREASURY_diff_lag_2,-4.621994,0
2015-08-01,TREASURY_diff_lag_2,-26.279999,0
2015-09-01,TREASURY_diff_lag_2,-71.165,0
2015-10-01,TREASURY_diff_lag_2,-112.241005,0
2015-11-01,TREASURY_diff_lag_2,-16.088997,0
2015-12-01,TREASURY_diff_lag_2,166.42899,0
2016-01-01,TREASURY_diff_lag_2,207.521,0
2016-02-01,TREASURY_diff_lag_2,62.457993,0
2016-03-01,TREASURY_diff_lag_2,-62.699005,0
2016-04-01,TREASURY_diff_lag_2,-13.490997,0
2016-05-01,TREASURY_diff_lag_2,50.740997,0
2016-06-01,TREASURY_diff_lag_2,-1.8299866,0
2016-07-01,TREASURY_diff_lag_2,14.582001,0
2016-08-01,TREASURY_diff_lag_2,-8.291992,0
2016-09-01,TREASURY_diff_lag_2,-25.656982,0
2016-10-01,TREASURY_diff_lag_2,111.63498,0
2016-11-01,TREASURY_diff_lag_2,107.859985,0
2016-12-01,TREASURY_diff_lag_2,-21.975983,0
2017-01-01,TREASURY_diff_lag_2,-21.352997,0
2017-02-01,TREASURY_diff_lag_2,-47.067017,0
2017-03-01,TREASURY_diff_lag_2,-291.69098,0
2017-04-01,TREASURY_diff_lag_2,-159.64899,0
2017-05-01,TREASURY_diff_lag_2,105.91699,0
2017-06-01,TREASURY_diff_lag_2,29.134003,0
2017-07-01,TREASURY_diff_lag_2,-13.617996,0
2017-08-01,TREASURY_diff_lag_2,-60.822006,0
2017-09-01,TREASURY_diff_lag_2,-79.904,0
2017-10-01,TREASURY_diff_lag_2,55.516006,0
2017-11-01,TREASURY_diff_lag_2,76.307,0
2017-12-01,TREASURY_diff_lag_2,-38.95401,0
2018-01-01,TREASURY_diff_lag_2,60.598007,0
2018-02-01,TREASURY_diff_lag_2,67.306,0
2018-03-01,TREASURY_diff_lag_2,33.115997,0
2018-04-01,TREASURY_diff_lag_2,103.483,0
2018-05-01,TREASURY_diff_lag_2,78.478,0
2018-06-01,TREASURY_diff_lag_2,17.28299,0
2018-07-01,TREASURY_diff_lag_2,-14.595001,0
2018-08-01,TREASURY_diff_lag_2,16.85202,0
2018-09-01,TREASURY_diff_lag_2,-0.6289978,0
2018-10-01,TREASURY_diff_lag_2,11.372986,0
2018-11-01,TREASURY_diff_lag_2,-0.3630066,0
2018-12-01,TREASURY_diff_lag_2,-4.3869934,0
2019-01-01,TREASURY_diff_lag_2,43.166992,0
2019-02-01,TREASURY_diff_lag_2,-10.343994,0
2019-03-01,TREASURY_diff_lag_2,-106.00897,0
2019-04-01,TREASURY_diff_lag_2,-29.820007,0
2000-01-01,LNS13023570_diff_lag_1,-0.5999999,0
2000-02-01,LNS13023570_diff_lag_1,0.2999997,0
2000-03-01,LNS13023570_diff_lag_1,0.3000002,0
2000-04-01,LNS13023570_diff_lag_1,0.0,0
2000-05-01,LNS13023570_diff_lag_1,0.6000004,0
2000-06-01,LNS13023570_diff_lag_1,-0.5000005,0
2000-07-01,LNS13023570_diff_lag_1,0.0,0
2000-08-01,LNS13023570_diff_lag_1,0.9000001,0
2000-09-01,LNS13023570_diff_lag_1,-1.0,0
2000-10-01,LNS13023570_diff_lag_1,-0.3000002,0
2000-11-01,LNS13023570_diff_lag_1,0.20000029,0
2000-12-01,LNS13023570_diff_lag_1,1.2000003,0
2001-01-01,LNS13023570_diff_lag_1,-1.2000003,0
2001-02-01,LNS13023570_diff_lag_1,-0.9000001,0
2001-03-01,LNS13023570_diff_lag_1,-0.3000002,0
2001-04-01,LNS13023570_diff_lag_1,1.1000004,0
2001-05-01,LNS13023570_diff_lag_1,0.19999981,0
2001-06-01,LNS13023570_diff_lag_1,-0.3000002,0
2001-07-01,LNS13023570_diff_lag_1,-0.39999962,0
2001-08-01,LNS13023570_diff_lag_1,0.099999905,0
2001-09-01,LNS13023570_diff_lag_1,-0.20000029,0
2001-10-01,LNS13023570_diff_lag_1,-0.5,0
2001-11-01,LNS13023570_diff_lag_1,0.0,0
2001-12-01,LNS13023570_diff_lag_1,0.0,0
2002-01-01,LNS13023570_diff_lag_1,-0.2999997,0
2002-02-01,LNS13023570_diff_lag_1,0.2999997,0
2002-03-01,LNS13023570_diff_lag_1,0.3000002,0
2002-04-01,LNS13023570_diff_lag_1,-0.3000002,0
2002-05-01,LNS13023570_diff_lag_1,-0.2999997,0
2002-06-01,LNS13023570_diff_lag_1,0.5999999,0
2002-07-01,LNS13023570_diff_lag_1,0.0,0
2002-08-01,LNS13023570_diff_lag_1,0.8000002,0
2002-09-01,LNS13023570_diff_lag_1,-0.8000002,0
2002-10-01,LNS13023570_diff_lag_1,-0.8000002,0
2002-11-01,LNS13023570_diff_lag_1,1.2000003,0
2002-12-01,LNS13023570_diff_lag_1,-0.7000003,0
2003-01-01,LNS13023570_diff_lag_1,0.8000002,0
2003-02-01,LNS13023570_diff_lag_1,-0.19999981,0
2003-03-01,LNS13023570_diff_lag_1,0.5,0
2003-04-01,LNS13023570_diff_lag_1,-0.10000038,0
2003-05-01,LNS13023570_diff_lag_1,-0.19999981,0
2003-06-01,LNS13023570_diff_lag_1,0.19999981,0
2003-07-01,LNS13023570_diff_lag_1,0.3000002,0
2003-08-01,LNS13023570_diff_lag_1,-0.19999981,0
2003-09-01,LNS13023570_diff_lag_1,0.39999962,0
2003-10-01,LNS13023570_diff_lag_1,-0.39999962,0
2003-11-01,LNS13023570_diff_lag_1,-0.4000001,0
2003-12-01,LNS13023570_diff_lag_1,1.4000001,0
2004-01-01,LNS13023570_diff_lag_1,-0.3000002,0
2004-02-01,LNS13023570_diff_lag_1,0.19999981,0
2004-03-01,LNS13023570_diff_lag_1,-0.7999997,0
2004-04-01,LNS13023570_diff_lag_1,0.5999999,0
2004-05-01,LNS13023570_diff_lag_1,0.6999998,0
2004-06-01,LNS13023570_diff_lag_1,-0.7999997,0
2004-07-01,LNS13023570_diff_lag_1,0.7999997,0
2004-08-01,LNS13023570_diff_lag_1,0.10000038,0
2004-09-01,LNS13023570_diff_lag_1,0.0,0
2004-10-01,LNS13023570_diff_lag_1,0.3000002,0
2004-11-01,LNS13023570_diff_lag_1,-0.3000002,0
2004-12-01,LNS13023570_diff_lag_1,0.0,0
2005-01-01,LNS13023570_diff_lag_1,-0.8000002,0
2005-02-01,LNS13023570_diff_lag_1,1.3999996,0
2005-03-01,LNS13023570_diff_lag_1,-0.19999981,0
2005-04-01,LNS13023570_diff_lag_1,0.8000002,0
2005-05-01,LNS13023570_diff_lag_1,-0.6999998,0
2005-06-01,LNS13023570_diff_lag_1,-0.6000004,0
2005-07-01,LNS13023570_diff_lag_1,-0.19999981,0
2005-08-01,LNS13023570_diff_lag_1,0.0,0
2005-09-01,LNS13023570_diff_lag_1,-0.5,0
2005-10-01,LNS13023570_diff_lag_1,0.6000004,0
2005-11-01,LNS13023570_diff_lag_1,0.29999924,0
2005-12-01,LNS13023570_diff_lag_1,-0.19999981,0
2006-01-01,LNS13023570_diff_lag_1,0.0,0
2006-02-01,LNS13023570_diff_lag_1,1.1000004,0
2006-03-01,LNS13023570_diff_lag_1,-0.8000002,0
2006-04-01,LNS13023570_diff_lag_1,-0.6999998,0
2006-05-01,LNS13023570_diff_lag_1,-0.9000001,0
2006-06-01,LNS13023570_diff_lag_1,1.7999997,0
2006-07-01,LNS13023570_diff_lag_1,-0.3000002,0
2006-08-01,LNS13023570_diff_lag_1,0.20000076,0
2006-09-01,LNS13023570_diff_lag_1,-0.3000002,0
2006-10-01,LNS13023570_diff_lag_1,-0.3000002,0
2006-11-01,LNS13023570_diff_lag_1,0.10000038,0
2006-12-01,LNS13023570_diff_lag_1,0.0,0
2007-01-01,LNS13023570_diff_lag_1,0.29999924,0
2007-02-01,LNS13023570_diff_lag_1,-0.19999981,0
2007-03-01,LNS13023570_diff_lag_1,0.5,0
2007-04-01,LNS13023570_diff_lag_1,-0.19999981,0
2007-05-01,LNS13023570_diff_lag_1,-1.1999998,0
2007-06-01,LNS13023570_diff_lag_1,1.3999996,0
2007-07-01,LNS13023570_diff_lag_1,-0.8000002,0
2007-08-01,LNS13023570_diff_lag_1,-0.09999943,0
2007-09-01,LNS13023570_diff_lag_1,0.8999996,0
2007-10-01,LNS13023570_diff_lag_1,0.40000057,0
2007-11-01,LNS13023570_diff_lag_1,-0.3000002,0
2007-12-01,LNS13023570_diff_lag_1,-0.40000057,0
2008-01-01,LNS13023570_diff_lag_1,0.10000038,0
2008-02-01,LNS13023570_diff_lag_1,-0.19999981,0
2008-03-01,LNS13023570_diff_lag_1,0.3000002,0
2008-04-01,LNS13023570_diff_lag_1,-0.9000006,0
2008-05-01,LNS13023570_diff_lag_1,1.3000002,0
2008-06-01,LNS13023570_diff_lag_1,-0.3000002,0
2008-07-01,LNS13023570_diff_lag_1,0.19999981,0
2008-08-01,LNS13023570_diff_lag_1,-0.6999998,0
2008-09-01,LNS13023570_diff_lag_1,-0.3000002,0
2008-10-01,LNS13023570_diff_lag_1,-0.29999924,0
2008-11-01,LNS13023570_diff_lag_1,-0.9000006,0
2008-12-01,LNS13023570_diff_lag_1,-0.099999905,0
2009-01-01,LNS13023570_diff_lag_1,-0.5999999,0
2009-02-01,LNS13023570_diff_lag_1,1.3000002,0
2009-03-01,LNS13023570_diff_lag_1,-1.3000002,0
2009-04-01,LNS13023570_diff_lag_1,0.0,0
2009-05-01,LNS13023570_diff_lag_1,0.19999981,0
2009-06-01,LNS13023570_diff_lag_1,0.10000038,0
2009-07-01,LNS13023570_diff_lag_1,0.099999905,0
2009-08-01,LNS13023570_diff_lag_1,0.4000001,0
2009-09-01,LNS13023570_diff_lag_1,0.2999997,0
2009-10-01,LNS13023570_diff_lag_1,-0.4000001,0
2009-11-01,LNS13023570_diff_lag_1,1.5,0
2009-12-01,LNS13023570_diff_lag_1,-0.5,0
2010-01-01,LNS13023570_diff_lag_1,-0.2999997,0
2010-02-01,LNS13023570_diff_lag_1,0.0,0
2010-03-01,LNS13023570_diff_lag_1,-0.4000001,0
2010-04-01,LNS13023570_diff_lag_1,0.3000002,0
2010-05-01,LNS13023570_diff_lag_1,0.3000002,0
2010-06-01,LNS13023570_diff_lag_1,0.0,0
2010-07-01,LNS13023570_diff_lag_1,0.19999981,0
2010-08-01,LNS13023570_diff_lag_1,0.39999962,0
2010-09-01,LNS13023570_diff_lag_1,-0.3000002,0
2010-10-01,LNS13023570_diff_lag_1,0.40000057,0
2010-11-01,LNS13023570_diff_lag_1,-0.3000002,0
2010-12-01,LNS13023570_diff_lag_1,0.5,0
2011-01-01,LNS13023570_diff_lag_1,0.5,0
2011-02-01,LNS13023570_diff_lag_1,-0.19999981,0
2011-03-01,LNS13023570_diff_lag_1,0.0,0
2011-04-01,LNS13023570_diff_lag_1,0.0,0
2011-05-01,LNS13023570_diff_lag_1,-0.40000057,0
2011-06-01,LNS13023570_diff_lag_1,0.0,0
2011-07-01,LNS13023570_diff_lag_1,0.40000057,0
2011-08-01,LNS13023570_diff_lag_1,-0.19999981,0
2011-09-01,LNS13023570_diff_lag_1,0.8999996,0
2011-10-01,LNS13023570_diff_lag_1,-0.6000004,0
2011-11-01,LNS13023570_diff_lag_1,0.20000076,0
2011-12-01,LNS13023570_diff_lag_1,0.19999981,0
2012-01-01,LNS13023570_diff_lag_1,0.09999943,0
2012-02-01,LNS13023570_diff_lag_1,0.70000076,0
2012-03-01,LNS13023570_diff_lag_1,0.19999981,0
2012-04-01,LNS13023570_diff_lag_1,0.09999943,0
2012-05-01,LNS13023570_diff_lag_1,-0.09999943,0
2012-06-01,LNS13023570_diff_lag_1,-0.3000002,0
2012-07-01,LNS13023570_diff_lag_1,-0.19999981,0
2012-08-01,LNS13023570_diff_lag_1,-0.10000038,0
2012-09-01,LNS13023570_diff_lag_1,0.19999981,0
2012-10-01,LNS13023570_diff_lag_1,0.3000002,0
2012-11-01,LNS13023570_diff_lag_1,0.40000057,0
2012-12-01,LNS13023570_diff_lag_1,-0.70000076,0
2013-01-01,LNS13023570_diff_lag_1,-0.09999943,0
2013-02-01,LNS13023570_diff_lag_1,0.19999981,0
2013-03-01,LNS13023570_diff_lag_1,0.6000004,0
2013-04-01,LNS13023570_diff_lag_1,0.0,0
2013-05-01,LNS13023570_diff_lag_1,-0.20000076,0
2013-06-01,LNS13023570_diff_lag_1,-0.29999924,0
2013-07-01,LNS13023570_diff_lag_1,0.5,0
2013-08-01,LNS13023570_diff_lag_1,0.39999962,0
2013-09-01,LNS13023570_diff_lag_1,-0.6999998,0
2013-10-01,LNS13023570_diff_lag_1,-0.10000038,0
2013-11-01,LNS13023570_diff_lag_1,0.0,0
2013-12-01,LNS13023570_diff_lag_1,0.6999998,0
2014-01-01,LNS13023570_diff_lag_1,0.0,0
2014-02-01,LNS13023570_diff_lag_1,0.20000076,0
2014-03-01,LNS13023570_diff_lag_1,-0.3000002,0
2014-04-01,LNS13023570_diff_lag_1,-0.10000038,0
2014-05-01,LNS13023570_diff_lag_1,-0.3000002,0
2014-06-01,LNS13023570_diff_lag_1,0.0,0
2014-07-01,LNS13023570_diff_lag_1,0.5,0
2014-08-01,LNS13023570_diff_lag_1,-0.39999962,0
2014-09-01,LNS13023570_diff_lag_1,0.8999996,0
2014-10-01,LNS13023570_diff_lag_1,-0.09999943,0
2014-11-01,LNS13023570_diff_lag_1,-0.3000002,0
2014-12-01,LNS13023570_diff_lag_1,-0.5,0
2015-01-01,LNS13023570_diff_lag_1,0.39999962,0
2015-02-01,LNS13023570_diff_lag_1,-0.5999994,0
2015-03-01,LNS13023570_diff_lag_1,-1.1000004,0
2015-04-01,LNS13023570_diff_lag_1,0.5,0
2015-05-01,LNS13023570_diff_lag_1,0.9000006,0
2015-06-01,LNS13023570_diff_lag_1,-0.20000076,0
2015-07-01,LNS13023570_diff_lag_1,-0.6999998,0
2015-08-01,LNS13023570_diff_lag_1,0.40000057,0
2015-09-01,LNS13023570_diff_lag_1,0.0,0
2015-10-01,LNS13023570_diff_lag_1,-0.3000002,0
2015-11-01,LNS13023570_diff_lag_1,0.5,0
2015-12-01,LNS13023570_diff_lag_1,0.0,0
2016-01-01,LNS13023570_diff_lag_1,-0.40000057,0
2016-02-01,LNS13023570_diff_lag_1,0.10000038,0
2016-03-01,LNS13023570_diff_lag_1,-0.6000004,0
2016-04-01,LNS13023570_diff_lag_1,0.8000002,0
2016-05-01,LNS13023570_diff_lag_1,1.0,0
2016-06-01,LNS13023570_diff_lag_1,-0.19999981,0
2016-07-01,LNS13023570_diff_lag_1,-0.8000002,0
2016-08-01,LNS13023570_diff_lag_1,0.40000057,0
2016-09-01,LNS13023570_diff_lag_1,-1.1000004,0
2016-10-01,LNS13023570_diff_lag_1,0.19999981,0
2016-11-01,LNS13023570_diff_lag_1,-0.3000002,0
2016-12-01,LNS13023570_diff_lag_1,0.40000057,0
2017-01-01,LNS13023570_diff_lag_1,0.19999981,0
2017-02-01,LNS13023570_diff_lag_1,-0.39999962,0
2017-03-01,LNS13023570_diff_lag_1,1.0,0
2017-04-01,LNS13023570_diff_lag_1,-1.1000004,0
2017-05-01,LNS13023570_diff_lag_1,-0.39999962,0
2017-06-01,LNS13023570_diff_lag_1,0.19999981,0
2017-07-01,LNS13023570_diff_lag_1,0.3000002,0
2017-08-01,LNS13023570_diff_lag_1,-0.9000006,0
2017-09-01,LNS13023570_diff_lag_1,0.5,0
2017-10-01,LNS13023570_diff_lag_1,-0.3000002,0
2017-11-01,LNS13023570_diff_lag_1,1.2000008,0
2017-12-01,LNS13023570_diff_lag_1,-1.9000006,0
2018-01-01,LNS13023570_diff_lag_1,1.0,0
2018-02-01,LNS13023570_diff_lag_1,0.8000002,0
2018-03-01,LNS13023570_diff_lag_1,-1.1000004,0
2018-04-01,LNS13023570_diff_lag_1,0.20000076,0
2018-05-01,LNS13023570_diff_lag_1,-0.40000057,0
2018-06-01,LNS13023570_diff_lag_1,-0.3000002,0
2018-07-01,LNS13023570_diff_lag_1,0.6000004,0
2018-08-01,LNS13023570_diff_lag_1,0.0,0
2018-09-01,LNS13023570_diff_lag_1,0.3000002,0
2018-10-01,LNS13023570_diff_lag_1,0.09999943,0
2018-11-01,LNS13023570_diff_lag_1,-0.29999924,0
2018-12-01,LNS13023570_diff_lag_1,-0.3000002,0
2019-01-01,LNS13023570_diff_lag_1,0.09999943,0
2019-02-01,LNS13023570_diff_lag_1,0.6000004,0
2019-03-01,LNS13023570_diff_lag_1,-0.19999981,0
2019-04-01,LNS13023570_diff_lag_1,-0.6999998,0
2000-01-01,STLPPMMID,0.8227252,0
2000-02-01,STLPPMMID,0.7504865,0
2000-03-01,STLPPMMID,0.71893275,0
2000-04-01,STLPPMMID,0.39576834,0
2000-05-01,STLPPMMID,0.68304884,0
2000-06-01,STLPPMMID,0.6564189,0
2000-07-01,STLPPMMID,0.6441635,0
2000-08-01,STLPPMMID,0.6011734,0
2000-09-01,STLPPMMID,0.7410734,0
2000-10-01,STLPPMMID,0.48240817,0
2000-11-01,STLPPMMID,0.71709913,0
2000-12-01,STLPPMMID,0.65423506,0
2001-01-01,STLPPMMID,0.72409874,0
2001-02-01,STLPPMMID,0.5745194,0
2001-03-01,STLPPMMID,0.7912697,0
2001-04-01,STLPPMMID,0.5233169,0
2001-05-01,STLPPMMID,0.8291969,0
2001-06-01,STLPPMMID,0.7424869,0
2001-07-01,STLPPMMID,0.7998819,0
2001-08-01,STLPPMMID,0.76352376,0
2001-09-01,STLPPMMID,0.7995382,0
2001-10-01,STLPPMMID,0.450342,0
2001-11-01,STLPPMMID,0.2990317,0
2001-12-01,STLPPMMID,0.43845046,0
2002-01-01,STLPPMMID,0.16428389,0
2002-02-01,STLPPMMID,0.06421385,0
2002-03-01,STLPPMMID,0.11911505,0
2002-04-01,STLPPMMID,0.30566934,0
2002-05-01,STLPPMMID,0.3111263,0
2002-06-01,STLPPMMID,0.19976294,0
2002-07-01,STLPPMMID,0.21423063,0
2002-08-01,STLPPMMID,0.24761344,0
2002-09-01,STLPPMMID,0.22957025,0
2002-10-01,STLPPMMID,0.5858225,0
2002-11-01,STLPPMMID,0.64310956,0
2002-12-01,STLPPMMID,0.5586776,0
2003-01-01,STLPPMMID,0.69990814,0
2003-02-01,STLPPMMID,0.74165255,0
2003-03-01,STLPPMMID,0.67223555,0
2003-04-01,STLPPMMID,0.6327547,0
2003-05-01,STLPPMMID,0.13189574,0
2003-06-01,STLPPMMID,0.08230271,0
2003-07-01,STLPPMMID,0.24913944,0
2003-08-01,STLPPMMID,0.70633936,0
2003-09-01,STLPPMMID,0.6720715,0
2003-10-01,STLPPMMID,0.51526016,0
2003-11-01,STLPPMMID,0.54377824,0
2003-12-01,STLPPMMID,0.65411013,0
2004-01-01,STLPPMMID,0.8604369,0
2004-02-01,STLPPMMID,0.85690224,0
2004-03-01,STLPPMMID,0.8244379,0
2004-04-01,STLPPMMID,0.7126683,0
2004-05-01,STLPPMMID,0.7697344,0
2004-06-01,STLPPMMID,0.5102713,0
2004-07-01,STLPPMMID,0.6022576,0
2004-08-01,STLPPMMID,0.6649674,0
2004-09-01,STLPPMMID,0.7933257,0
2004-10-01,STLPPMMID,0.8192721,0
2004-11-01,STLPPMMID,0.67416555,0
2004-12-01,STLPPMMID,0.3252902,0
2005-01-01,STLPPMMID,0.47836307,0
2005-02-01,STLPPMMID,0.55950534,0
2005-03-01,STLPPMMID,0.57567096,0
2005-04-01,STLPPMMID,0.08168583,0
2005-05-01,STLPPMMID,0.30563837,0
2005-06-01,STLPPMMID,0.72497773,0
2005-07-01,STLPPMMID,0.7835324,0
2005-08-01,STLPPMMID,0.4972926,0
2005-09-01,STLPPMMID,0.16618472,0
2005-10-01,STLPPMMID,0.00226168,0
2005-11-01,STLPPMMID,0.06505568,0
2005-12-01,STLPPMMID,0.5055669,0
2006-01-01,STLPPMMID,0.38109314,0
2006-02-01,STLPPMMID,0.07150745,0
2006-03-01,STLPPMMID,0.41060743,0
2006-04-01,STLPPMMID,0.35326424,0
2006-05-01,STLPPMMID,0.07656365,0
2006-06-01,STLPPMMID,0.0077515,0
2006-07-01,STLPPMMID,0.2073099,0
2006-08-01,STLPPMMID,0.25275236,0
2006-09-01,STLPPMMID,0.1617345,0
2006-10-01,STLPPMMID,0.701375,0
2006-11-01,STLPPMMID,0.48519123,0
2006-12-01,STLPPMMID,0.8182476,0
2007-01-01,STLPPMMID,0.8156511,0
2007-02-01,STLPPMMID,0.8175681,0
2007-03-01,STLPPMMID,0.6872022,0
2007-04-01,STLPPMMID,0.6731267,0
2007-05-01,STLPPMMID,0.8029301,0
2007-06-01,STLPPMMID,0.7287385,0
2007-07-01,STLPPMMID,0.7446594,0
2007-08-01,STLPPMMID,0.7024952,0
2007-09-01,STLPPMMID,0.5499645,0
2007-10-01,STLPPMMID,0.7210342,0
2007-11-01,STLPPMMID,0.66779524,0
2007-12-01,STLPPMMID,0.5996178,0
2008-01-01,STLPPMMID,0.48443872,0
2008-02-01,STLPPMMID,0.45592543,0
2008-03-01,STLPPMMID,0.46943668,0
2008-04-01,STLPPMMID,0.57316387,0
2008-05-01,STLPPMMID,0.47075975,0
2008-06-01,STLPPMMID,0.5959716,0
2008-07-01,STLPPMMID,0.4081554,0
2008-08-01,STLPPMMID,0.39726314,0
2008-09-01,STLPPMMID,0.42385557,0
2008-10-01,STLPPMMID,0.40404645,0
2008-11-01,STLPPMMID,0.27997985,0
2008-12-01,STLPPMMID,0.01723068,0
2009-01-01,STLPPMMID,0.00983343,0
2009-02-01,STLPPMMID,0.1642362,0
2009-03-01,STLPPMMID,0.08546733,0
2009-04-01,STLPPMMID,0.00893993,0
2009-05-01,STLPPMMID,0.06219837,0
2009-06-01,STLPPMMID,0.02382731,0
2009-07-01,STLPPMMID,0.10655928,0
2009-08-01,STLPPMMID,0.0048564,0
2009-09-01,STLPPMMID,0.00933631,0
2009-10-01,STLPPMMID,0.01597188,0
2009-11-01,STLPPMMID,0.06845444,0
2009-12-01,STLPPMMID,0.7627868,0
2010-01-01,STLPPMMID,0.65241086,0
2010-02-01,STLPPMMID,0.5717122,0
2010-03-01,STLPPMMID,0.51670086,0
2010-04-01,STLPPMMID,0.57978207,0
2010-05-01,STLPPMMID,0.59378034,0
2010-06-01,STLPPMMID,0.6056241,0
2010-07-01,STLPPMMID,0.21855284,0
2010-08-01,STLPPMMID,0.3774405,0
2010-09-01,STLPPMMID,0.4459623,0
2010-10-01,STLPPMMID,0.32138562,0
2010-11-01,STLPPMMID,0.42745522,0
2010-12-01,STLPPMMID,0.2141388,0
2011-01-01,STLPPMMID,0.3649023,0
2011-02-01,STLPPMMID,0.5667189,0
2011-03-01,STLPPMMID,0.6220389,0
2011-04-01,STLPPMMID,0.6593458,0
2011-05-01,STLPPMMID,0.5732073,0
2011-06-01,STLPPMMID,0.50911176,0
2011-07-01,STLPPMMID,0.51926494,0
2011-08-01,STLPPMMID,0.48251048,0
2011-09-01,STLPPMMID,0.43524528,0
2011-10-01,STLPPMMID,0.45971343,0
2011-11-01,STLPPMMID,0.4835726,0
2011-12-01,STLPPMMID,0.5197773,0
2012-01-01,STLPPMMID,0.5431563,0
2012-02-01,STLPPMMID,0.43220797,0
2012-03-01,STLPPMMID,0.5049818,0
2012-04-01,STLPPMMID,0.5485636,0
2012-05-01,STLPPMMID,0.6289674,0
2012-06-01,STLPPMMID,0.57913965,0
2012-07-01,STLPPMMID,0.5103975,0
2012-08-01,STLPPMMID,0.5322159,0
2012-09-01,STLPPMMID,0.5704967,0
2012-10-01,STLPPMMID,0.6189689,0
2012-11-01,STLPPMMID,0.6381502,0
2012-12-01,STLPPMMID,0.5812418,0
2013-01-01,STLPPMMID,0.5611035,0
2013-02-01,STLPPMMID,0.55873984,0
2013-03-01,STLPPMMID,0.62696326,0
2013-04-01,STLPPMMID,0.5117342,0
2013-05-01,STLPPMMID,0.37011907,0
2013-06-01,STLPPMMID,0.44947696,0
2013-07-01,STLPPMMID,0.570391,0
2013-08-01,STLPPMMID,0.637198,0
2013-09-01,STLPPMMID,0.575794,0
2013-10-01,STLPPMMID,0.4314287,0
2013-11-01,STLPPMMID,0.35866952,0
2013-12-01,STLPPMMID,0.4989479,0
2014-01-01,STLPPMMID,0.52612156,0
2014-02-01,STLPPMMID,0.5130806,0
2014-03-01,STLPPMMID,0.42582494,0
2014-04-01,STLPPMMID,0.60320926,0
2014-05-01,STLPPMMID,0.64926374,0
2014-06-01,STLPPMMID,0.6468286,0
2014-07-01,STLPPMMID,0.5587216,0
2014-08-01,STLPPMMID,0.62221277,0
2014-09-01,STLPPMMID,0.51563853,0
2014-10-01,STLPPMMID,0.53089225,0
2014-11-01,STLPPMMID,0.41561824,0
2014-12-01,STLPPMMID,0.25470093,0
2015-01-01,STLPPMMID,0.1815327,0
2015-02-01,STLPPMMID,0.08746519,0
2015-03-01,STLPPMMID,0.1857734,0
2015-04-01,STLPPMMID,0.25093764,0
2015-05-01,STLPPMMID,0.21432969,0
2015-06-01,STLPPMMID,0.285884,0
2015-07-01,STLPPMMID,0.26814353,0
2015-08-01,STLPPMMID,0.18080676,0
2015-09-01,STLPPMMID,0.1508169,0
2015-10-01,STLPPMMID,0.18616042,0
2015-11-01,STLPPMMID,0.16671413,0
2015-12-01,STLPPMMID,0.1377592,0
2016-01-01,STLPPMMID,0.13877378,0
2016-02-01,STLPPMMID,0.24472135,0
2016-03-01,STLPPMMID,0.31838122,0
2016-04-01,STLPPMMID,0.33884183,0
2016-05-01,STLPPMMID,0.48733228,0
2016-06-01,STLPPMMID,0.46339202,0
2016-07-01,STLPPMMID,0.47446615,0
2016-08-01,STLPPMMID,0.46609405,0
2016-09-01,STLPPMMID,0.43366545,0
2016-10-01,STLPPMMID,0.4698486,0
2016-11-01,STLPPMMID,0.5487528,0
2016-12-01,STLPPMMID,0.5146284,0
2017-01-01,STLPPMMID,0.6392785,0
2017-02-01,STLPPMMID,0.67358977,0
2017-03-01,STLPPMMID,0.6835476,0
2017-04-01,STLPPMMID,0.6171251,0
2017-05-01,STLPPMMID,0.6092415,0
2017-06-01,STLPPMMID,0.5987592,0
2017-07-01,STLPPMMID,0.5874966,0
2017-08-01,STLPPMMID,0.49717924,0
2017-09-01,STLPPMMID,0.6099064,0
2017-10-01,STLPPMMID,0.6654228,0
2017-11-01,STLPPMMID,0.6291919,0
2017-12-01,STLPPMMID,0.66250294,0
2018-01-01,STLPPMMID,0.6700227,0
2018-02-01,STLPPMMID,0.70237106,0
2018-03-01,STLPPMMID,0.6801894,0
2018-04-01,STLPPMMID,0.6953482,0
2018-05-01,STLPPMMID,0.70609117,0
2018-06-01,STLPPMMID,0.64751685,0
2018-07-01,STLPPMMID,0.6856574,0
2018-08-01,STLPPMMID,0.65663344,0
2018-09-01,STLPPMMID,0.5861704,0
2018-10-01,STLPPMMID,0.67017955,0
2018-11-01,STLPPMMID,0.6838861,0
2018-12-01,STLPPMMID,0.6108542,0
2019-01-01,STLPPMMID,0.48068395,0
2019-02-01,STLPPMMID,0.59396034,0
2019-03-01,STLPPMMID,0.54250896,0
2019-04-01,STLPPMMID,0.6490144,0
2000-01-01,CES1021000001_diff_lag_2,-0.2000122,0
2000-02-01,CES1021000001_diff_lag_2,0.6000366,0
2000-03-01,CES1021000001_diff_lag_2,1.5,0
2000-04-01,CES1021000001_diff_lag_2,3.7999878,0
2000-05-01,CES1021000001_diff_lag_2,6.9000244,0
2000-06-01,CES1021000001_diff_lag_2,2.2999878,0
2000-07-01,CES1021000001_diff_lag_2,0.7000122,0
2000-08-01,CES1021000001_diff_lag_2,2.2000122,0
2000-09-01,CES1021000001_diff_lag_2,5.3999634,0
2000-10-01,CES1021000001_diff_lag_2,7.5999756,0
2000-11-01,CES1021000001_diff_lag_2,0.7000122,0
2000-12-01,CES1021000001_diff_lag_2,-2.5,0
2001-01-01,CES1021000001_diff_lag_2,1.7999878,0
2001-02-01,CES1021000001_diff_lag_2,5.5,0
2001-03-01,CES1021000001_diff_lag_2,6.5,0
2001-04-01,CES1021000001_diff_lag_2,3.2000122,0
2001-05-01,CES1021000001_diff_lag_2,0.5,0
2001-06-01,CES1021000001_diff_lag_2,0.4000244,0
2001-07-01,CES1021000001_diff_lag_2,1.1000366,0
2001-08-01,CES1021000001_diff_lag_2,-0.9000244,0
2001-09-01,CES1021000001_diff_lag_2,-2.6000366,0
2001-10-01,CES1021000001_diff_lag_2,-4.700012,0
2001-11-01,CES1021000001_diff_lag_2,-6.0,0
2001-12-01,CES1021000001_diff_lag_2,-3.7999878,0
2002-01-01,CES1021000001_diff_lag_2,0.2999878,0
2002-02-01,CES1021000001_diff_lag_2,-2.7000122,0
2002-03-01,CES1021000001_diff_lag_2,-11.199951,0
2002-04-01,CES1021000001_diff_lag_2,-7.799988,0
2002-05-01,CES1021000001_diff_lag_2,-5.0000305,0
2002-06-01,CES1021000001_diff_lag_2,-6.399994,0
2002-07-01,CES1021000001_diff_lag_2,-4.299988,0
2002-08-01,CES1021000001_diff_lag_2,-1.7000122,0
2002-09-01,CES1021000001_diff_lag_2,-1.7000122,0
2002-10-01,CES1021000001_diff_lag_2,-0.7999878,0
2002-11-01,CES1021000001_diff_lag_2,0.6000061,0
2002-12-01,CES1021000001_diff_lag_2,-0.2000122,0
2003-01-01,CES1021000001_diff_lag_2,-1.0,0
2003-02-01,CES1021000001_diff_lag_2,-1.7999878,0
2003-03-01,CES1021000001_diff_lag_2,-4.5,0
2003-04-01,CES1021000001_diff_lag_2,-6.600006,0
2003-05-01,CES1021000001_diff_lag_2,-1.0,0
2003-06-01,CES1021000001_diff_lag_2,3.2999878,0
2003-07-01,CES1021000001_diff_lag_2,2.2000122,0
2003-08-01,CES1021000001_diff_lag_2,-0.19998169,0
2003-09-01,CES1021000001_diff_lag_2,-0.7000122,0
2003-10-01,CES1021000001_diff_lag_2,2.399994,0
2003-11-01,CES1021000001_diff_lag_2,3.7000122,0
2003-12-01,CES1021000001_diff_lag_2,3.399994,0
2004-01-01,CES1021000001_diff_lag_2,3.899994,0
2004-02-01,CES1021000001_diff_lag_2,3.0,0
2004-03-01,CES1021000001_diff_lag_2,6.100006,0
2004-04-01,CES1021000001_diff_lag_2,7.8000183,0
2004-05-01,CES1021000001_diff_lag_2,7.0999756,0
2004-06-01,CES1021000001_diff_lag_2,4.700012,0
2004-07-01,CES1021000001_diff_lag_2,3.7000122,0
2004-08-01,CES1021000001_diff_lag_2,5.799988,0
2004-09-01,CES1021000001_diff_lag_2,3.2999878,0
2004-10-01,CES1021000001_diff_lag_2,-0.9000244,0
2004-11-01,CES1021000001_diff_lag_2,2.6000366,0
2004-12-01,CES1021000001_diff_lag_2,7.0,0
2005-01-01,CES1021000001_diff_lag_2,7.3999634,0
2005-02-01,CES1021000001_diff_lag_2,9.700012,0
2005-03-01,CES1021000001_diff_lag_2,9.299988,0
2005-04-01,CES1021000001_diff_lag_2,11.299988,0
2005-05-01,CES1021000001_diff_lag_2,8.800049,0
2005-06-01,CES1021000001_diff_lag_2,5.799988,0
2005-07-01,CES1021000001_diff_lag_2,3.2999878,0
2005-08-01,CES1021000001_diff_lag_2,3.9000244,0
2005-09-01,CES1021000001_diff_lag_2,9.700012,0
2005-10-01,CES1021000001_diff_lag_2,10.299988,0
2005-11-01,CES1021000001_diff_lag_2,11.199951,0
2005-12-01,CES1021000001_diff_lag_2,10.0,0
2006-01-01,CES1021000001_diff_lag_2,9.400024,0
2006-02-01,CES1021000001_diff_lag_2,11.5,0
2006-03-01,CES1021000001_diff_lag_2,11.900024,0
2006-04-01,CES1021000001_diff_lag_2,16.100037,0
2006-05-01,CES1021000001_diff_lag_2,11.399963,0
2006-06-01,CES1021000001_diff_lag_2,7.3999634,0
2006-07-01,CES1021000001_diff_lag_2,10.200012,0
2006-08-01,CES1021000001_diff_lag_2,8.0,0
2006-09-01,CES1021000001_diff_lag_2,6.5,0
2006-10-01,CES1021000001_diff_lag_2,7.9000244,0
2006-11-01,CES1021000001_diff_lag_2,7.0999756,0
2006-12-01,CES1021000001_diff_lag_2,6.0,0
2007-01-01,CES1021000001_diff_lag_2,6.0,0
2007-02-01,CES1021000001_diff_lag_2,7.0,0
2007-03-01,CES1021000001_diff_lag_2,9.5,0
2007-04-01,CES1021000001_diff_lag_2,8.200012,0
2007-05-01,CES1021000001_diff_lag_2,7.1000366,0
2007-06-01,CES1021000001_diff_lag_2,5.8999634,0
2007-07-01,CES1021000001_diff_lag_2,8.099976,0
2007-08-01,CES1021000001_diff_lag_2,4.799988,0
2007-09-01,CES1021000001_diff_lag_2,-0.8999634,0
2007-10-01,CES1021000001_diff_lag_2,1.3000488,0
2007-11-01,CES1021000001_diff_lag_2,8.299988,0
2007-12-01,CES1021000001_diff_lag_2,11.399963,0
2008-01-01,CES1021000001_diff_lag_2,11.099976,0
2008-02-01,CES1021000001_diff_lag_2,8.5,0
2008-03-01,CES1021000001_diff_lag_2,9.799988,0
2008-04-01,CES1021000001_diff_lag_2,6.700012,0
2008-05-01,CES1021000001_diff_lag_2,5.800049,0
2008-06-01,CES1021000001_diff_lag_2,14.700012,0
2008-07-01,CES1021000001_diff_lag_2,12.299988,0
2008-08-01,CES1021000001_diff_lag_2,12.200012,0
2008-09-01,CES1021000001_diff_lag_2,11.299988,0
2008-10-01,CES1021000001_diff_lag_2,2.5,0
2008-11-01,CES1021000001_diff_lag_2,-6.0999756,0
2008-12-01,CES1021000001_diff_lag_2,-9.5,0
2009-01-01,CES1021000001_diff_lag_2,-13.0,0
2009-02-01,CES1021000001_diff_lag_2,-21.5,0
2009-03-01,CES1021000001_diff_lag_2,-30.400024,0
2009-04-01,CES1021000001_diff_lag_2,-33.600037,0
2009-05-01,CES1021000001_diff_lag_2,-33.0,0
2009-06-01,CES1021000001_diff_lag_2,-24.899963,0
2009-07-01,CES1021000001_diff_lag_2,-15.5,0
2009-08-01,CES1021000001_diff_lag_2,-16.300049,0
2009-09-01,CES1021000001_diff_lag_2,-14.200012,0
2009-10-01,CES1021000001_diff_lag_2,-8.199951,0
2009-11-01,CES1021000001_diff_lag_2,0.2000122,0
2009-12-01,CES1021000001_diff_lag_2,2.6999512,0
2010-01-01,CES1021000001_diff_lag_2,4.5999756,0
2010-02-01,CES1021000001_diff_lag_2,10.700012,0
2010-03-01,CES1021000001_diff_lag_2,12.100037,0
2010-04-01,CES1021000001_diff_lag_2,11.100037,0
2010-05-01,CES1021000001_diff_lag_2,14.5,0
2010-06-01,CES1021000001_diff_lag_2,15.0,0
2010-07-01,CES1021000001_diff_lag_2,11.799988,0
2010-08-01,CES1021000001_diff_lag_2,14.5,0
2010-09-01,CES1021000001_diff_lag_2,15.599976,0
2010-10-01,CES1021000001_diff_lag_2,15.699951,0
2010-11-01,CES1021000001_diff_lag_2,14.400024,0
2010-12-01,CES1021000001_diff_lag_2,4.700012,0
2011-01-01,CES1021000001_diff_lag_2,-1.0,0
2011-02-01,CES1021000001_diff_lag_2,3.2000122,0
2011-03-01,CES1021000001_diff_lag_2,16.700012,0
2011-04-01,CES1021000001_diff_lag_2,30.400024,0
2011-05-01,CES1021000001_diff_lag_2,26.700012,0
2011-06-01,CES1021000001_diff_lag_2,22.299988,0
2011-07-01,CES1021000001_diff_lag_2,22.299988,0
2011-08-01,CES1021000001_diff_lag_2,14.5,0
2011-09-01,CES1021000001_diff_lag_2,13.299988,0
2011-10-01,CES1021000001_diff_lag_2,16.099976,0
2011-11-01,CES1021000001_diff_lag_2,9.599976,0
2011-12-01,CES1021000001_diff_lag_2,9.100037,0
2012-01-01,CES1021000001_diff_lag_2,14.0,0
2012-02-01,CES1021000001_diff_lag_2,14.099976,0
2012-03-01,CES1021000001_diff_lag_2,9.900024,0
2012-04-01,CES1021000001_diff_lag_2,6.0,0
2012-05-01,CES1021000001_diff_lag_2,4.700012,0
2012-06-01,CES1021000001_diff_lag_2,1.5,0
2012-07-01,CES1021000001_diff_lag_2,-3.5,0
2012-08-01,CES1021000001_diff_lag_2,-3.7999878,0
2012-09-01,CES1021000001_diff_lag_2,-5.799988,0
2012-10-01,CES1021000001_diff_lag_2,-13.700012,0
2012-11-01,CES1021000001_diff_lag_2,-2.3000488,0
2012-12-01,CES1021000001_diff_lag_2,10.900024,0
2013-01-01,CES1021000001_diff_lag_2,8.300049,0
2013-02-01,CES1021000001_diff_lag_2,10.299988,0
2013-03-01,CES1021000001_diff_lag_2,7.5999756,0
2013-04-01,CES1021000001_diff_lag_2,-1.2999878,0
2013-05-01,CES1021000001_diff_lag_2,2.0,0
2013-06-01,CES1021000001_diff_lag_2,7.0999756,0
2013-07-01,CES1021000001_diff_lag_2,1.5999756,0
2013-08-01,CES1021000001_diff_lag_2,0.0,0
2013-09-01,CES1021000001_diff_lag_2,4.4000244,0
2013-10-01,CES1021000001_diff_lag_2,4.9000244,0
2013-11-01,CES1021000001_diff_lag_2,-0.7000122,0
2013-12-01,CES1021000001_diff_lag_2,-4.1000366,0
2014-01-01,CES1021000001_diff_lag_2,2.4000244,0
2014-02-01,CES1021000001_diff_lag_2,9.700012,0
2014-03-01,CES1021000001_diff_lag_2,9.200012,0
2014-04-01,CES1021000001_diff_lag_2,11.599976,0
2014-05-01,CES1021000001_diff_lag_2,9.0,0
2014-06-01,CES1021000001_diff_lag_2,5.4000244,0
2014-07-01,CES1021000001_diff_lag_2,9.799988,0
2014-08-01,CES1021000001_diff_lag_2,6.0,0
2014-09-01,CES1021000001_diff_lag_2,5.299988,0
2014-10-01,CES1021000001_diff_lag_2,2.5999756,0
2014-11-01,CES1021000001_diff_lag_2,-4.0,0
2014-12-01,CES1021000001_diff_lag_2,-5.199951,0
2015-01-01,CES1021000001_diff_lag_2,-12.700012,0
2015-02-01,CES1021000001_diff_lag_2,-21.0,0
2015-03-01,CES1021000001_diff_lag_2,-28.200012,0
2015-04-01,CES1021000001_diff_lag_2,-31.900024,0
2015-05-01,CES1021000001_diff_lag_2,-38.19995,0
2015-06-01,CES1021000001_diff_lag_2,-26.099976,0
2015-07-01,CES1021000001_diff_lag_2,-14.900024,0
2015-08-01,CES1021000001_diff_lag_2,-23.100037,0
2015-09-01,CES1021000001_diff_lag_2,-26.900024,0
2015-10-01,CES1021000001_diff_lag_2,-22.099976,0
2015-11-01,CES1021000001_diff_lag_2,-21.799988,0
2015-12-01,CES1021000001_diff_lag_2,-25.5,0
2016-01-01,CES1021000001_diff_lag_2,-25.299988,0
2016-02-01,CES1021000001_diff_lag_2,-35.5,0
2016-03-01,CES1021000001_diff_lag_2,-40.299988,0
2016-04-01,CES1021000001_diff_lag_2,-31.5,0
2016-05-01,CES1021000001_diff_lag_2,-23.700012,0
2016-06-01,CES1021000001_diff_lag_2,-21.799988,0
2016-07-01,CES1021000001_diff_lag_2,-14.299988,0
2016-08-01,CES1021000001_diff_lag_2,-7.800049,0
2016-09-01,CES1021000001_diff_lag_2,-4.799988,0
2016-10-01,CES1021000001_diff_lag_2,-3.7999878,0
2016-11-01,CES1021000001_diff_lag_2,1.1999512,0
2016-12-01,CES1021000001_diff_lag_2,3.5,0
2017-01-01,CES1021000001_diff_lag_2,2.4000244,0
2017-02-01,CES1021000001_diff_lag_2,8.100037,0
2017-03-01,CES1021000001_diff_lag_2,10.799988,0
2017-04-01,CES1021000001_diff_lag_2,14.099976,0
2017-05-01,CES1021000001_diff_lag_2,13.600037,0
2017-06-01,CES1021000001_diff_lag_2,8.400024,0
2017-07-01,CES1021000001_diff_lag_2,6.0999756,0
2017-08-01,CES1021000001_diff_lag_2,8.399963,0
2017-09-01,CES1021000001_diff_lag_2,7.700012,0
2017-10-01,CES1021000001_diff_lag_2,2.7000122,0
2017-11-01,CES1021000001_diff_lag_2,4.700012,0
2017-12-01,CES1021000001_diff_lag_2,3.5999756,0
2018-01-01,CES1021000001_diff_lag_2,6.3999634,0
2018-02-01,CES1021000001_diff_lag_2,13.200012,0
2018-03-01,CES1021000001_diff_lag_2,15.200012,0
2018-04-01,CES1021000001_diff_lag_2,17.5,0
2018-05-01,CES1021000001_diff_lag_2,14.0,0
2018-06-01,CES1021000001_diff_lag_2,13.299988,0
2018-07-01,CES1021000001_diff_lag_2,7.9000244,0
2018-08-01,CES1021000001_diff_lag_2,7.9000244,0
2018-09-01,CES1021000001_diff_lag_2,11.799988,0
2018-10-01,CES1021000001_diff_lag_2,9.599976,0
2018-11-01,CES1021000001_diff_lag_2,3.2999878,0
2018-12-01,CES1021000001_diff_lag_2,1.5,0
2019-01-01,CES1021000001_diff_lag_2,9.299988,0
2019-02-01,CES1021000001_diff_lag_2,3.4000244,0
2019-03-01,CES1021000001_diff_lag_2,-0.5,0
2019-04-01,CES1021000001_diff_lag_2,2.0999756,0
2000-01-01,MTSR133FMS_diff_lag_1,-11718.0,0
2000-02-01,MTSR133FMS_diff_lag_1,-80803.0,0
2000-03-01,MTSR133FMS_diff_lag_1,26907.0,0
2000-04-01,MTSR133FMS_diff_lag_1,159569.0,0
2000-05-01,MTSR133FMS_diff_lag_1,-149149.0,0
2000-06-01,MTSR133FMS_diff_lag_1,68873.0,0
2000-07-01,MTSR133FMS_diff_lag_1,-80801.0,0
2000-08-01,MTSR133FMS_diff_lag_1,4054.0,0
2000-09-01,MTSR133FMS_diff_lag_1,81362.0,0
2000-10-01,MTSR133FMS_diff_lag_1,-83654.0,0
2000-11-01,MTSR133FMS_diff_lag_1,-10170.0,0
2000-12-01,MTSR133FMS_diff_lag_1,74823.0,0
2001-01-01,MTSR133FMS_diff_lag_1,18726.0,0
2001-02-01,MTSR133FMS_diff_lag_1,-108734.0,0
2001-03-01,MTSR133FMS_diff_lag_1,19593.0,0
2001-04-01,MTSR133FMS_diff_lag_1,201722.0,0
2001-05-01,MTSR133FMS_diff_lag_1,-206206.0,0
2001-06-01,MTSR133FMS_diff_lag_1,77297.0,0
2001-07-01,MTSR133FMS_diff_lag_1,-75045.0,0
2001-08-01,MTSR133FMS_diff_lag_1,-5283.0,0
2001-09-01,MTSR133FMS_diff_lag_1,36052.0,0
2001-10-01,MTSR133FMS_diff_lag_1,-1448.0,0
2001-11-01,MTSR133FMS_diff_lag_1,-35930.0,0
2001-12-01,MTSR133FMS_diff_lag_1,66681.0,0
2002-01-01,MTSR133FMS_diff_lag_1,15538.0,0
2002-02-01,MTSR133FMS_diff_lag_1,-105490.0,0
2002-03-01,MTSR133FMS_diff_lag_1,13258.0,0
2002-04-01,MTSR133FMS_diff_lag_1,126206.0,0
2002-05-01,MTSR133FMS_diff_lag_1,-134930.0,0
2002-06-01,MTSR133FMS_diff_lag_1,80137.0,0
2002-07-01,MTSR133FMS_diff_lag_1,-48224.0,0
2002-08-01,MTSR133FMS_diff_lag_1,-9790.0,0
2002-09-01,MTSR133FMS_diff_lag_1,68079.0,0
2002-10-01,MTSR133FMS_diff_lag_1,-68155.0,0
2002-11-01,MTSR133FMS_diff_lag_1,-4526.0,0
2002-12-01,MTSR133FMS_diff_lag_1,62770.0,0
2003-01-01,MTSR133FMS_diff_lag_1,5097.0,0
2003-02-01,MTSR133FMS_diff_lag_1,-98407.0,0
2003-03-01,MTSR133FMS_diff_lag_1,30881.0,0
2003-04-01,MTSR133FMS_diff_lag_1,110802.0,0
2003-05-01,MTSR133FMS_diff_lag_1,-127749.0,0
2003-06-01,MTSR133FMS_diff_lag_1,89632.0,0
2003-07-01,MTSR133FMS_diff_lag_1,-69492.0,0
2003-08-01,MTSR133FMS_diff_lag_1,-9308.0,0
2003-09-01,MTSR133FMS_diff_lag_1,77389.0,0
2003-10-01,MTSR133FMS_diff_lag_1,-55807.0,0
2003-11-01,MTSR133FMS_diff_lag_1,-17618.0,0
2003-12-01,MTSR133FMS_diff_lag_1,68523.0,0
2004-01-01,MTSR133FMS_diff_lag_1,-1561.0,0
2004-02-01,MTSR133FMS_diff_lag_1,-93160.0,0
2004-03-01,MTSR133FMS_diff_lag_1,40416.0,0
2004-04-01,MTSR133FMS_diff_lag_1,87666.0,0
2004-05-01,MTSR133FMS_diff_lag_1,-104641.0,0
2004-06-01,MTSR133FMS_diff_lag_1,98932.0,0
2004-07-01,MTSR133FMS_diff_lag_1,-79967.0,0
2004-08-01,MTSR133FMS_diff_lag_1,3314.0,0
2004-09-01,MTSR133FMS_diff_lag_1,69622.0,0
2004-10-01,MTSR133FMS_diff_lag_1,-70455.0,0
2004-11-01,MTSR133FMS_diff_lag_1,-2349.0,0
2004-12-01,MTSR133FMS_diff_lag_1,81202.0,0
2005-01-01,MTSR133FMS_diff_lag_1,-13532.0,0
2005-02-01,MTSR133FMS_diff_lag_1,-101346.0,0
2005-03-01,MTSR133FMS_diff_lag_1,47888.0,0
2005-04-01,MTSR133FMS_diff_lag_1,128855.0,0
2005-05-01,MTSR133FMS_diff_lag_1,-124883.0,0
2005-06-01,MTSR133FMS_diff_lag_1,82077.0,0
2005-07-01,MTSR133FMS_diff_lag_1,-92716.0,0
2005-08-01,MTSR133FMS_diff_lag_1,13346.0,0
2005-09-01,MTSR133FMS_diff_lag_1,96190.0,0
2005-10-01,MTSR133FMS_diff_lag_1,-102140.0,0
2005-11-01,MTSR133FMS_diff_lag_1,-10648.0,0
2005-12-01,MTSR133FMS_diff_lag_1,103043.0,0
2006-01-01,MTSR133FMS_diff_lag_1,-11873.0,0
2006-02-01,MTSR133FMS_diff_lag_1,-117157.0,0
2006-03-01,MTSR133FMS_diff_lag_1,51710.0,0
2006-04-01,MTSR133FMS_diff_lag_1,150527.0,0
2006-05-01,MTSR133FMS_diff_lag_1,-122433.0,0
2006-06-01,MTSR133FMS_diff_lag_1,71698.0,0
2006-07-01,MTSR133FMS_diff_lag_1,-104594.0,0
2006-08-01,MTSR133FMS_diff_lag_1,-5883.0,0
2006-09-01,MTSR133FMS_diff_lag_1,129420.0,0
2006-10-01,MTSR133FMS_diff_lag_1,-115605.0,0
2006-11-01,MTSR133FMS_diff_lag_1,-21827.0,0
2006-12-01,MTSR133FMS_diff_lag_1,114103.0,0
2007-01-01,MTSR133FMS_diff_lag_1,640.0,0
2007-02-01,MTSR133FMS_diff_lag_1,-140297.0,0
2007-03-01,MTSR133FMS_diff_lag_1,46178.0,0
2007-04-01,MTSR133FMS_diff_lag_1,217151.0,0
2007-05-01,MTSR133FMS_diff_lag_1,-219402.0,0
2007-06-01,MTSR133FMS_diff_lag_1,112278.0,0
2007-07-01,MTSR133FMS_diff_lag_1,-106078.0,0
2007-08-01,MTSR133FMS_diff_lag_1,-3894.0,0
2007-09-01,MTSR133FMS_diff_lag_1,118809.0,0
2007-10-01,MTSR133FMS_diff_lag_1,-107179.0,0
2007-11-01,MTSR133FMS_diff_lag_1,-27120.0,0
2007-12-01,MTSR133FMS_diff_lag_1,125927.0,0
2008-01-01,MTSR133FMS_diff_lag_1,-21765.0,0
2008-02-01,MTSR133FMS_diff_lag_1,-149494.0,0
2008-03-01,MTSR133FMS_diff_lag_1,73093.0,0
2008-04-01,MTSR133FMS_diff_lag_1,224935.0,0
2008-05-01,MTSR133FMS_diff_lag_1,-279479.0,0
2008-06-01,MTSR133FMS_diff_lag_1,135640.0,0
2008-07-01,MTSR133FMS_diff_lag_1,-99418.0,0
2008-08-01,MTSR133FMS_diff_lag_1,-3478.0,0
2008-09-01,MTSR133FMS_diff_lag_1,115212.0,0
2008-10-01,MTSR133FMS_diff_lag_1,-107401.0,0
2008-11-01,MTSR133FMS_diff_lag_1,-20058.0,0
2008-12-01,MTSR133FMS_diff_lag_1,93017.0,0
2009-01-01,MTSR133FMS_diff_lag_1,-11696.0,0
2009-02-01,MTSR133FMS_diff_lag_1,-138778.0,0
2009-03-01,MTSR133FMS_diff_lag_1,41614.0,0
2009-04-01,MTSR133FMS_diff_lag_1,137280.0,0
2009-05-01,MTSR133FMS_diff_lag_1,-148989.0,0
2009-06-01,MTSR133FMS_diff_lag_1,98123.0,0
2009-07-01,MTSR133FMS_diff_lag_1,-63859.0,0
2009-08-01,MTSR133FMS_diff_lag_1,-5952.0,0
2009-09-01,MTSR133FMS_diff_lag_1,73351.0,0
2009-10-01,MTSR133FMS_diff_lag_1,-83587.0,0
2009-11-01,MTSR133FMS_diff_lag_1,-1730.0,0
2009-12-01,MTSR133FMS_diff_lag_1,85356.0,0
2010-01-01,MTSR133FMS_diff_lag_1,-13680.0,0
2010-02-01,MTSR133FMS_diff_lag_1,-97719.0,0
2010-03-01,MTSR133FMS_diff_lag_1,45838.0,0
2010-04-01,MTSR133FMS_diff_lag_1,91902.0,0
2010-05-01,MTSR133FMS_diff_lag_1,-98466.0,0
2010-06-01,MTSR133FMS_diff_lag_1,104254.0,0
2010-07-01,MTSR133FMS_diff_lag_1,-95502.0,0
2010-08-01,MTSR133FMS_diff_lag_1,8452.0,0
2010-09-01,MTSR133FMS_diff_lag_1,81209.0,0
2010-10-01,MTSR133FMS_diff_lag_1,-99256.0,0
2010-11-01,MTSR133FMS_diff_lag_1,3019.0,0
2010-12-01,MTSR133FMS_diff_lag_1,87905.0,0
2011-01-01,MTSR133FMS_diff_lag_1,-10325.0,0
2011-02-01,MTSR133FMS_diff_lag_1,-115894.0,0
2011-03-01,MTSR133FMS_diff_lag_1,40238.0,0
2011-04-01,MTSR133FMS_diff_lag_1,138649.0,0
2011-05-01,MTSR133FMS_diff_lag_1,-114607.0,0
2011-06-01,MTSR133FMS_diff_lag_1,74722.0,0
2011-07-01,MTSR133FMS_diff_lag_1,-90595.0,0
2011-08-01,MTSR133FMS_diff_lag_1,10183.0,0
2011-09-01,MTSR133FMS_diff_lag_1,70907.0,0
2011-10-01,MTSR133FMS_diff_lag_1,-77081.0,0
2011-11-01,MTSR133FMS_diff_lag_1,-10670.0,0
2011-12-01,MTSR133FMS_diff_lag_1,87561.0,0
2012-01-01,MTSR133FMS_diff_lag_1,-5644.0,0
2012-02-01,MTSR133FMS_diff_lag_1,-130906.0,0
2012-03-01,MTSR133FMS_diff_lag_1,67802.0,0
2012-04-01,MTSR133FMS_diff_lag_1,147592.0,0
2012-05-01,MTSR133FMS_diff_lag_1,-138094.0,0
2012-06-01,MTSR133FMS_diff_lag_1,79464.0,0
2012-07-01,MTSR133FMS_diff_lag_1,-75592.0,0
2012-08-01,MTSR133FMS_diff_lag_1,-5725.0,0
2012-09-01,MTSR133FMS_diff_lag_1,82706.0,0
2012-10-01,MTSR133FMS_diff_lag_1,-77250.0,0
2012-11-01,MTSR133FMS_diff_lag_1,-22586.0,0
2012-12-01,MTSR133FMS_diff_lag_1,107778.0,0
2013-01-01,MTSR133FMS_diff_lag_1,2717.0,0
2013-02-01,MTSR133FMS_diff_lag_1,-149410.0,0
2013-03-01,MTSR133FMS_diff_lag_1,63203.0,0
2013-04-01,MTSR133FMS_diff_lag_1,220705.0,0
2013-05-01,MTSR133FMS_diff_lag_1,-209541.0,0
2013-06-01,MTSR133FMS_diff_lag_1,89445.0,0
2013-07-01,MTSR133FMS_diff_lag_1,-86597.0,0
2013-08-01,MTSR133FMS_diff_lag_1,-14660.0,0
2013-09-01,MTSR133FMS_diff_lag_1,116099.0,0
2013-10-01,MTSR133FMS_diff_lag_1,-102542.0,0
2013-11-01,MTSR133FMS_diff_lag_1,-16474.0,0
2013-12-01,MTSR133FMS_diff_lag_1,102588.0,0
2014-01-01,MTSR133FMS_diff_lag_1,10956.0,0
2014-02-01,MTSR133FMS_diff_lag_1,-151648.0,0
2014-03-01,MTSR133FMS_diff_lag_1,71497.0,0
2014-04-01,MTSR133FMS_diff_lag_1,198391.0,0
2014-05-01,MTSR133FMS_diff_lag_1,-214348.0,0
2014-06-01,MTSR133FMS_diff_lag_1,123757.0,0
2014-07-01,MTSR133FMS_diff_lag_1,-109153.0,0
2014-08-01,MTSR133FMS_diff_lag_1,-20245.0,0
2014-09-01,MTSR133FMS_diff_lag_1,156997.0,0
2014-10-01,MTSR133FMS_diff_lag_1,-138526.0,0
2014-11-01,MTSR133FMS_diff_lag_1,-21283.0,0
2014-12-01,MTSR133FMS_diff_lag_1,143891.0,0
2015-01-01,MTSR133FMS_diff_lag_1,-28585.0,0
2015-02-01,MTSR133FMS_diff_lag_1,-167354.0,0
2015-03-01,MTSR133FMS_diff_lag_1,94799.0,0
2015-04-01,MTSR133FMS_diff_lag_1,237614.0,0
2015-05-01,MTSR133FMS_diff_lag_1,-259415.0,0
2015-06-01,MTSR133FMS_diff_lag_1,130547.0,0
2015-07-01,MTSR133FMS_diff_lag_1,-117440.0,0
2015-08-01,MTSR133FMS_diff_lag_1,-14656.0,0
2015-09-01,MTSR133FMS_diff_lag_1,154614.0,0
2015-10-01,MTSR133FMS_diff_lag_1,-154405.0,0
2015-11-01,MTSR133FMS_diff_lag_1,-6078.0,0
2015-12-01,MTSR133FMS_diff_lag_1,144663.0,0
2016-01-01,MTSR133FMS_diff_lag_1,-36052.0,0
2016-02-01,MTSR133FMS_diff_lag_1,-144432.0,0
2016-03-01,MTSR133FMS_diff_lag_1,58701.0,0
2016-04-01,MTSR133FMS_diff_lag_1,210584.0,0
2016-05-01,MTSR133FMS_diff_lag_1,-213829.0,0
2016-06-01,MTSR133FMS_diff_lag_1,104969.0,0
2016-07-01,MTSR133FMS_diff_lag_1,-119574.0,0
2016-08-01,MTSR133FMS_diff_lag_1,21329.0,0
2016-09-01,MTSR133FMS_diff_lag_1,125296.0,0
2016-10-01,MTSR133FMS_diff_lag_1,-134931.0,0
2016-11-01,MTSR133FMS_diff_lag_1,-21817.0,0
2016-12-01,MTSR133FMS_diff_lag_1,119329.0,0
2017-01-01,MTSR133FMS_diff_lag_1,24865.0,0
2017-02-01,MTSR133FMS_diff_lag_1,-172356.0,0
2017-03-01,MTSR133FMS_diff_lag_1,44871.0,0
2017-04-01,MTSR133FMS_diff_lag_1,239021.0,0
2017-05-01,MTSR133FMS_diff_lag_1,-215187.0,0
2017-06-01,MTSR133FMS_diff_lag_1,98242.0,0
2017-07-01,MTSR133FMS_diff_lag_1,-106620.0,0
2017-08-01,MTSR133FMS_diff_lag_1,-5729.0,0
2017-09-01,MTSR133FMS_diff_lag_1,122411.0,0
2017-10-01,MTSR133FMS_diff_lag_1,-113381.0,0
2017-11-01,MTSR133FMS_diff_lag_1,-26967.0,0
2017-12-01,MTSR133FMS_diff_lag_1,117423.0,0
2018-01-01,MTSR133FMS_diff_lag_1,35241.0,0
2018-02-01,MTSR133FMS_diff_lag_1,-205415.0,0
2018-03-01,MTSR133FMS_diff_lag_1,55209.0,0
2018-04-01,MTSR133FMS_diff_lag_1,299615.0,0
2018-05-01,MTSR133FMS_diff_lag_1,-293372.0,0
2018-06-01,MTSR133FMS_diff_lag_1,99203.0,0
2018-07-01,MTSR133FMS_diff_lag_1,-91012.0,0
2018-08-01,MTSR133FMS_diff_lag_1,-6151.0,0
2018-09-01,MTSR133FMS_diff_lag_1,124444.0,0
2018-10-01,MTSR133FMS_diff_lag_1,-90867.0,0
2018-11-01,MTSR133FMS_diff_lag_1,-46731.0,0
2018-12-01,MTSR133FMS_diff_lag_1,106623.0,0
2019-01-01,MTSR133FMS_diff_lag_1,27396.0,0
2019-02-01,MTSR133FMS_diff_lag_1,-172715.0,0
2019-03-01,MTSR133FMS_diff_lag_1,61546.0,0
2019-04-01,MTSR133FMS_diff_lag_1,306734.0,0
2000-01-01,USRECM_diff_lag_2,0.0,0
2000-02-01,USRECM_diff_lag_2,0.0,0
2000-03-01,USRECM_diff_lag_2,0.0,0
2000-04-01,USRECM_diff_lag_2,0.0,0
2000-05-01,USRECM_diff_lag_2,0.0,0
2000-06-01,USRECM_diff_lag_2,0.0,0
2000-07-01,USRECM_diff_lag_2,0.0,0
2000-08-01,USRECM_diff_lag_2,0.0,0
2000-09-01,USRECM_diff_lag_2,0.0,0
2000-10-01,USRECM_diff_lag_2,0.0,0
2000-11-01,USRECM_diff_lag_2,0.0,0
2000-12-01,USRECM_diff_lag_2,0.0,0
2001-01-01,USRECM_diff_lag_2,0.0,0
2001-02-01,USRECM_diff_lag_2,0.0,0
2001-03-01,USRECM_diff_lag_2,1.0,0
2001-04-01,USRECM_diff_lag_2,1.0,0
2001-05-01,USRECM_diff_lag_2,0.0,0
2001-06-01,USRECM_diff_lag_2,0.0,0
2001-07-01,USRECM_diff_lag_2,0.0,0
2001-08-01,USRECM_diff_lag_2,0.0,0
2001-09-01,USRECM_diff_lag_2,0.0,0
2001-10-01,USRECM_diff_lag_2,0.0,0
2001-11-01,USRECM_diff_lag_2,0.0,0
2001-12-01,USRECM_diff_lag_2,-1.0,0
2002-01-01,USRECM_diff_lag_2,-1.0,0
2002-02-01,USRECM_diff_lag_2,0.0,0
2002-03-01,USRECM_diff_lag_2,0.0,0
2002-04-01,USRECM_diff_lag_2,0.0,0
2002-05-01,USRECM_diff_lag_2,0.0,0
2002-06-01,USRECM_diff_lag_2,0.0,0
2002-07-01,USRECM_diff_lag_2,0.0,0
2002-08-01,USRECM_diff_lag_2,0.0,0
2002-09-01,USRECM_diff_lag_2,0.0,0
2002-10-01,USRECM_diff_lag_2,0.0,0
2002-11-01,USRECM_diff_lag_2,0.0,0
2002-12-01,USRECM_diff_lag_2,0.0,0
2003-01-01,USRECM_diff_lag_2,0.0,0
2003-02-01,USRECM_diff_lag_2,0.0,0
2003-03-01,USRECM_diff_lag_2,0.0,0
2003-04-01,USRECM_diff_lag_2,0.0,0
2003-05-01,USRECM_diff_lag_2,0.0,0
2003-06-01,USRECM_diff_lag_2,0.0,0
2003-07-01,USRECM_diff_lag_2,0.0,0
2003-08-01,USRECM_diff_lag_2,0.0,0
2003-09-01,USRECM_diff_lag_2,0.0,0
2003-10-01,USRECM_diff_lag_2,0.0,0
2003-11-01,USRECM_diff_lag_2,0.0,0
2003-12-01,USRECM_diff_lag_2,0.0,0
2004-01-01,USRECM_diff_lag_2,0.0,0
2004-02-01,USRECM_diff_lag_2,0.0,0
2004-03-01,USRECM_diff_lag_2,0.0,0
2004-04-01,USRECM_diff_lag_2,0.0,0
2004-05-01,USRECM_diff_lag_2,0.0,0
2004-06-01,USRECM_diff_lag_2,0.0,0
2004-07-01,USRECM_diff_lag_2,0.0,0
2004-08-01,USRECM_diff_lag_2,0.0,0
2004-09-01,USRECM_diff_lag_2,0.0,0
2004-10-01,USRECM_diff_lag_2,0.0,0
2004-11-01,USRECM_diff_lag_2,0.0,0
2004-12-01,USRECM_diff_lag_2,0.0,0
2005-01-01,USRECM_diff_lag_2,0.0,0
2005-02-01,USRECM_diff_lag_2,0.0,0
2005-03-01,USRECM_diff_lag_2,0.0,0
2005-04-01,USRECM_diff_lag_2,0.0,0
2005-05-01,USRECM_diff_lag_2,0.0,0
2005-06-01,USRECM_diff_lag_2,0.0,0
2005-07-01,USRECM_diff_lag_2,0.0,0
2005-08-01,USRECM_diff_lag_2,0.0,0
2005-09-01,USRECM_diff_lag_2,0.0,0
2005-10-01,USRECM_diff_lag_2,0.0,0
2005-11-01,USRECM_diff_lag_2,0.0,0
2005-12-01,USRECM_diff_lag_2,0.0,0
2006-01-01,USRECM_diff_lag_2,0.0,0
2006-02-01,USRECM_diff_lag_2,0.0,0
2006-03-01,USRECM_diff_lag_2,0.0,0
2006-04-01,USRECM_diff_lag_2,0.0,0
2006-05-01,USRECM_diff_lag_2,0.0,0
2006-06-01,USRECM_diff_lag_2,0.0,0
2006-07-01,USRECM_diff_lag_2,0.0,0
2006-08-01,USRECM_diff_lag_2,0.0,0
2006-09-01,USRECM_diff_lag_2,0.0,0
2006-10-01,USRECM_diff_lag_2,0.0,0
2006-11-01,USRECM_diff_lag_2,0.0,0
2006-12-01,USRECM_diff_lag_2,0.0,0
2007-01-01,USRECM_diff_lag_2,0.0,0
2007-02-01,USRECM_diff_lag_2,0.0,0
2007-03-01,USRECM_diff_lag_2,0.0,0
2007-04-01,USRECM_diff_lag_2,0.0,0
2007-05-01,USRECM_diff_lag_2,0.0,0
2007-06-01,USRECM_diff_lag_2,0.0,0
2007-07-01,USRECM_diff_lag_2,0.0,0
2007-08-01,USRECM_diff_lag_2,0.0,0
2007-09-01,USRECM_diff_lag_2,0.0,0
2007-10-01,USRECM_diff_lag_2,0.0,0
2007-11-01,USRECM_diff_lag_2,0.0,0
2007-12-01,USRECM_diff_lag_2,1.0,0
2008-01-01,USRECM_diff_lag_2,1.0,0
2008-02-01,USRECM_diff_lag_2,0.0,0
2008-03-01,USRECM_diff_lag_2,0.0,0
2008-04-01,USRECM_diff_lag_2,0.0,0
2008-05-01,USRECM_diff_lag_2,0.0,0
2008-06-01,USRECM_diff_lag_2,0.0,0
2008-07-01,USRECM_diff_lag_2,0.0,0
2008-08-01,USRECM_diff_lag_2,0.0,0
2008-09-01,USRECM_diff_lag_2,0.0,0
2008-10-01,USRECM_diff_lag_2,0.0,0
2008-11-01,USRECM_diff_lag_2,0.0,0
2008-12-01,USRECM_diff_lag_2,0.0,0
2009-01-01,USRECM_diff_lag_2,0.0,0
2009-02-01,USRECM_diff_lag_2,0.0,0
2009-03-01,USRECM_diff_lag_2,0.0,0
2009-04-01,USRECM_diff_lag_2,0.0,0
2009-05-01,USRECM_diff_lag_2,0.0,0
2009-06-01,USRECM_diff_lag_2,0.0,0
2009-07-01,USRECM_diff_lag_2,-1.0,0
2009-08-01,USRECM_diff_lag_2,-1.0,0
2009-09-01,USRECM_diff_lag_2,0.0,0
2009-10-01,USRECM_diff_lag_2,0.0,0
2009-11-01,USRECM_diff_lag_2,0.0,0
2009-12-01,USRECM_diff_lag_2,0.0,0
2010-01-01,USRECM_diff_lag_2,0.0,0
2010-02-01,USRECM_diff_lag_2,0.0,0
2010-03-01,USRECM_diff_lag_2,0.0,0
2010-04-01,USRECM_diff_lag_2,0.0,0
2010-05-01,USRECM_diff_lag_2,0.0,0
2010-06-01,USRECM_diff_lag_2,0.0,0
2010-07-01,USRECM_diff_lag_2,0.0,0
2010-08-01,USRECM_diff_lag_2,0.0,0
2010-09-01,USRECM_diff_lag_2,0.0,0
2010-10-01,USRECM_diff_lag_2,0.0,0
2010-11-01,USRECM_diff_lag_2,0.0,0
2010-12-01,USRECM_diff_lag_2,0.0,0
2011-01-01,USRECM_diff_lag_2,0.0,0
2011-02-01,USRECM_diff_lag_2,0.0,0
2011-03-01,USRECM_diff_lag_2,0.0,0
2011-04-01,USRECM_diff_lag_2,0.0,0
2011-05-01,USRECM_diff_lag_2,0.0,0
2011-06-01,USRECM_diff_lag_2,0.0,0
2011-07-01,USRECM_diff_lag_2,0.0,0
2011-08-01,USRECM_diff_lag_2,0.0,0
2011-09-01,USRECM_diff_lag_2,0.0,0
2011-10-01,USRECM_diff_lag_2,0.0,0
2011-11-01,USRECM_diff_lag_2,0.0,0
2011-12-01,USRECM_diff_lag_2,0.0,0
2012-01-01,USRECM_diff_lag_2,0.0,0
2012-02-01,USRECM_diff_lag_2,0.0,0
2012-03-01,USRECM_diff_lag_2,0.0,0
2012-04-01,USRECM_diff_lag_2,0.0,0
2012-05-01,USRECM_diff_lag_2,0.0,0
2012-06-01,USRECM_diff_lag_2,0.0,0
2012-07-01,USRECM_diff_lag_2,0.0,0
2012-08-01,USRECM_diff_lag_2,0.0,0
2012-09-01,USRECM_diff_lag_2,0.0,0
2012-10-01,USRECM_diff_lag_2,0.0,0
2012-11-01,USRECM_diff_lag_2,0.0,0
2012-12-01,USRECM_diff_lag_2,0.0,0
2013-01-01,USRECM_diff_lag_2,0.0,0
2013-02-01,USRECM_diff_lag_2,0.0,0
2013-03-01,USRECM_diff_lag_2,0.0,0
2013-04-01,USRECM_diff_lag_2,0.0,0
2013-05-01,USRECM_diff_lag_2,0.0,0
2013-06-01,USRECM_diff_lag_2,0.0,0
2013-07-01,USRECM_diff_lag_2,0.0,0
2013-08-01,USRECM_diff_lag_2,0.0,0
2013-09-01,USRECM_diff_lag_2,0.0,0
2013-10-01,USRECM_diff_lag_2,0.0,0
2013-11-01,USRECM_diff_lag_2,0.0,0
2013-12-01,USRECM_diff_lag_2,0.0,0
2014-01-01,USRECM_diff_lag_2,0.0,0
2014-02-01,USRECM_diff_lag_2,0.0,0
2014-03-01,USRECM_diff_lag_2,0.0,0
2014-04-01,USRECM_diff_lag_2,0.0,0
2014-05-01,USRECM_diff_lag_2,0.0,0
2014-06-01,USRECM_diff_lag_2,0.0,0
2014-07-01,USRECM_diff_lag_2,0.0,0
2014-08-01,USRECM_diff_lag_2,0.0,0
2014-09-01,USRECM_diff_lag_2,0.0,0
2014-10-01,USRECM_diff_lag_2,0.0,0
2014-11-01,USRECM_diff_lag_2,0.0,0
2014-12-01,USRECM_diff_lag_2,0.0,0
2015-01-01,USRECM_diff_lag_2,0.0,0
2015-02-01,USRECM_diff_lag_2,0.0,0
2015-03-01,USRECM_diff_lag_2,0.0,0
2015-04-01,USRECM_diff_lag_2,0.0,0
2015-05-01,USRECM_diff_lag_2,0.0,0
2015-06-01,USRECM_diff_lag_2,0.0,0
2015-07-01,USRECM_diff_lag_2,0.0,0
2015-08-01,USRECM_diff_lag_2,0.0,0
2015-09-01,USRECM_diff_lag_2,0.0,0
2015-10-01,USRECM_diff_lag_2,0.0,0
2015-11-01,USRECM_diff_lag_2,0.0,0
2015-12-01,USRECM_diff_lag_2,0.0,0
2016-01-01,USRECM_diff_lag_2,0.0,0
2016-02-01,USRECM_diff_lag_2,0.0,0
2016-03-01,USRECM_diff_lag_2,0.0,0
2016-04-01,USRECM_diff_lag_2,0.0,0
2016-05-01,USRECM_diff_lag_2,0.0,0
2016-06-01,USRECM_diff_lag_2,0.0,0
2016-07-01,USRECM_diff_lag_2,0.0,0
2016-08-01,USRECM_diff_lag_2,0.0,0
2016-09-01,USRECM_diff_lag_2,0.0,0
2016-10-01,USRECM_diff_lag_2,0.0,0
2016-11-01,USRECM_diff_lag_2,0.0,0
2016-12-01,USRECM_diff_lag_2,0.0,0
2017-01-01,USRECM_diff_lag_2,0.0,0
2017-02-01,USRECM_diff_lag_2,0.0,0
2017-03-01,USRECM_diff_lag_2,0.0,0
2017-04-01,USRECM_diff_lag_2,0.0,0
2017-05-01,USRECM_diff_lag_2,0.0,0
2017-06-01,USRECM_diff_lag_2,0.0,0
2017-07-01,USRECM_diff_lag_2,0.0,0
2017-08-01,USRECM_diff_lag_2,0.0,0
2017-09-01,USRECM_diff_lag_2,0.0,0
2017-10-01,USRECM_diff_lag_2,0.0,0
2017-11-01,USRECM_diff_lag_2,0.0,0
2017-12-01,USRECM_diff_lag_2,0.0,0
2018-01-01,USRECM_diff_lag_2,0.0,0
2018-02-01,USRECM_diff_lag_2,0.0,0
2018-03-01,USRECM_diff_lag_2,0.0,0
2018-04-01,USRECM_diff_lag_2,0.0,0
2018-05-01,USRECM_diff_lag_2,0.0,0
2018-06-01,USRECM_diff_lag_2,0.0,0
2018-07-01,USRECM_diff_lag_2,0.0,0
2018-08-01,USRECM_diff_lag_2,0.0,0
2018-09-01,USRECM_diff_lag_2,0.0,0
2018-10-01,USRECM_diff_lag_2,0.0,0
2018-11-01,USRECM_diff_lag_2,0.0,0
2018-12-01,USRECM_diff_lag_2,0.0,0
2019-01-01,USRECM_diff_lag_2,0.0,0
2019-02-01,USRECM_diff_lag_2,0.0,0
2019-03-01,USRECM_diff_lag_2,0.0,0
2019-04-01,USRECM_diff_lag_2,0.0,0
2000-01-01,LNU02026634_diff_lag_1,-36.0,0
2000-02-01,LNU02026634_diff_lag_1,103.0,0
2000-03-01,LNU02026634_diff_lag_1,-168.0,0
2000-04-01,LNU02026634_diff_lag_1,115.0,0
2000-05-01,LNU02026634_diff_lag_1,-45.0,0
2000-06-01,LNU02026634_diff_lag_1,-185.0,0
2000-07-01,LNU02026634_diff_lag_1,174.0,0
2000-08-01,LNU02026634_diff_lag_1,-105.0,0
2000-09-01,LNU02026634_diff_lag_1,106.0,0
2000-10-01,LNU02026634_diff_lag_1,-30.0,0
2000-11-01,LNU02026634_diff_lag_1,50.0,0
2000-12-01,LNU02026634_diff_lag_1,-38.0,0
2001-01-01,LNU02026634_diff_lag_1,-46.0,0
2001-02-01,LNU02026634_diff_lag_1,-26.0,0
2001-03-01,LNU02026634_diff_lag_1,-5.0,0
2001-04-01,LNU02026634_diff_lag_1,-66.0,0
2001-05-01,LNU02026634_diff_lag_1,298.0,0
2001-06-01,LNU02026634_diff_lag_1,-154.0,0
2001-07-01,LNU02026634_diff_lag_1,63.0,0
2001-08-01,LNU02026634_diff_lag_1,-46.0,0
2001-09-01,LNU02026634_diff_lag_1,37.0,0
2001-10-01,LNU02026634_diff_lag_1,5.0,0
2001-11-01,LNU02026634_diff_lag_1,-67.0,0
2001-12-01,LNU02026634_diff_lag_1,5.0,0
2002-01-01,LNU02026634_diff_lag_1,-67.0,0
2002-02-01,LNU02026634_diff_lag_1,34.0,0
2002-03-01,LNU02026634_diff_lag_1,-45.0,0
2002-04-01,LNU02026634_diff_lag_1,75.0,0
2002-05-01,LNU02026634_diff_lag_1,10.0,0
2002-06-01,LNU02026634_diff_lag_1,121.0,0
2002-07-01,LNU02026634_diff_lag_1,-78.0,0
2002-08-01,LNU02026634_diff_lag_1,-98.0,0
2002-09-01,LNU02026634_diff_lag_1,124.0,0
2002-10-01,LNU02026634_diff_lag_1,-136.0,0
2002-11-01,LNU02026634_diff_lag_1,113.0,0
2002-12-01,LNU02026634_diff_lag_1,96.0,0
2003-01-01,LNU02026634_diff_lag_1,-118.0,0
2003-02-01,LNU02026634_diff_lag_1,58.0,0
2003-03-01,LNU02026634_diff_lag_1,-144.0,0
2003-04-01,LNU02026634_diff_lag_1,64.0,0
2003-05-01,LNU02026634_diff_lag_1,21.0,0
2003-06-01,LNU02026634_diff_lag_1,83.0,0
2003-07-01,LNU02026634_diff_lag_1,141.0,0
2003-08-01,LNU02026634_diff_lag_1,-79.0,0
2003-09-01,LNU02026634_diff_lag_1,-70.0,0
2003-10-01,LNU02026634_diff_lag_1,15.0,0
2003-11-01,LNU02026634_diff_lag_1,23.0,0
2003-12-01,LNU02026634_diff_lag_1,-84.0,0
2004-01-01,LNU02026634_diff_lag_1,-46.0,0
2004-02-01,LNU02026634_diff_lag_1,11.0,0
2004-03-01,LNU02026634_diff_lag_1,-59.0,0
2004-04-01,LNU02026634_diff_lag_1,18.0,0
2004-05-01,LNU02026634_diff_lag_1,66.0,0
2004-06-01,LNU02026634_diff_lag_1,174.0,0
2004-07-01,LNU02026634_diff_lag_1,-52.0,0
2004-08-01,LNU02026634_diff_lag_1,-11.0,0
2004-09-01,LNU02026634_diff_lag_1,119.0,0
2004-10-01,LNU02026634_diff_lag_1,66.0,0
2004-11-01,LNU02026634_diff_lag_1,-248.0,0
2004-12-01,LNU02026634_diff_lag_1,154.0,0
2005-01-01,LNU02026634_diff_lag_1,-188.0,0
2005-02-01,LNU02026634_diff_lag_1,206.0,0
2005-03-01,LNU02026634_diff_lag_1,-85.0,0
2005-04-01,LNU02026634_diff_lag_1,-67.0,0
2005-05-01,LNU02026634_diff_lag_1,-47.0,0
2005-06-01,LNU02026634_diff_lag_1,-26.0,0
2005-07-01,LNU02026634_diff_lag_1,116.0,0
2005-08-01,LNU02026634_diff_lag_1,-94.0,0
2005-09-01,LNU02026634_diff_lag_1,160.0,0
2005-10-01,LNU02026634_diff_lag_1,-51.0,0
2005-11-01,LNU02026634_diff_lag_1,-86.0,0
2005-12-01,LNU02026634_diff_lag_1,-68.0,0
2006-01-01,LNU02026634_diff_lag_1,13.0,0
2006-02-01,LNU02026634_diff_lag_1,35.0,0
2006-03-01,LNU02026634_diff_lag_1,108.0,0
2006-04-01,LNU02026634_diff_lag_1,-172.0,0
2006-05-01,LNU02026634_diff_lag_1,155.0,0
2006-06-01,LNU02026634_diff_lag_1,-45.0,0
2006-07-01,LNU02026634_diff_lag_1,80.0,0
2006-08-01,LNU02026634_diff_lag_1,-179.0,0
2006-09-01,LNU02026634_diff_lag_1,182.0,0
2006-10-01,LNU02026634_diff_lag_1,77.0,0
2006-11-01,LNU02026634_diff_lag_1,-125.0,0
2006-12-01,LNU02026634_diff_lag_1,22.0,0
2007-01-01,LNU02026634_diff_lag_1,-264.0,0
2007-02-01,LNU02026634_diff_lag_1,92.0,0
2007-03-01,LNU02026634_diff_lag_1,-129.0,0
2007-04-01,LNU02026634_diff_lag_1,141.0,0
2007-05-01,LNU02026634_diff_lag_1,-112.0,0
2007-06-01,LNU02026634_diff_lag_1,37.0,0
2007-07-01,LNU02026634_diff_lag_1,115.0,0
2007-08-01,LNU02026634_diff_lag_1,-133.0,0
2007-09-01,LNU02026634_diff_lag_1,32.0,0
2007-10-01,LNU02026634_diff_lag_1,-8.0,0
2007-11-01,LNU02026634_diff_lag_1,38.0,0
2007-12-01,LNU02026634_diff_lag_1,-71.0,0
2008-01-01,LNU02026634_diff_lag_1,25.0,0
2008-02-01,LNU02026634_diff_lag_1,2.0,0
2008-03-01,LNU02026634_diff_lag_1,-83.0,0
2008-04-01,LNU02026634_diff_lag_1,45.0,0
2008-05-01,LNU02026634_diff_lag_1,-37.0,0
2008-06-01,LNU02026634_diff_lag_1,143.0,0
2008-07-01,LNU02026634_diff_lag_1,-13.0,0
2008-08-01,LNU02026634_diff_lag_1,-73.0,0
2008-09-01,LNU02026634_diff_lag_1,-18.0,0
2008-10-01,LNU02026634_diff_lag_1,-66.0,0
2008-11-01,LNU02026634_diff_lag_1,91.0,0
2008-12-01,LNU02026634_diff_lag_1,-145.0,0
2009-01-01,LNU02026634_diff_lag_1,161.0,0
2009-02-01,LNU02026634_diff_lag_1,61.0,0
2009-03-01,LNU02026634_diff_lag_1,-160.0,0
2009-04-01,LNU02026634_diff_lag_1,70.0,0
2009-05-01,LNU02026634_diff_lag_1,-93.0,0
2009-06-01,LNU02026634_diff_lag_1,30.0,0
2009-07-01,LNU02026634_diff_lag_1,8.0,0
2009-08-01,LNU02026634_diff_lag_1,-78.0,0
2009-09-01,LNU02026634_diff_lag_1,168.0,0
2009-10-01,LNU02026634_diff_lag_1,-165.0,0
2009-11-01,LNU02026634_diff_lag_1,-47.0,0
2009-12-01,LNU02026634_diff_lag_1,28.0,0
2010-01-01,LNU02026634_diff_lag_1,-12.0,0
2010-02-01,LNU02026634_diff_lag_1,85.0,0
2010-03-01,LNU02026634_diff_lag_1,-145.0,0
2010-04-01,LNU02026634_diff_lag_1,130.0,0
2010-05-01,LNU02026634_diff_lag_1,-79.0,0
2010-06-01,LNU02026634_diff_lag_1,154.0,0
2010-07-01,LNU02026634_diff_lag_1,-187.0,0
2010-08-01,LNU02026634_diff_lag_1,23.0,0
2010-09-01,LNU02026634_diff_lag_1,-23.0,0
2010-10-01,LNU02026634_diff_lag_1,-41.0,0
2010-11-01,LNU02026634_diff_lag_1,10.0,0
2010-12-01,LNU02026634_diff_lag_1,51.0,0
2011-01-01,LNU02026634_diff_lag_1,3.0,0
2011-02-01,LNU02026634_diff_lag_1,30.0,0
2011-03-01,LNU02026634_diff_lag_1,-149.0,0
2011-04-01,LNU02026634_diff_lag_1,163.0,0
2011-05-01,LNU02026634_diff_lag_1,-81.0,0
2011-06-01,LNU02026634_diff_lag_1,24.0,0
2011-07-01,LNU02026634_diff_lag_1,-36.0,0
2011-08-01,LNU02026634_diff_lag_1,-57.0,0
2011-09-01,LNU02026634_diff_lag_1,153.0,0
2011-10-01,LNU02026634_diff_lag_1,37.0,0
2011-11-01,LNU02026634_diff_lag_1,11.0,0
2011-12-01,LNU02026634_diff_lag_1,-14.0,0
2012-01-01,LNU02026634_diff_lag_1,-32.0,0
2012-02-01,LNU02026634_diff_lag_1,38.0,0
2012-03-01,LNU02026634_diff_lag_1,-134.0,0
2012-04-01,LNU02026634_diff_lag_1,14.0,0
2012-05-01,LNU02026634_diff_lag_1,111.0,0
2012-06-01,LNU02026634_diff_lag_1,-131.0,0
2012-07-01,LNU02026634_diff_lag_1,-49.0,0
2012-08-01,LNU02026634_diff_lag_1,-16.0,0
2012-09-01,LNU02026634_diff_lag_1,99.0,0
2012-10-01,LNU02026634_diff_lag_1,2.0,0
2012-11-01,LNU02026634_diff_lag_1,22.0,0
2012-12-01,LNU02026634_diff_lag_1,-84.0,0
2013-01-01,LNU02026634_diff_lag_1,83.0,0
2013-02-01,LNU02026634_diff_lag_1,-48.0,0
2013-03-01,LNU02026634_diff_lag_1,-31.0,0
2013-04-01,LNU02026634_diff_lag_1,-3.0,0
2013-05-01,LNU02026634_diff_lag_1,148.0,0
2013-06-01,LNU02026634_diff_lag_1,-81.0,0
2013-07-01,LNU02026634_diff_lag_1,-118.0,0
2013-08-01,LNU02026634_diff_lag_1,24.0,0
2013-09-01,LNU02026634_diff_lag_1,-27.0,0
2013-10-01,LNU02026634_diff_lag_1,-21.0,0
2013-11-01,LNU02026634_diff_lag_1,103.0,0
2013-12-01,LNU02026634_diff_lag_1,-26.0,0
2014-01-01,LNU02026634_diff_lag_1,1.0,0
2014-02-01,LNU02026634_diff_lag_1,62.0,0
2014-03-01,LNU02026634_diff_lag_1,-36.0,0
2014-04-01,LNU02026634_diff_lag_1,-63.0,0
2014-05-01,LNU02026634_diff_lag_1,68.0,0
2014-06-01,LNU02026634_diff_lag_1,4.0,0
2014-07-01,LNU02026634_diff_lag_1,-28.0,0
2014-08-01,LNU02026634_diff_lag_1,-14.0,0
2014-09-01,LNU02026634_diff_lag_1,18.0,0
2014-10-01,LNU02026634_diff_lag_1,130.0,0
2014-11-01,LNU02026634_diff_lag_1,-86.0,0
2014-12-01,LNU02026634_diff_lag_1,-38.0,0
2015-01-01,LNU02026634_diff_lag_1,113.0,0
2015-02-01,LNU02026634_diff_lag_1,-90.0,0
2015-03-01,LNU02026634_diff_lag_1,-12.0,0
2015-04-01,LNU02026634_diff_lag_1,-70.0,0
2015-05-01,LNU02026634_diff_lag_1,43.0,0
2015-06-01,LNU02026634_diff_lag_1,-79.0,0
2015-07-01,LNU02026634_diff_lag_1,-32.0,0
2015-08-01,LNU02026634_diff_lag_1,56.0,0
2015-09-01,LNU02026634_diff_lag_1,71.0,0
2015-10-01,LNU02026634_diff_lag_1,140.0,0
2015-11-01,LNU02026634_diff_lag_1,-80.0,0
2015-12-01,LNU02026634_diff_lag_1,25.0,0
2016-01-01,LNU02026634_diff_lag_1,-72.0,0
2016-02-01,LNU02026634_diff_lag_1,-15.0,0
2016-03-01,LNU02026634_diff_lag_1,-131.0,0
2016-04-01,LNU02026634_diff_lag_1,37.0,0
2016-05-01,LNU02026634_diff_lag_1,-43.0,0
2016-06-01,LNU02026634_diff_lag_1,-32.0,0
2016-07-01,LNU02026634_diff_lag_1,62.0,0
2016-08-01,LNU02026634_diff_lag_1,-103.0,0
2016-09-01,LNU02026634_diff_lag_1,168.0,0
2016-10-01,LNU02026634_diff_lag_1,120.0,0
2016-11-01,LNU02026634_diff_lag_1,-49.0,0
2016-12-01,LNU02026634_diff_lag_1,-86.0,0
2017-01-01,LNU02026634_diff_lag_1,140.0,0
2017-02-01,LNU02026634_diff_lag_1,-89.0,0
2017-03-01,LNU02026634_diff_lag_1,-22.0,0
2017-04-01,LNU02026634_diff_lag_1,-36.0,0
2017-05-01,LNU02026634_diff_lag_1,-14.0,0
2017-06-01,LNU02026634_diff_lag_1,12.0,0
2017-07-01,LNU02026634_diff_lag_1,-58.0,0
2017-08-01,LNU02026634_diff_lag_1,34.0,0
2017-09-01,LNU02026634_diff_lag_1,-94.0,0
2017-10-01,LNU02026634_diff_lag_1,201.0,0
2017-11-01,LNU02026634_diff_lag_1,-121.0,0
2017-12-01,LNU02026634_diff_lag_1,88.0,0
2018-01-01,LNU02026634_diff_lag_1,18.0,0
2018-02-01,LNU02026634_diff_lag_1,18.0,0
2018-03-01,LNU02026634_diff_lag_1,-19.0,0
2018-04-01,LNU02026634_diff_lag_1,-55.0,0
2018-05-01,LNU02026634_diff_lag_1,20.0,0
2018-06-01,LNU02026634_diff_lag_1,-41.0,0
2018-07-01,LNU02026634_diff_lag_1,53.0,0
2018-08-01,LNU02026634_diff_lag_1,-24.0,0
2018-09-01,LNU02026634_diff_lag_1,-17.0,0
2018-10-01,LNU02026634_diff_lag_1,29.0,0
2018-11-01,LNU02026634_diff_lag_1,-80.0,0
2018-12-01,LNU02026634_diff_lag_1,210.0,0
2019-01-01,LNU02026634_diff_lag_1,-70.0,0
2019-02-01,LNU02026634_diff_lag_1,-76.0,0
2019-03-01,LNU02026634_diff_lag_1,-30.0,0
2019-04-01,LNU02026634_diff_lag_1,18.0,0
2000-01-01,LNS17300000_diff_lag_1,1564.0,0
2000-02-01,LNS17300000_diff_lag_1,-1562.0,0
2000-03-01,LNS17300000_diff_lag_1,24.0,0
2000-04-01,LNS17300000_diff_lag_1,29.0,0
2000-05-01,LNS17300000_diff_lag_1,17.0,0
2000-06-01,LNS17300000_diff_lag_1,-11.0,0
2000-07-01,LNS17300000_diff_lag_1,-3.0,0
2000-08-01,LNS17300000_diff_lag_1,-26.0,0
2000-09-01,LNS17300000_diff_lag_1,50.0,0
2000-10-01,LNS17300000_diff_lag_1,-28.0,0
2000-11-01,LNS17300000_diff_lag_1,1.0,0
2000-12-01,LNS17300000_diff_lag_1,22.0,0
2001-01-01,LNS17300000_diff_lag_1,-59.0,0
2001-02-01,LNS17300000_diff_lag_1,-2.0,0
2001-03-01,LNS17300000_diff_lag_1,-1.0,0
2001-04-01,LNS17300000_diff_lag_1,29.0,0
2001-05-01,LNS17300000_diff_lag_1,-31.0,0
2001-06-01,LNS17300000_diff_lag_1,5.0,0
2001-07-01,LNS17300000_diff_lag_1,40.0,0
2001-08-01,LNS17300000_diff_lag_1,-36.0,0
2001-09-01,LNS17300000_diff_lag_1,34.0,0
2001-10-01,LNS17300000_diff_lag_1,15.0,0
2001-11-01,LNS17300000_diff_lag_1,-79.0,0
2001-12-01,LNS17300000_diff_lag_1,30.0,0
2002-01-01,LNS17300000_diff_lag_1,-21.0,0
2002-02-01,LNS17300000_diff_lag_1,-12.0,0
2002-03-01,LNS17300000_diff_lag_1,29.0,0
2002-04-01,LNS17300000_diff_lag_1,-20.0,0
2002-05-01,LNS17300000_diff_lag_1,9.0,0
2002-06-01,LNS17300000_diff_lag_1,41.0,0
2002-07-01,LNS17300000_diff_lag_1,-19.0,0
2002-08-01,LNS17300000_diff_lag_1,-44.0,0
2002-09-01,LNS17300000_diff_lag_1,71.0,0
2002-10-01,LNS17300000_diff_lag_1,-56.0,0
2002-11-01,LNS17300000_diff_lag_1,-16.0,0
2002-12-01,LNS17300000_diff_lag_1,70.0,0
2003-01-01,LNS17300000_diff_lag_1,530.0,0
2003-02-01,LNS17300000_diff_lag_1,-554.0,0
2003-03-01,LNS17300000_diff_lag_1,10.0,0
2003-04-01,LNS17300000_diff_lag_1,-22.0,0
2003-05-01,LNS17300000_diff_lag_1,-7.0,0
2003-06-01,LNS17300000_diff_lag_1,54.0,0
2003-07-01,LNS17300000_diff_lag_1,-64.0,0
2003-08-01,LNS17300000_diff_lag_1,29.0,0
2003-09-01,LNS17300000_diff_lag_1,7.0,0
2003-10-01,LNS17300000_diff_lag_1,-41.0,0
2003-11-01,LNS17300000_diff_lag_1,50.0,0
2003-12-01,LNS17300000_diff_lag_1,-18.0,0
2004-01-01,LNS17300000_diff_lag_1,-49.0,0
2004-02-01,LNS17300000_diff_lag_1,69.0,0
2004-03-01,LNS17300000_diff_lag_1,-40.0,0
2004-04-01,LNS17300000_diff_lag_1,7.0,0
2004-05-01,LNS17300000_diff_lag_1,3.0,0
2004-06-01,LNS17300000_diff_lag_1,-2.0,0
2004-07-01,LNS17300000_diff_lag_1,-8.0,0
2004-08-01,LNS17300000_diff_lag_1,64.0,0
2004-09-01,LNS17300000_diff_lag_1,-31.0,0
2004-10-01,LNS17300000_diff_lag_1,-3.0,0
2004-11-01,LNS17300000_diff_lag_1,6.0,0
2004-12-01,LNS17300000_diff_lag_1,-30.0,0
2005-01-01,LNS17300000_diff_lag_1,-29.0,0
2005-02-01,LNS17300000_diff_lag_1,48.0,0
2005-03-01,LNS17300000_diff_lag_1,-29.0,0
2005-04-01,LNS17300000_diff_lag_1,16.0,0
2005-05-01,LNS17300000_diff_lag_1,5.0,0
2005-06-01,LNS17300000_diff_lag_1,-5.0,0
2005-07-01,LNS17300000_diff_lag_1,21.0,0
2005-08-01,LNS17300000_diff_lag_1,1.0,0
2005-09-01,LNS17300000_diff_lag_1,-21.0,0
2005-10-01,LNS17300000_diff_lag_1,30.0,0
2005-11-01,LNS17300000_diff_lag_1,-60.0,0
2005-12-01,LNS17300000_diff_lag_1,13.0,0
2006-01-01,LNS17300000_diff_lag_1,-40.0,0
2006-02-01,LNS17300000_diff_lag_1,21.0,0
2006-03-01,LNS17300000_diff_lag_1,31.0,0
2006-04-01,LNS17300000_diff_lag_1,34.0,0
2006-05-01,LNS17300000_diff_lag_1,4.0,0
2006-06-01,LNS17300000_diff_lag_1,-48.0,0
2006-07-01,LNS17300000_diff_lag_1,54.0,0
2006-08-01,LNS17300000_diff_lag_1,-45.0,0
2006-09-01,LNS17300000_diff_lag_1,36.0,0
2006-10-01,LNS17300000_diff_lag_1,16.0,0
2006-11-01,LNS17300000_diff_lag_1,-42.0,0
2006-12-01,LNS17300000_diff_lag_1,-43.0,0
2007-01-01,LNS17300000_diff_lag_1,144.0,0
2007-02-01,LNS17300000_diff_lag_1,-141.0,0
2007-03-01,LNS17300000_diff_lag_1,24.0,0
2007-04-01,LNS17300000_diff_lag_1,21.0,0
2007-05-01,LNS17300000_diff_lag_1,-26.0,0
2007-06-01,LNS17300000_diff_lag_1,76.0,0
2007-07-01,LNS17300000_diff_lag_1,-82.0,0
2007-08-01,LNS17300000_diff_lag_1,3.0,0
2007-09-01,LNS17300000_diff_lag_1,38.0,0
2007-10-01,LNS17300000_diff_lag_1,-6.0,0
2007-11-01,LNS17300000_diff_lag_1,-7.0,0
2007-12-01,LNS17300000_diff_lag_1,20.0,0
2008-01-01,LNS17300000_diff_lag_1,-72.0,0
2008-02-01,LNS17300000_diff_lag_1,27.0,0
2008-03-01,LNS17300000_diff_lag_1,24.0,0
2008-04-01,LNS17300000_diff_lag_1,-35.0,0
2008-05-01,LNS17300000_diff_lag_1,3.0,0
2008-06-01,LNS17300000_diff_lag_1,43.0,0
2008-07-01,LNS17300000_diff_lag_1,-49.0,0
2008-08-01,LNS17300000_diff_lag_1,37.0,0
2008-09-01,LNS17300000_diff_lag_1,-8.0,0
2008-10-01,LNS17300000_diff_lag_1,-21.0,0
2008-11-01,LNS17300000_diff_lag_1,59.0,0
2008-12-01,LNS17300000_diff_lag_1,-30.0,0
2009-01-01,LNS17300000_diff_lag_1,-75.0,0
2009-02-01,LNS17300000_diff_lag_1,80.0,0
2009-03-01,LNS17300000_diff_lag_1,-64.0,0
2009-04-01,LNS17300000_diff_lag_1,19.0,0
2009-05-01,LNS17300000_diff_lag_1,33.0,0
2009-06-01,LNS17300000_diff_lag_1,-19.0,0
2009-07-01,LNS17300000_diff_lag_1,-36.0,0
2009-08-01,LNS17300000_diff_lag_1,88.0,0
2009-09-01,LNS17300000_diff_lag_1,-38.0,0
2009-10-01,LNS17300000_diff_lag_1,-7.0,0
2009-11-01,LNS17300000_diff_lag_1,10.0,0
2009-12-01,LNS17300000_diff_lag_1,-40.0,0
2010-01-01,LNS17300000_diff_lag_1,-28.0,0
2010-02-01,LNS17300000_diff_lag_1,56.0,0
2010-03-01,LNS17300000_diff_lag_1,16.0,0
2010-04-01,LNS17300000_diff_lag_1,-14.0,0
2010-05-01,LNS17300000_diff_lag_1,1.0,0
2010-06-01,LNS17300000_diff_lag_1,-41.0,0
2010-07-01,LNS17300000_diff_lag_1,6.0,0
2010-08-01,LNS17300000_diff_lag_1,64.0,0
2010-09-01,LNS17300000_diff_lag_1,-58.0,0
2010-10-01,LNS17300000_diff_lag_1,66.0,0
2010-11-01,LNS17300000_diff_lag_1,-28.0,0
2010-12-01,LNS17300000_diff_lag_1,-45.0,0
2011-01-01,LNS17300000_diff_lag_1,-6.0,0
2011-02-01,LNS17300000_diff_lag_1,-7.0,0
2011-03-01,LNS17300000_diff_lag_1,28.0,0
2011-04-01,LNS17300000_diff_lag_1,5.0,0
2011-05-01,LNS17300000_diff_lag_1,29.0,0
2011-06-01,LNS17300000_diff_lag_1,-33.0,0
2011-07-01,LNS17300000_diff_lag_1,-26.0,0
2011-08-01,LNS17300000_diff_lag_1,45.0,0
2011-09-01,LNS17300000_diff_lag_1,-30.0,0
2011-10-01,LNS17300000_diff_lag_1,26.0,0
2011-11-01,LNS17300000_diff_lag_1,-10.0,0
2011-12-01,LNS17300000_diff_lag_1,44.0,0
2012-01-01,LNS17300000_diff_lag_1,780.0,0
2012-02-01,LNS17300000_diff_lag_1,-860.0,0
2012-03-01,LNS17300000_diff_lag_1,57.0,0
2012-04-01,LNS17300000_diff_lag_1,-3.0,0
2012-05-01,LNS17300000_diff_lag_1,-14.0,0
2012-06-01,LNS17300000_diff_lag_1,11.0,0
2012-07-01,LNS17300000_diff_lag_1,-35.0,0
2012-08-01,LNS17300000_diff_lag_1,22.0,0
2012-09-01,LNS17300000_diff_lag_1,3.0,0
2012-10-01,LNS17300000_diff_lag_1,40.0,0
2012-11-01,LNS17300000_diff_lag_1,-65.0,0
2012-12-01,LNS17300000_diff_lag_1,35.0,0
2013-01-01,LNS17300000_diff_lag_1,8.0,0
2013-02-01,LNS17300000_diff_lag_1,-13.0,0
2013-03-01,LNS17300000_diff_lag_1,-18.0,0
2013-04-01,LNS17300000_diff_lag_1,51.0,0
2013-05-01,LNS17300000_diff_lag_1,-26.0,0
2013-06-01,LNS17300000_diff_lag_1,-7.0,0
2013-07-01,LNS17300000_diff_lag_1,-45.0,0
2013-08-01,LNS17300000_diff_lag_1,14.0,0
2013-09-01,LNS17300000_diff_lag_1,39.0,0
2013-10-01,LNS17300000_diff_lag_1,-12.0,0
2013-11-01,LNS17300000_diff_lag_1,-4.0,0
2013-12-01,LNS17300000_diff_lag_1,13.0,0
2014-01-01,LNS17300000_diff_lag_1,-12.0,0
2014-02-01,LNS17300000_diff_lag_1,38.0,0
2014-03-01,LNS17300000_diff_lag_1,-17.0,0
2014-04-01,LNS17300000_diff_lag_1,-48.0,0
2014-05-01,LNS17300000_diff_lag_1,42.0,0
2014-06-01,LNS17300000_diff_lag_1,-22.0,0
2014-07-01,LNS17300000_diff_lag_1,-19.0,0
2014-08-01,LNS17300000_diff_lag_1,38.0,0
2014-09-01,LNS17300000_diff_lag_1,53.0,0
2014-10-01,LNS17300000_diff_lag_1,-61.0,0
2014-11-01,LNS17300000_diff_lag_1,57.0,0
2014-12-01,LNS17300000_diff_lag_1,-11.0,0
2015-01-01,LNS17300000_diff_lag_1,208.0,0
2015-02-01,LNS17300000_diff_lag_1,-266.0,0
2015-03-01,LNS17300000_diff_lag_1,35.0,0
2015-04-01,LNS17300000_diff_lag_1,-13.0,0
2015-05-01,LNS17300000_diff_lag_1,54.0,0
2015-06-01,LNS17300000_diff_lag_1,-16.0,0
2015-07-01,LNS17300000_diff_lag_1,-46.0,0
2015-08-01,LNS17300000_diff_lag_1,89.0,0
2015-09-01,LNS17300000_diff_lag_1,-90.0,0
2015-10-01,LNS17300000_diff_lag_1,-17.0,0
2015-11-01,LNS17300000_diff_lag_1,48.0,0
2015-12-01,LNS17300000_diff_lag_1,-25.0,0
2016-01-01,LNS17300000_diff_lag_1,187.0,0
2016-02-01,LNS17300000_diff_lag_1,-174.0,0
2016-03-01,LNS17300000_diff_lag_1,-6.0,0
2016-04-01,LNS17300000_diff_lag_1,43.0,0
2016-05-01,LNS17300000_diff_lag_1,-15.0,0
2016-06-01,LNS17300000_diff_lag_1,-45.0,0
2016-07-01,LNS17300000_diff_lag_1,-24.0,0
2016-08-01,LNS17300000_diff_lag_1,76.0,0
2016-09-01,LNS17300000_diff_lag_1,-9.0,0
2016-10-01,LNS17300000_diff_lag_1,13.0,0
2016-11-01,LNS17300000_diff_lag_1,-50.0,0
2016-12-01,LNS17300000_diff_lag_1,31.0,0
2017-01-01,LNS17300000_diff_lag_1,-89.0,0
2017-02-01,LNS17300000_diff_lag_1,39.0,0
2017-03-01,LNS17300000_diff_lag_1,71.0,0
2017-04-01,LNS17300000_diff_lag_1,12.0,0
2017-05-01,LNS17300000_diff_lag_1,-39.0,0
2017-06-01,LNS17300000_diff_lag_1,-10.0,0
2017-07-01,LNS17300000_diff_lag_1,-55.0,0
2017-08-01,LNS17300000_diff_lag_1,13.0,0
2017-09-01,LNS17300000_diff_lag_1,67.0,0
2017-10-01,LNS17300000_diff_lag_1,-31.0,0
2017-11-01,LNS17300000_diff_lag_1,-13.0,0
2017-12-01,LNS17300000_diff_lag_1,4.0,0
2018-01-01,LNS17300000_diff_lag_1,326.0,0
2018-02-01,LNS17300000_diff_lag_1,-319.0,0
2018-03-01,LNS17300000_diff_lag_1,25.0,0
2018-04-01,LNS17300000_diff_lag_1,2.0,0
2018-05-01,LNS17300000_diff_lag_1,-32.0,0
2018-06-01,LNS17300000_diff_lag_1,0.0,0
2018-07-01,LNS17300000_diff_lag_1,2.0,0
2018-08-01,LNS17300000_diff_lag_1,16.0,0
2018-09-01,LNS17300000_diff_lag_1,2.0,0
2018-10-01,LNS17300000_diff_lag_1,56.0,0
2018-11-01,LNS17300000_diff_lag_1,-81.0,0
2018-12-01,LNS17300000_diff_lag_1,15.0,0
2019-01-01,LNS17300000_diff_lag_1,-40.0,0
2019-02-01,LNS17300000_diff_lag_1,14.0,0
2019-03-01,LNS17300000_diff_lag_1,51.0,0
2019-04-01,LNS17300000_diff_lag_1,-1.0,0
2000-01-01,CPIMEDSL_perc_diff_lag_1,0.2746223,0
2000-02-01,CPIMEDSL_perc_diff_lag_1,0.35211027,0
2000-03-01,CPIMEDSL_perc_diff_lag_1,0.46784103,0
2000-04-01,CPIMEDSL_perc_diff_lag_1,0.27162656,0
2000-05-01,CPIMEDSL_perc_diff_lag_1,0.30960461,0
2000-06-01,CPIMEDSL_perc_diff_lag_1,0.42437327,0
2000-07-01,CPIMEDSL_perc_diff_lag_1,0.34576428,0
2000-08-01,CPIMEDSL_perc_diff_lag_1,0.45941103,0
2000-09-01,CPIMEDSL_perc_diff_lag_1,0.34298548,0
2000-10-01,CPIMEDSL_perc_diff_lag_1,0.3038429,0
2000-11-01,CPIMEDSL_perc_diff_lag_1,0.22718897,0
2000-12-01,CPIMEDSL_perc_diff_lag_1,0.34000525,0
2001-01-01,CPIMEDSL_perc_diff_lag_1,0.6024119,0
2001-02-01,CPIMEDSL_perc_diff_lag_1,0.4116675,0
2001-03-01,CPIMEDSL_perc_diff_lag_1,0.40999112,0
2001-04-01,CPIMEDSL_perc_diff_lag_1,0.37119526,0
2001-05-01,CPIMEDSL_perc_diff_lag_1,0.332838,0
2001-06-01,CPIMEDSL_perc_diff_lag_1,0.4054575,0
2001-07-01,CPIMEDSL_perc_diff_lag_1,0.14684065,0
2001-08-01,CPIMEDSL_perc_diff_lag_1,0.5498534,0
2001-09-01,CPIMEDSL_perc_diff_lag_1,0.32811683,0
2001-10-01,CPIMEDSL_perc_diff_lag_1,0.3997004,0
2001-11-01,CPIMEDSL_perc_diff_lag_1,0.39812022,0
2001-12-01,CPIMEDSL_perc_diff_lag_1,0.28839883,0
2002-01-01,CPIMEDSL_perc_diff_lag_1,0.575117,0
2002-02-01,CPIMEDSL_perc_diff_lag_1,0.21444108,0
2002-03-01,CPIMEDSL_perc_diff_lag_1,0.3566334,0
2002-04-01,CPIMEDSL_perc_diff_lag_1,0.46198234,0
2002-05-01,CPIMEDSL_perc_diff_lag_1,0.42447174,0
2002-06-01,CPIMEDSL_perc_diff_lag_1,0.24656999,0
2002-07-01,CPIMEDSL_perc_diff_lag_1,0.6324623,0
2002-08-01,CPIMEDSL_perc_diff_lag_1,0.279336,0
2002-09-01,CPIMEDSL_perc_diff_lag_1,0.31336832,0
2002-10-01,CPIMEDSL_perc_diff_lag_1,0.59006655,0
2002-11-01,CPIMEDSL_perc_diff_lag_1,0.48310024,0
2002-12-01,CPIMEDSL_perc_diff_lag_1,0.30906382,0
2003-01-01,CPIMEDSL_perc_diff_lag_1,0.2054112,0
2003-02-01,CPIMEDSL_perc_diff_lag_1,0.102489844,0
2003-03-01,CPIMEDSL_perc_diff_lag_1,0.13651669,0
2003-04-01,CPIMEDSL_perc_diff_lag_1,0.20450106,0
2003-05-01,CPIMEDSL_perc_diff_lag_1,0.40816742,0
2003-06-01,CPIMEDSL_perc_diff_lag_1,0.30487597,0
2003-07-01,CPIMEDSL_perc_diff_lag_1,0.43903673,0
2003-08-01,CPIMEDSL_perc_diff_lag_1,0.30262068,0
2003-09-01,CPIMEDSL_perc_diff_lag_1,0.5028495,0
2003-10-01,CPIMEDSL_perc_diff_lag_1,0.20013547,0
2003-11-01,CPIMEDSL_perc_diff_lag_1,0.3328895,0
2003-12-01,CPIMEDSL_perc_diff_lag_1,0.53085804,0
2004-01-01,CPIMEDSL_perc_diff_lag_1,0.26402238,0
2004-02-01,CPIMEDSL_perc_diff_lag_1,0.46083754,0
2004-03-01,CPIMEDSL_perc_diff_lag_1,0.42594618,0
2004-04-01,CPIMEDSL_perc_diff_lag_1,0.42413956,0
2004-05-01,CPIMEDSL_perc_diff_lag_1,0.259915,0
2004-06-01,CPIMEDSL_perc_diff_lag_1,0.38884693,0
2004-07-01,CPIMEDSL_perc_diff_lag_1,0.3227889,0
2004-08-01,CPIMEDSL_perc_diff_lag_1,0.32175034,0
2004-09-01,CPIMEDSL_perc_diff_lag_1,0.35279223,0
2004-10-01,CPIMEDSL_perc_diff_lag_1,0.35155198,0
2004-11-01,CPIMEDSL_perc_diff_lag_1,0.22293383,0
2004-12-01,CPIMEDSL_perc_diff_lag_1,0.34953147,0
2005-01-01,CPIMEDSL_perc_diff_lag_1,0.34832367,0
2005-02-01,CPIMEDSL_perc_diff_lag_1,0.47333544,0
2005-03-01,CPIMEDSL_perc_diff_lag_1,0.4082972,0
2005-04-01,CPIMEDSL_perc_diff_lag_1,0.31279323,0
2005-05-01,CPIMEDSL_perc_diff_lag_1,0.34299207,0
2005-06-01,CPIMEDSL_perc_diff_lag_1,0.31075203,0
2005-07-01,CPIMEDSL_perc_diff_lag_1,0.40273184,0
2005-08-01,CPIMEDSL_perc_diff_lag_1,0.030856557,0
2005-09-01,CPIMEDSL_perc_diff_lag_1,0.3392892,0
2005-10-01,CPIMEDSL_perc_diff_lag_1,0.49185556,0
2005-11-01,CPIMEDSL_perc_diff_lag_1,0.5506327,0
2005-12-01,CPIMEDSL_perc_diff_lag_1,0.15211439,0
2006-01-01,CPIMEDSL_perc_diff_lag_1,0.12150482,0
2006-02-01,CPIMEDSL_perc_diff_lag_1,0.48543873,0
2006-03-01,CPIMEDSL_perc_diff_lag_1,0.42270344,0
2006-04-01,CPIMEDSL_perc_diff_lag_1,0.36078823,0
2006-05-01,CPIMEDSL_perc_diff_lag_1,0.35950038,0
2006-06-01,CPIMEDSL_perc_diff_lag_1,0.29850745,0
2006-07-01,CPIMEDSL_perc_diff_lag_1,0.26785532,0
2006-08-01,CPIMEDSL_perc_diff_lag_1,0.3561924,0
2006-09-01,CPIMEDSL_perc_diff_lag_1,0.29577047,0
2006-10-01,CPIMEDSL_perc_diff_lag_1,0.26540664,0
2006-11-01,CPIMEDSL_perc_diff_lag_1,0.23529053,0
2006-12-01,CPIMEDSL_perc_diff_lag_1,0.11737806,0
2007-01-01,CPIMEDSL_perc_diff_lag_1,0.69724435,0
2007-02-01,CPIMEDSL_perc_diff_lag_1,0.51545525,0
2007-03-01,CPIMEDSL_perc_diff_lag_1,0.15896358,0
2007-04-01,CPIMEDSL_perc_diff_lag_1,0.4108195,0
2007-05-01,CPIMEDSL_perc_diff_lag_1,0.33715016,0
2007-06-01,CPIMEDSL_perc_diff_lag_1,0.2932653,0
2007-07-01,CPIMEDSL_perc_diff_lag_1,0.6311621,0
2007-08-01,CPIMEDSL_perc_diff_lag_1,0.47111842,0
2007-09-01,CPIMEDSL_perc_diff_lag_1,0.32684696,0
2007-10-01,CPIMEDSL_perc_diff_lag_1,0.5110924,0
2007-11-01,CPIMEDSL_perc_diff_lag_1,0.39484793,0
2007-12-01,CPIMEDSL_perc_diff_lag_1,0.32368678,0
2008-01-01,CPIMEDSL_perc_diff_lag_1,0.43326515,0
2008-02-01,CPIMEDSL_perc_diff_lag_1,0.0796163,0
2008-03-01,CPIMEDSL_perc_diff_lag_1,0.2170449,0
2008-04-01,CPIMEDSL_perc_diff_lag_1,0.14908777,0
2008-05-01,CPIMEDSL_perc_diff_lag_1,0.16184586,0
2008-06-01,CPIMEDSL_perc_diff_lag_1,0.27932668,0
2008-07-01,CPIMEDSL_perc_diff_lag_1,0.13336666,0
2008-08-01,CPIMEDSL_perc_diff_lag_1,0.2254484,0
2008-09-01,CPIMEDSL_perc_diff_lag_1,0.236731,0
2008-10-01,CPIMEDSL_perc_diff_lag_1,0.18833192,0
2008-11-01,CPIMEDSL_perc_diff_lag_1,0.2534625,0
2008-12-01,CPIMEDSL_perc_diff_lag_1,0.3507795,0
2009-01-01,CPIMEDSL_perc_diff_lag_1,0.29180342,0
2009-02-01,CPIMEDSL_perc_diff_lag_1,0.2782382,0
2009-03-01,CPIMEDSL_perc_diff_lag_1,0.22973786,0
2009-04-01,CPIMEDSL_perc_diff_lag_1,0.36911243,0
2009-05-01,CPIMEDSL_perc_diff_lag_1,0.34363228,0
2009-06-01,CPIMEDSL_perc_diff_lag_1,0.21850501,0
2009-07-01,CPIMEDSL_perc_diff_lag_1,0.21963103,0
2009-08-01,CPIMEDSL_perc_diff_lag_1,0.28989187,0
2009-09-01,CPIMEDSL_perc_diff_lag_1,0.33625978,0
2009-10-01,CPIMEDSL_perc_diff_lag_1,0.24632064,0
2009-11-01,CPIMEDSL_perc_diff_lag_1,0.30557728,0
2009-12-01,CPIMEDSL_perc_diff_lag_1,0.17373642,0
2010-01-01,CPIMEDSL_perc_diff_lag_1,0.42796245,0
2010-02-01,CPIMEDSL_perc_diff_lag_1,0.4091554,0
2010-03-01,CPIMEDSL_perc_diff_lag_1,0.3653298,0
2010-04-01,CPIMEDSL_perc_diff_lag_1,0.22736748,0
2010-05-01,CPIMEDSL_perc_diff_lag_1,0.13063096,0
2010-06-01,CPIMEDSL_perc_diff_lag_1,0.28261718,0
2010-07-01,CPIMEDSL_perc_diff_lag_1,-0.016745094,0
2010-08-01,CPIMEDSL_perc_diff_lag_1,0.24116187,0
2010-09-01,CPIMEDSL_perc_diff_lag_1,0.5729218,0
2010-10-01,CPIMEDSL_perc_diff_lag_1,0.16305138,0
2010-11-01,CPIMEDSL_perc_diff_lag_1,0.15538873,0
2010-12-01,CPIMEDSL_perc_diff_lag_1,0.2494055,0
2011-01-01,CPIMEDSL_perc_diff_lag_1,0.14179505,0
2011-02-01,CPIMEDSL_perc_diff_lag_1,0.3669417,0
2011-03-01,CPIMEDSL_perc_diff_lag_1,0.19518787,0
2011-04-01,CPIMEDSL_perc_diff_lag_1,0.3560474,0
2011-05-01,CPIMEDSL_perc_diff_lag_1,0.256479,0
2011-06-01,CPIMEDSL_perc_diff_lag_1,0.17430152,0
2011-07-01,CPIMEDSL_perc_diff_lag_1,0.2811646,0
2011-08-01,CPIMEDSL_perc_diff_lag_1,0.2117127,0
2011-09-01,CPIMEDSL_perc_diff_lag_1,0.20304655,0
2011-10-01,CPIMEDSL_perc_diff_lag_1,0.46394533,0
2011-11-01,CPIMEDSL_perc_diff_lag_1,0.4165175,0
2011-12-01,CPIMEDSL_perc_diff_lag_1,0.36451024,0
2012-01-01,CPIMEDSL_perc_diff_lag_1,0.28583393,0
2012-02-01,CPIMEDSL_perc_diff_lag_1,0.12145188,0
2012-03-01,CPIMEDSL_perc_diff_lag_1,0.33431333,0
2012-04-01,CPIMEDSL_perc_diff_lag_1,0.29689136,0
2012-05-01,CPIMEDSL_perc_diff_lag_1,0.3375679,0
2012-06-01,CPIMEDSL_perc_diff_lag_1,0.5873575,0
2012-07-01,CPIMEDSL_perc_diff_lag_1,0.41296455,0
2012-08-01,CPIMEDSL_perc_diff_lag_1,0.1321318,0
2012-09-01,CPIMEDSL_perc_diff_lag_1,0.21506394,0
2012-10-01,CPIMEDSL_perc_diff_lag_1,0.14744891,0
2012-11-01,CPIMEDSL_perc_diff_lag_1,0.10475466,0
2012-12-01,CPIMEDSL_perc_diff_lag_1,0.1935624,0
2013-01-01,CPIMEDSL_perc_diff_lag_1,0.18866515,0
2013-02-01,CPIMEDSL_perc_diff_lag_1,0.11564553,0
2013-03-01,CPIMEDSL_perc_diff_lag_1,0.35293466,0
2013-04-01,CPIMEDSL_perc_diff_lag_1,-0.015125745,0
2013-05-01,CPIMEDSL_perc_diff_lag_1,-0.1675987,0
2013-06-01,CPIMEDSL_perc_diff_lag_1,0.4664756,0
2013-07-01,CPIMEDSL_perc_diff_lag_1,0.17016466,0
2013-08-01,CPIMEDSL_perc_diff_lag_1,0.5082266,0
2013-09-01,CPIMEDSL_perc_diff_lag_1,0.2626623,0
2013-10-01,CPIMEDSL_perc_diff_lag_1,0.06910971,0
2013-11-01,CPIMEDSL_perc_diff_lag_1,-0.023568941,0
2013-12-01,CPIMEDSL_perc_diff_lag_1,0.0319787,0
2014-01-01,CPIMEDSL_perc_diff_lag_1,0.31893006,0
2014-02-01,CPIMEDSL_perc_diff_lag_1,0.26697886,0
2014-03-01,CPIMEDSL_perc_diff_lag_1,0.24910994,0
2014-04-01,CPIMEDSL_perc_diff_lag_1,0.24270813,0
2014-05-01,CPIMEDSL_perc_diff_lag_1,0.23126613,0
2014-06-01,CPIMEDSL_perc_diff_lag_1,0.21300927,0
2014-07-01,CPIMEDSL_perc_diff_lag_1,0.15556575,0
2014-08-01,CPIMEDSL_perc_diff_lag_1,0.040602442,0
2014-09-01,CPIMEDSL_perc_diff_lag_1,0.24080725,0
2014-10-01,CPIMEDSL_perc_diff_lag_1,0.15259801,0
2014-11-01,CPIMEDSL_perc_diff_lag_1,0.37691918,0
2014-12-01,CPIMEDSL_perc_diff_lag_1,0.4679022,0
2015-01-01,CPIMEDSL_perc_diff_lag_1,-0.038276244,0
2015-02-01,CPIMEDSL_perc_diff_lag_1,-0.048498116,0
2015-03-01,CPIMEDSL_perc_diff_lag_1,0.38315013,0
2015-04-01,CPIMEDSL_perc_diff_lag_1,0.7048795,0
2015-05-01,CPIMEDSL_perc_diff_lag_1,0.14487725,0
2015-06-01,CPIMEDSL_perc_diff_lag_1,-0.10548001,0
2015-07-01,CPIMEDSL_perc_diff_lag_1,0.14930843,0
2015-08-01,CPIMEDSL_perc_diff_lag_1,0.020145442,0
2015-09-01,CPIMEDSL_perc_diff_lag_1,0.22850125,0
2015-10-01,CPIMEDSL_perc_diff_lag_1,0.67568195,0
2015-11-01,CPIMEDSL_perc_diff_lag_1,0.3422271,0
2015-12-01,CPIMEDSL_perc_diff_lag_1,0.09858567,0
2016-01-01,CPIMEDSL_perc_diff_lag_1,0.35044143,0
2016-02-01,CPIMEDSL_perc_diff_lag_1,0.4605579,0
2016-03-01,CPIMEDSL_perc_diff_lag_1,0.1607768,0
2016-04-01,CPIMEDSL_perc_diff_lag_1,0.42578304,0
2016-05-01,CPIMEDSL_perc_diff_lag_1,0.26261783,0
2016-06-01,CPIMEDSL_perc_diff_lag_1,0.3088438,0
2016-07-01,CPIMEDSL_perc_diff_lag_1,0.5023314,0
2016-08-01,CPIMEDSL_perc_diff_lag_1,0.977879,0
2016-09-01,CPIMEDSL_perc_diff_lag_1,0.23041826,0
2016-10-01,CPIMEDSL_perc_diff_lag_1,0.07258682,0
2016-11-01,CPIMEDSL_perc_diff_lag_1,0.06976886,0
2016-12-01,CPIMEDSL_perc_diff_lag_1,0.17812775,0
2017-01-01,CPIMEDSL_perc_diff_lag_1,0.1374895,0
2017-02-01,CPIMEDSL_perc_diff_lag_1,0.16993655,0
2017-03-01,CPIMEDSL_perc_diff_lag_1,0.07975017,0
2017-04-01,CPIMEDSL_perc_diff_lag_1,-0.06975321,0
2017-05-01,CPIMEDSL_perc_diff_lag_1,-0.04229812,0
2017-06-01,CPIMEDSL_perc_diff_lag_1,0.32543877,0
2017-07-01,CPIMEDSL_perc_diff_lag_1,0.42689168,0
2017-08-01,CPIMEDSL_perc_diff_lag_1,0.22618692,0
2017-09-01,CPIMEDSL_perc_diff_lag_1,-0.0119453585,0
2017-10-01,CPIMEDSL_perc_diff_lag_1,0.18651183,0
2017-11-01,CPIMEDSL_perc_diff_lag_1,0.06212509,0
2017-12-01,CPIMEDSL_perc_diff_lag_1,0.27489808,0
2018-01-01,CPIMEDSL_perc_diff_lag_1,0.32751644,0
2018-02-01,CPIMEDSL_perc_diff_lag_1,-0.033869244,0
2018-03-01,CPIMEDSL_perc_diff_lag_1,0.2935018,0
2018-04-01,CPIMEDSL_perc_diff_lag_1,0.14259605,0
2018-05-01,CPIMEDSL_perc_diff_lag_1,0.13907713,0
2018-06-01,CPIMEDSL_perc_diff_lag_1,0.39970455,0
2018-07-01,CPIMEDSL_perc_diff_lag_1,-0.1189823,0
2018-08-01,CPIMEDSL_perc_diff_lag_1,-0.1236588,0
2018-09-01,CPIMEDSL_perc_diff_lag_1,0.18365549,0
2018-10-01,CPIMEDSL_perc_diff_lag_1,0.15468703,0
2018-11-01,CPIMEDSL_perc_diff_lag_1,0.3724353,0
2018-12-01,CPIMEDSL_perc_diff_lag_1,0.2524316,0
2019-01-01,CPIMEDSL_perc_diff_lag_1,0.22337997,0
2019-02-01,CPIMEDSL_perc_diff_lag_1,-0.205756,0
2019-03-01,CPIMEDSL_perc_diff_lag_1,0.28893793,0
2019-04-01,CPIMEDSL_perc_diff_lag_1,0.33945382,0
2000-01-01,CPIMEDSL_diff_lag_1,0.7000122,0
2000-02-01,CPIMEDSL_diff_lag_1,0.8999939,0
2000-03-01,CPIMEDSL_diff_lag_1,1.2000122,0
2000-04-01,CPIMEDSL_diff_lag_1,0.6999817,0
2000-05-01,CPIMEDSL_diff_lag_1,0.8000183,0
2000-06-01,CPIMEDSL_diff_lag_1,1.0999756,0
2000-07-01,CPIMEDSL_diff_lag_1,0.9000244,0
2000-08-01,CPIMEDSL_diff_lag_1,1.1999817,0
2000-09-01,CPIMEDSL_diff_lag_1,0.8999939,0
2000-10-01,CPIMEDSL_diff_lag_1,0.8000183,0
2000-11-01,CPIMEDSL_diff_lag_1,0.6000061,0
2000-12-01,CPIMEDSL_diff_lag_1,0.8999939,0
2001-01-01,CPIMEDSL_diff_lag_1,1.6000061,0
2001-02-01,CPIMEDSL_diff_lag_1,1.0999756,0
2001-03-01,CPIMEDSL_diff_lag_1,1.1000061,0
2001-04-01,CPIMEDSL_diff_lag_1,1.0,0
2001-05-01,CPIMEDSL_diff_lag_1,0.8999939,0
2001-06-01,CPIMEDSL_diff_lag_1,1.1000061,0
2001-07-01,CPIMEDSL_diff_lag_1,0.3999939,0
2001-08-01,CPIMEDSL_diff_lag_1,1.5,0
2001-09-01,CPIMEDSL_diff_lag_1,0.9000244,0
2001-10-01,CPIMEDSL_diff_lag_1,1.0999756,0
2001-11-01,CPIMEDSL_diff_lag_1,1.1000061,0
2001-12-01,CPIMEDSL_diff_lag_1,0.8000183,0
2002-01-01,CPIMEDSL_diff_lag_1,1.5999756,0
2002-02-01,CPIMEDSL_diff_lag_1,0.6000061,0
2002-03-01,CPIMEDSL_diff_lag_1,1.0,0
2002-04-01,CPIMEDSL_diff_lag_1,1.3000183,0
2002-05-01,CPIMEDSL_diff_lag_1,1.1999817,0
2002-06-01,CPIMEDSL_diff_lag_1,0.7000122,0
2002-07-01,CPIMEDSL_diff_lag_1,1.7999878,0
2002-08-01,CPIMEDSL_diff_lag_1,0.8000183,0
2002-09-01,CPIMEDSL_diff_lag_1,0.8999939,0
2002-10-01,CPIMEDSL_diff_lag_1,1.6999817,0
2002-11-01,CPIMEDSL_diff_lag_1,1.4000244,0
2002-12-01,CPIMEDSL_diff_lag_1,0.8999939,0
2003-01-01,CPIMEDSL_diff_lag_1,0.6000061,0
2003-02-01,CPIMEDSL_diff_lag_1,0.2999878,0
2003-03-01,CPIMEDSL_diff_lag_1,0.3999939,0
2003-04-01,CPIMEDSL_diff_lag_1,0.6000061,0
2003-05-01,CPIMEDSL_diff_lag_1,1.2000122,0
2003-06-01,CPIMEDSL_diff_lag_1,0.8999939,0
2003-07-01,CPIMEDSL_diff_lag_1,1.2999878,0
2003-08-01,CPIMEDSL_diff_lag_1,0.8999939,0
2003-09-01,CPIMEDSL_diff_lag_1,1.5,0
2003-10-01,CPIMEDSL_diff_lag_1,0.6000061,0
2003-11-01,CPIMEDSL_diff_lag_1,1.0,0
2003-12-01,CPIMEDSL_diff_lag_1,1.6000061,0
2004-01-01,CPIMEDSL_diff_lag_1,0.7999878,0
2004-02-01,CPIMEDSL_diff_lag_1,1.4000244,0
2004-03-01,CPIMEDSL_diff_lag_1,1.2999878,0
2004-04-01,CPIMEDSL_diff_lag_1,1.2999878,0
2004-05-01,CPIMEDSL_diff_lag_1,0.8000183,0
2004-06-01,CPIMEDSL_diff_lag_1,1.1999817,0
2004-07-01,CPIMEDSL_diff_lag_1,1.0,0
2004-08-01,CPIMEDSL_diff_lag_1,1.0,0
2004-09-01,CPIMEDSL_diff_lag_1,1.1000061,0
2004-10-01,CPIMEDSL_diff_lag_1,1.1000061,0
2004-11-01,CPIMEDSL_diff_lag_1,0.7000122,0
2004-12-01,CPIMEDSL_diff_lag_1,1.0999756,0
2005-01-01,CPIMEDSL_diff_lag_1,1.1000061,0
2005-02-01,CPIMEDSL_diff_lag_1,1.5,0
2005-03-01,CPIMEDSL_diff_lag_1,1.3000183,0
2005-04-01,CPIMEDSL_diff_lag_1,1.0,0
2005-05-01,CPIMEDSL_diff_lag_1,1.0999756,0
2005-06-01,CPIMEDSL_diff_lag_1,1.0,0
2005-07-01,CPIMEDSL_diff_lag_1,1.3000183,0
2005-08-01,CPIMEDSL_diff_lag_1,0.1000061,0
2005-09-01,CPIMEDSL_diff_lag_1,1.0999756,0
2005-10-01,CPIMEDSL_diff_lag_1,1.6000061,0
2005-11-01,CPIMEDSL_diff_lag_1,1.8000183,0
2005-12-01,CPIMEDSL_diff_lag_1,0.5,0
2006-01-01,CPIMEDSL_diff_lag_1,0.3999939,0
2006-02-01,CPIMEDSL_diff_lag_1,1.6000061,0
2006-03-01,CPIMEDSL_diff_lag_1,1.3999939,0
2006-04-01,CPIMEDSL_diff_lag_1,1.1999817,0
2006-05-01,CPIMEDSL_diff_lag_1,1.2000122,0
2006-06-01,CPIMEDSL_diff_lag_1,1.0,0
2006-07-01,CPIMEDSL_diff_lag_1,0.8999939,0
2006-08-01,CPIMEDSL_diff_lag_1,1.2000122,0
2006-09-01,CPIMEDSL_diff_lag_1,1.0,0
2006-10-01,CPIMEDSL_diff_lag_1,0.8999939,0
2006-11-01,CPIMEDSL_diff_lag_1,0.7999878,0
2006-12-01,CPIMEDSL_diff_lag_1,0.4000244,0
2007-01-01,CPIMEDSL_diff_lag_1,2.3789978,0
2007-02-01,CPIMEDSL_diff_lag_1,1.7709961,0
2007-03-01,CPIMEDSL_diff_lag_1,0.5489807,0
2007-04-01,CPIMEDSL_diff_lag_1,1.4210205,0
2007-05-01,CPIMEDSL_diff_lag_1,1.17099,0
2007-06-01,CPIMEDSL_diff_lag_1,1.0220032,0
2007-07-01,CPIMEDSL_diff_lag_1,2.2059937,0
2007-08-01,CPIMEDSL_diff_lag_1,1.6570129,0
2007-09-01,CPIMEDSL_diff_lag_1,1.1549988,0
2007-10-01,CPIMEDSL_diff_lag_1,1.8119812,0
2007-11-01,CPIMEDSL_diff_lag_1,1.4070129,0
2007-12-01,CPIMEDSL_diff_lag_1,1.1579895,0
2008-01-01,CPIMEDSL_diff_lag_1,1.5550232,0
2008-02-01,CPIMEDSL_diff_lag_1,0.2869873,0
2008-03-01,CPIMEDSL_diff_lag_1,0.7829895,0
2008-04-01,CPIMEDSL_diff_lag_1,0.53900146,0
2008-05-01,CPIMEDSL_diff_lag_1,0.58599854,0
2008-06-01,CPIMEDSL_diff_lag_1,1.0130005,0
2008-07-01,CPIMEDSL_diff_lag_1,0.48501587,0
2008-08-01,CPIMEDSL_diff_lag_1,0.8209839,0
2008-09-01,CPIMEDSL_diff_lag_1,0.8640137,0
2008-10-01,CPIMEDSL_diff_lag_1,0.68899536,0
2008-11-01,CPIMEDSL_diff_lag_1,0.9290161,0
2008-12-01,CPIMEDSL_diff_lag_1,1.288971,0
2009-01-01,CPIMEDSL_diff_lag_1,1.0760193,0
2009-02-01,CPIMEDSL_diff_lag_1,1.0289917,0
2009-03-01,CPIMEDSL_diff_lag_1,0.85198975,0
2009-04-01,CPIMEDSL_diff_lag_1,1.3720093,0
2009-05-01,CPIMEDSL_diff_lag_1,1.2820129,0
2009-06-01,CPIMEDSL_diff_lag_1,0.81799316,0
2009-07-01,CPIMEDSL_diff_lag_1,0.8240051,0
2009-08-01,CPIMEDSL_diff_lag_1,1.0899963,0
2009-09-01,CPIMEDSL_diff_lag_1,1.2680054,0
2009-10-01,CPIMEDSL_diff_lag_1,0.9319763,0
2009-11-01,CPIMEDSL_diff_lag_1,1.1590271,0
2009-12-01,CPIMEDSL_diff_lag_1,0.6609802,0
2010-01-01,CPIMEDSL_diff_lag_1,1.631012,0
2010-02-01,CPIMEDSL_diff_lag_1,1.5660095,0
2010-03-01,CPIMEDSL_diff_lag_1,1.4039917,0
2010-04-01,CPIMEDSL_diff_lag_1,0.87698364,0
2010-05-01,CPIMEDSL_diff_lag_1,0.5050049,0
2010-06-01,CPIMEDSL_diff_lag_1,1.0939941,0
2010-07-01,CPIMEDSL_diff_lag_1,-0.06500244,0
2010-08-01,CPIMEDSL_diff_lag_1,0.93600464,0
2010-09-01,CPIMEDSL_diff_lag_1,2.229004,0
2010-10-01,CPIMEDSL_diff_lag_1,0.6380005,0
2010-11-01,CPIMEDSL_diff_lag_1,0.6090088,0
2010-12-01,CPIMEDSL_diff_lag_1,0.9790039,0
2011-01-01,CPIMEDSL_diff_lag_1,0.5579834,0
2011-02-01,CPIMEDSL_diff_lag_1,1.4460144,0
2011-03-01,CPIMEDSL_diff_lag_1,0.7720032,0
2011-04-01,CPIMEDSL_diff_lag_1,1.4109802,0
2011-05-01,CPIMEDSL_diff_lag_1,1.0200195,0
2011-06-01,CPIMEDSL_diff_lag_1,0.6949768,0
2011-07-01,CPIMEDSL_diff_lag_1,1.1230164,0
2011-08-01,CPIMEDSL_diff_lag_1,0.84799194,0
2011-09-01,CPIMEDSL_diff_lag_1,0.81500244,0
2011-10-01,CPIMEDSL_diff_lag_1,1.8659973,0
2011-11-01,CPIMEDSL_diff_lag_1,1.6830139,0
2011-12-01,CPIMEDSL_diff_lag_1,1.4790039,0
2012-01-01,CPIMEDSL_diff_lag_1,1.1640015,0
2012-02-01,CPIMEDSL_diff_lag_1,0.4960022,0
2012-03-01,CPIMEDSL_diff_lag_1,1.3669739,0
2012-04-01,CPIMEDSL_diff_lag_1,1.2180176,0
2012-05-01,CPIMEDSL_diff_lag_1,1.3890076,0
2012-06-01,CPIMEDSL_diff_lag_1,2.4249878,0
2012-07-01,CPIMEDSL_diff_lag_1,1.7149963,0
2012-08-01,CPIMEDSL_diff_lag_1,0.5509949,0
2012-09-01,CPIMEDSL_diff_lag_1,0.89801025,0
2012-10-01,CPIMEDSL_diff_lag_1,0.6170044,0
2012-11-01,CPIMEDSL_diff_lag_1,0.43899536,0
2012-12-01,CPIMEDSL_diff_lag_1,0.8120117,0
2013-01-01,CPIMEDSL_diff_lag_1,0.79299927,0
2013-02-01,CPIMEDSL_diff_lag_1,0.4869995,0
2013-03-01,CPIMEDSL_diff_lag_1,1.4879761,0
2013-04-01,CPIMEDSL_diff_lag_1,-0.06399536,0
2013-05-01,CPIMEDSL_diff_lag_1,-0.7089844,0
2013-06-01,CPIMEDSL_diff_lag_1,1.9700012,0
2013-07-01,CPIMEDSL_diff_lag_1,0.72198486,0
2013-08-01,CPIMEDSL_diff_lag_1,2.1600037,0
2013-09-01,CPIMEDSL_diff_lag_1,1.1220093,0
2013-10-01,CPIMEDSL_diff_lag_1,0.29599,0
2013-11-01,CPIMEDSL_diff_lag_1,-0.10101318,0
2013-12-01,CPIMEDSL_diff_lag_1,0.13702393,0
2014-01-01,CPIMEDSL_diff_lag_1,1.3670044,0
2014-02-01,CPIMEDSL_diff_lag_1,1.1479797,0
2014-03-01,CPIMEDSL_diff_lag_1,1.0740051,0
2014-04-01,CPIMEDSL_diff_lag_1,1.0490112,0
2014-05-01,CPIMEDSL_diff_lag_1,1.0019836,0
2014-06-01,CPIMEDSL_diff_lag_1,0.9250183,0
2014-07-01,CPIMEDSL_diff_lag_1,0.67700195,0
2014-08-01,CPIMEDSL_diff_lag_1,0.17697144,0
2014-09-01,CPIMEDSL_diff_lag_1,1.0500183,0
2014-10-01,CPIMEDSL_diff_lag_1,0.6669922,0
2014-11-01,CPIMEDSL_diff_lag_1,1.6499939,0
2014-12-01,CPIMEDSL_diff_lag_1,2.0559998,0
2015-01-01,CPIMEDSL_diff_lag_1,-0.16897583,0
2015-02-01,CPIMEDSL_diff_lag_1,-0.21401978,0
2015-03-01,CPIMEDSL_diff_lag_1,1.6900024,0
2015-04-01,CPIMEDSL_diff_lag_1,3.1210022,0
2015-05-01,CPIMEDSL_diff_lag_1,0.6459961,0
2015-06-01,CPIMEDSL_diff_lag_1,-0.4710083,0
2015-07-01,CPIMEDSL_diff_lag_1,0.6660156,0
2015-08-01,CPIMEDSL_diff_lag_1,0.08999634,0
2015-09-01,CPIMEDSL_diff_lag_1,1.0209961,0
2015-10-01,CPIMEDSL_diff_lag_1,3.026001,0
2015-11-01,CPIMEDSL_diff_lag_1,1.5429993,0
2015-12-01,CPIMEDSL_diff_lag_1,0.4460144,0
2016-01-01,CPIMEDSL_diff_lag_1,1.5870056,0
2016-02-01,CPIMEDSL_diff_lag_1,2.092987,0
2016-03-01,CPIMEDSL_diff_lag_1,0.7340088,0
2016-04-01,CPIMEDSL_diff_lag_1,1.946991,0
2016-05-01,CPIMEDSL_diff_lag_1,1.2059937,0
2016-06-01,CPIMEDSL_diff_lag_1,1.4219971,0
2016-07-01,CPIMEDSL_diff_lag_1,2.3200073,0
2016-08-01,CPIMEDSL_diff_lag_1,4.5390015,0
2016-09-01,CPIMEDSL_diff_lag_1,1.0799866,0
2016-10-01,CPIMEDSL_diff_lag_1,0.34100342,0
2016-11-01,CPIMEDSL_diff_lag_1,0.32800293,0
2016-12-01,CPIMEDSL_diff_lag_1,0.8380127,0
2017-01-01,CPIMEDSL_diff_lag_1,0.64797974,0
2017-02-01,CPIMEDSL_diff_lag_1,0.80200195,0
2017-03-01,CPIMEDSL_diff_lag_1,0.37701416,0
2017-04-01,CPIMEDSL_diff_lag_1,-0.3300171,0
2017-05-01,CPIMEDSL_diff_lag_1,-0.19998169,0
2017-06-01,CPIMEDSL_diff_lag_1,1.5379944,0
2017-07-01,CPIMEDSL_diff_lag_1,2.0240173,0
2017-08-01,CPIMEDSL_diff_lag_1,1.0769958,0
2017-09-01,CPIMEDSL_diff_lag_1,-0.057006836,0
2017-10-01,CPIMEDSL_diff_lag_1,0.88998413,0
2017-11-01,CPIMEDSL_diff_lag_1,0.29699707,0
2017-12-01,CPIMEDSL_diff_lag_1,1.3150024,0
2018-01-01,CPIMEDSL_diff_lag_1,1.5710144,0
2018-02-01,CPIMEDSL_diff_lag_1,-0.16299438,0
2018-03-01,CPIMEDSL_diff_lag_1,1.4119873,0
2018-04-01,CPIMEDSL_diff_lag_1,0.6880188,0
2018-05-01,CPIMEDSL_diff_lag_1,0.6719971,0
2018-06-01,CPIMEDSL_diff_lag_1,1.9339905,0
2018-07-01,CPIMEDSL_diff_lag_1,-0.5780029,0
2018-08-01,CPIMEDSL_diff_lag_1,-0.6000061,0
2018-09-01,CPIMEDSL_diff_lag_1,0.89001465,0
2018-10-01,CPIMEDSL_diff_lag_1,0.7510071,0
2018-11-01,CPIMEDSL_diff_lag_1,1.8109741,0
2018-12-01,CPIMEDSL_diff_lag_1,1.2320251,0
2019-01-01,CPIMEDSL_diff_lag_1,1.0929871,0
2019-02-01,CPIMEDSL_diff_lag_1,-1.0090027,0
2019-03-01,CPIMEDSL_diff_lag_1,1.4140015,0
2019-04-01,CPIMEDSL_diff_lag_1,1.6660156,0
2000-01-01,LNS18100000_perc_diff_lag_1,282.67148,0
2000-02-01,LNS18100000_perc_diff_lag_1,-73.113205,0
2000-03-01,LNS18100000_perc_diff_lag_1,-8.070175,0
2000-04-01,LNS18100000_perc_diff_lag_1,11.832061,0
2000-05-01,LNS18100000_perc_diff_lag_1,-9.556314,0
2000-06-01,LNS18100000_perc_diff_lag_1,3.3962264,0
2000-07-01,LNS18100000_perc_diff_lag_1,-7.6642337,0
2000-08-01,LNS18100000_perc_diff_lag_1,18.972332,0
2000-09-01,LNS18100000_perc_diff_lag_1,-13.953488,0
2000-10-01,LNS18100000_perc_diff_lag_1,12.355212,0
2000-11-01,LNS18100000_perc_diff_lag_1,2.0618556,0
2000-12-01,LNS18100000_perc_diff_lag_1,6.060606,0
2001-01-01,LNS18100000_perc_diff_lag_1,-21.587301,0
2001-02-01,LNS18100000_perc_diff_lag_1,20.647774,0
2001-03-01,LNS18100000_perc_diff_lag_1,-2.6845639,0
2001-04-01,LNS18100000_perc_diff_lag_1,-3.1034484,0
2001-05-01,LNS18100000_perc_diff_lag_1,4.9822063,0
2001-06-01,LNS18100000_perc_diff_lag_1,2.0338984,0
2001-07-01,LNS18100000_perc_diff_lag_1,-6.3122926,0
2001-08-01,LNS18100000_perc_diff_lag_1,15.602837,0
2001-09-01,LNS18100000_perc_diff_lag_1,-7.97546,0
2001-10-01,LNS18100000_perc_diff_lag_1,-13.0,0
2001-11-01,LNS18100000_perc_diff_lag_1,27.969349,0
2001-12-01,LNS18100000_perc_diff_lag_1,-15.868263,0
2002-01-01,LNS18100000_perc_diff_lag_1,22.064056,0
2002-02-01,LNS18100000_perc_diff_lag_1,-5.247813,0
2002-03-01,LNS18100000_perc_diff_lag_1,-24.923077,0
2002-04-01,LNS18100000_perc_diff_lag_1,17.213116,0
2002-05-01,LNS18100000_perc_diff_lag_1,4.195804,0
2002-06-01,LNS18100000_perc_diff_lag_1,-8.053691,0
2002-07-01,LNS18100000_perc_diff_lag_1,6.2043796,0
2002-08-01,LNS18100000_perc_diff_lag_1,33.333332,0
2002-09-01,LNS18100000_perc_diff_lag_1,-22.680412,0
2002-10-01,LNS18100000_perc_diff_lag_1,20.0,0
2002-11-01,LNS18100000_perc_diff_lag_1,-15.0,0
2002-12-01,LNS18100000_perc_diff_lag_1,-16.666666,0
2003-01-01,LNS18100000_perc_diff_lag_1,144.31372,0
2003-02-01,LNS18100000_perc_diff_lag_1,-50.882824,0
2003-03-01,LNS18100000_perc_diff_lag_1,-12.091503,0
2003-04-01,LNS18100000_perc_diff_lag_1,18.215614,0
2003-05-01,LNS18100000_perc_diff_lag_1,5.6603775,0
2003-06-01,LNS18100000_perc_diff_lag_1,-16.071428,0
2003-07-01,LNS18100000_perc_diff_lag_1,31.560284,0
2003-08-01,LNS18100000_perc_diff_lag_1,-7.8167114,0
2003-09-01,LNS18100000_perc_diff_lag_1,2.631579,0
2003-10-01,LNS18100000_perc_diff_lag_1,19.94302,0
2003-11-01,LNS18100000_perc_diff_lag_1,-26.840855,0
2003-12-01,LNS18100000_perc_diff_lag_1,0.97402596,0
2004-01-01,LNS18100000_perc_diff_lag_1,-7.717042,0
2004-02-01,LNS18100000_perc_diff_lag_1,-6.9686413,0
2004-03-01,LNS18100000_perc_diff_lag_1,8.988764,0
2004-04-01,LNS18100000_perc_diff_lag_1,4.123711,0
2004-05-01,LNS18100000_perc_diff_lag_1,2.970297,0
2004-06-01,LNS18100000_perc_diff_lag_1,7.6923075,0
2004-07-01,LNS18100000_perc_diff_lag_1,-0.29761904,0
2004-08-01,LNS18100000_perc_diff_lag_1,-11.940298,0
2004-09-01,LNS18100000_perc_diff_lag_1,11.18644,0
2004-10-01,LNS18100000_perc_diff_lag_1,-4.268293,0
2004-11-01,LNS18100000_perc_diff_lag_1,-1.910828,0
2004-12-01,LNS18100000_perc_diff_lag_1,4.2207794,0
2005-01-01,LNS18100000_perc_diff_lag_1,7.788162,0
2005-02-01,LNS18100000_perc_diff_lag_1,-15.317919,0
2005-03-01,LNS18100000_perc_diff_lag_1,7.5085325,0
2005-04-01,LNS18100000_perc_diff_lag_1,-10.476191,0
2005-05-01,LNS18100000_perc_diff_lag_1,8.510638,0
2005-06-01,LNS18100000_perc_diff_lag_1,11.764706,0
2005-07-01,LNS18100000_perc_diff_lag_1,-7.017544,0
2005-08-01,LNS18100000_perc_diff_lag_1,5.9748425,0
2005-09-01,LNS18100000_perc_diff_lag_1,5.341246,0
2005-10-01,LNS18100000_perc_diff_lag_1,-12.676056,0
2005-11-01,LNS18100000_perc_diff_lag_1,29.35484,0
2005-12-01,LNS18100000_perc_diff_lag_1,-18.204489,0
2006-01-01,LNS18100000_perc_diff_lag_1,19.817074,0
2006-02-01,LNS18100000_perc_diff_lag_1,-12.468193,0
2006-03-01,LNS18100000_perc_diff_lag_1,-10.4651165,0
2006-04-01,LNS18100000_perc_diff_lag_1,-1.6233766,0
2006-05-01,LNS18100000_perc_diff_lag_1,-2.640264,0
2006-06-01,LNS18100000_perc_diff_lag_1,15.254237,0
2006-07-01,LNS18100000_perc_diff_lag_1,-13.235294,0
2006-08-01,LNS18100000_perc_diff_lag_1,14.576271,0
2006-09-01,LNS18100000_perc_diff_lag_1,-7.3964496,0
2006-10-01,LNS18100000_perc_diff_lag_1,-7.667732,0
2006-11-01,LNS18100000_perc_diff_lag_1,15.224914,0
2006-12-01,LNS18100000_perc_diff_lag_1,6.3063064,0
2007-01-01,LNS18100000_perc_diff_lag_1,50.564972,0
2007-02-01,LNS18100000_perc_diff_lag_1,-42.4015,0
2007-03-01,LNS18100000_perc_diff_lag_1,-3.583062,0
2007-04-01,LNS18100000_perc_diff_lag_1,2.7027028,0
2007-05-01,LNS18100000_perc_diff_lag_1,16.776316,0
2007-06-01,LNS18100000_perc_diff_lag_1,-26.760563,0
2007-07-01,LNS18100000_perc_diff_lag_1,40.76923,0
2007-08-01,LNS18100000_perc_diff_lag_1,-2.4590163,0
2007-09-01,LNS18100000_perc_diff_lag_1,-9.243697,0
2007-10-01,LNS18100000_perc_diff_lag_1,6.1728396,0
2007-11-01,LNS18100000_perc_diff_lag_1,-9.883721,0
2007-12-01,LNS18100000_perc_diff_lag_1,-2.903226,0
2008-01-01,LNS18100000_perc_diff_lag_1,20.265781,0
2008-02-01,LNS18100000_perc_diff_lag_1,-8.2872925,0
2008-03-01,LNS18100000_perc_diff_lag_1,-16.566265,0
2008-04-01,LNS18100000_perc_diff_lag_1,22.382671,0
2008-05-01,LNS18100000_perc_diff_lag_1,-0.88495576,0
2008-06-01,LNS18100000_perc_diff_lag_1,-8.333333,0
2008-07-01,LNS18100000_perc_diff_lag_1,56.16883,0
2008-08-01,LNS18100000_perc_diff_lag_1,-30.97713,0
2008-09-01,LNS18100000_perc_diff_lag_1,8.73494,0
2008-10-01,LNS18100000_perc_diff_lag_1,3.0470915,0
2008-11-01,LNS18100000_perc_diff_lag_1,-23.92473,0
2008-12-01,LNS18100000_perc_diff_lag_1,3.180212,0
2009-01-01,LNS18100000_perc_diff_lag_1,15.753425,0
2009-02-01,LNS18100000_perc_diff_lag_1,-20.414202,0
2009-03-01,LNS18100000_perc_diff_lag_1,22.67658,0
2009-04-01,LNS18100000_perc_diff_lag_1,-3.6363637,0
2009-05-01,LNS18100000_perc_diff_lag_1,-9.748427,0
2009-06-01,LNS18100000_perc_diff_lag_1,10.104529,0
2009-07-01,LNS18100000_perc_diff_lag_1,64.87342,0
2009-08-01,LNS18100000_perc_diff_lag_1,-41.650673,0
2009-09-01,LNS18100000_perc_diff_lag_1,9.868421,0
2009-10-01,LNS18100000_perc_diff_lag_1,7.185629,0
2009-11-01,LNS18100000_perc_diff_lag_1,-15.921787,0
2009-12-01,LNS18100000_perc_diff_lag_1,12.292358,0
2010-01-01,LNS18100000_perc_diff_lag_1,-5.029586,0
2010-02-01,LNS18100000_perc_diff_lag_1,-7.788162,0
2010-03-01,LNS18100000_perc_diff_lag_1,-8.1081085,0
2010-04-01,LNS18100000_perc_diff_lag_1,8.088235,0
2010-05-01,LNS18100000_perc_diff_lag_1,2.7210884,0
2010-06-01,LNS18100000_perc_diff_lag_1,28.807947,0
2010-07-01,LNS18100000_perc_diff_lag_1,10.025707,0
2010-08-01,LNS18100000_perc_diff_lag_1,-30.140186,0
2010-09-01,LNS18100000_perc_diff_lag_1,28.762543,0
2010-10-01,LNS18100000_perc_diff_lag_1,-25.454546,0
2010-11-01,LNS18100000_perc_diff_lag_1,3.1358886,0
2010-12-01,LNS18100000_perc_diff_lag_1,12.162162,0
2011-01-01,LNS18100000_perc_diff_lag_1,9.036144,0
2011-02-01,LNS18100000_perc_diff_lag_1,-10.220995,0
2011-03-01,LNS18100000_perc_diff_lag_1,-7.6923075,0
2011-04-01,LNS18100000_perc_diff_lag_1,-3.0,0
2011-05-01,LNS18100000_perc_diff_lag_1,-6.5292096,0
2011-06-01,LNS18100000_perc_diff_lag_1,23.529411,0
2011-07-01,LNS18100000_perc_diff_lag_1,22.619047,0
2011-08-01,LNS18100000_perc_diff_lag_1,-22.08738,0
2011-09-01,LNS18100000_perc_diff_lag_1,12.772586,0
2011-10-01,LNS18100000_perc_diff_lag_1,-9.668509,0
2011-11-01,LNS18100000_perc_diff_lag_1,-4.587156,0
2011-12-01,LNS18100000_perc_diff_lag_1,-23.717949,0
2012-01-01,LNS18100000_perc_diff_lag_1,324.36975,0
2012-02-01,LNS18100000_perc_diff_lag_1,-64.95049,0
2012-03-01,LNS18100000_perc_diff_lag_1,-14.689265,0
2012-04-01,LNS18100000_perc_diff_lag_1,0.9933775,0
2012-05-01,LNS18100000_perc_diff_lag_1,7.8688526,0
2012-06-01,LNS18100000_perc_diff_lag_1,-6.382979,0
2012-07-01,LNS18100000_perc_diff_lag_1,52.597404,0
2012-08-01,LNS18100000_perc_diff_lag_1,-23.19149,0
2012-09-01,LNS18100000_perc_diff_lag_1,-3.0470915,0
2012-10-01,LNS18100000_perc_diff_lag_1,-8.857142,0
2012-11-01,LNS18100000_perc_diff_lag_1,8.77743,0
2012-12-01,LNS18100000_perc_diff_lag_1,-9.510086,0
2013-01-01,LNS18100000_perc_diff_lag_1,36.305733,0
2013-02-01,LNS18100000_perc_diff_lag_1,-28.271029,0
2013-03-01,LNS18100000_perc_diff_lag_1,2.2801304,0
2013-04-01,LNS18100000_perc_diff_lag_1,-9.235669,0
2013-05-01,LNS18100000_perc_diff_lag_1,6.3157897,0
2013-06-01,LNS18100000_perc_diff_lag_1,3.630363,0
2013-07-01,LNS18100000_perc_diff_lag_1,55.095543,0
2013-08-01,LNS18100000_perc_diff_lag_1,-29.979465,0
2013-09-01,LNS18100000_perc_diff_lag_1,-2.0527859,0
2013-10-01,LNS18100000_perc_diff_lag_1,8.383233,0
2013-11-01,LNS18100000_perc_diff_lag_1,-6.077348,0
2013-12-01,LNS18100000_perc_diff_lag_1,-9.411765,0
2014-01-01,LNS18100000_perc_diff_lag_1,5.194805,0
2014-02-01,LNS18100000_perc_diff_lag_1,-12.962963,0
2014-03-01,LNS18100000_perc_diff_lag_1,7.4468083,0
2014-04-01,LNS18100000_perc_diff_lag_1,22.112211,0
2014-05-01,LNS18100000_perc_diff_lag_1,-15.675675,0
2014-06-01,LNS18100000_perc_diff_lag_1,12.820513,0
2014-07-01,LNS18100000_perc_diff_lag_1,43.75,0
2014-08-01,LNS18100000_perc_diff_lag_1,-32.015812,0
2014-09-01,LNS18100000_perc_diff_lag_1,-12.209302,0
2014-10-01,LNS18100000_perc_diff_lag_1,16.225166,0
2014-11-01,LNS18100000_perc_diff_lag_1,-20.79772,0
2014-12-01,LNS18100000_perc_diff_lag_1,2.877698,0
2015-01-01,LNS18100000_perc_diff_lag_1,94.75524,0
2015-02-01,LNS18100000_perc_diff_lag_1,-40.035908,0
2015-03-01,LNS18100000_perc_diff_lag_1,-6.287425,0
2015-04-01,LNS18100000_perc_diff_lag_1,3.833866,0
2015-05-01,LNS18100000_perc_diff_lag_1,-14.769231,0
2015-06-01,LNS18100000_perc_diff_lag_1,10.108303,0
2015-07-01,LNS18100000_perc_diff_lag_1,115.409836,0
2015-08-01,LNS18100000_perc_diff_lag_1,-57.53425,0
2015-09-01,LNS18100000_perc_diff_lag_1,30.46595,0
2015-10-01,LNS18100000_perc_diff_lag_1,7.6923075,0
2015-11-01,LNS18100000_perc_diff_lag_1,-19.387754,0
2015-12-01,LNS18100000_perc_diff_lag_1,2.8481014,0
2016-01-01,LNS18100000_perc_diff_lag_1,26.76923,0
2016-02-01,LNS18100000_perc_diff_lag_1,-26.941748,0
2016-03-01,LNS18100000_perc_diff_lag_1,4.318937,0
2016-04-01,LNS18100000_perc_diff_lag_1,-7.9617834,0
2016-05-01,LNS18100000_perc_diff_lag_1,8.304499,0
2016-06-01,LNS18100000_perc_diff_lag_1,22.04473,0
2016-07-01,LNS18100000_perc_diff_lag_1,51.3089,0
2016-08-01,LNS18100000_perc_diff_lag_1,-42.041523,0
2016-09-01,LNS18100000_perc_diff_lag_1,6.2686567,0
2016-10-01,LNS18100000_perc_diff_lag_1,-10.11236,0
2016-11-01,LNS18100000_perc_diff_lag_1,10.9375,0
2016-12-01,LNS18100000_perc_diff_lag_1,-10.704226,0
2017-01-01,LNS18100000_perc_diff_lag_1,12.933754,0
2017-02-01,LNS18100000_perc_diff_lag_1,-10.893855,0
2017-03-01,LNS18100000_perc_diff_lag_1,-14.733542,0
2017-04-01,LNS18100000_perc_diff_lag_1,-4.4117646,0
2017-05-01,LNS18100000_perc_diff_lag_1,15.384615,0
2017-06-01,LNS18100000_perc_diff_lag_1,1.6666666,0
2017-07-01,LNS18100000_perc_diff_lag_1,53.114754,0
2017-08-01,LNS18100000_perc_diff_lag_1,-17.558886,0
2017-09-01,LNS18100000_perc_diff_lag_1,-15.584415,0
2017-10-01,LNS18100000_perc_diff_lag_1,6.4615383,0
2017-11-01,LNS18100000_perc_diff_lag_1,-7.2254333,0
2017-12-01,LNS18100000_perc_diff_lag_1,0.0,0
2018-01-01,LNS18100000_perc_diff_lag_1,48.286606,0
2018-02-01,LNS18100000_perc_diff_lag_1,-38.235294,0
2018-03-01,LNS18100000_perc_diff_lag_1,-4.4217687,0
2018-04-01,LNS18100000_perc_diff_lag_1,2.1352313,0
2018-05-01,LNS18100000_perc_diff_lag_1,16.376307,0
2018-06-01,LNS18100000_perc_diff_lag_1,-2.3952096,0
2018-07-01,LNS18100000_perc_diff_lag_1,40.797546,0
2018-08-01,LNS18100000_perc_diff_lag_1,-22.875816,0
2018-09-01,LNS18100000_perc_diff_lag_1,-0.84745765,0
2018-10-01,LNS18100000_perc_diff_lag_1,-14.245014,0
2018-11-01,LNS18100000_perc_diff_lag_1,9.966778,0
2018-12-01,LNS18100000_perc_diff_lag_1,0.6042296,0
2019-01-01,LNS18100000_perc_diff_lag_1,-3.6036036,0
2019-02-01,LNS18100000_perc_diff_lag_1,1.2461059,0
2019-03-01,LNS18100000_perc_diff_lag_1,-20.307692,0
2019-04-01,LNS18100000_perc_diff_lag_1,8.494208,0
2000-01-01,EXJPUS_diff_lag_1,2.7117004,0
2000-02-01,EXJPUS_diff_lag_1,4.092499,0
2000-03-01,EXJPUS_diff_lag_1,-3.0810928,0
2000-04-01,EXJPUS_diff_lag_1,-0.68040466,0
2000-05-01,EXJPUS_diff_lag_1,2.6935043,0
2000-06-01,EXJPUS_diff_lag_1,-2.1949997,0
2000-07-01,EXJPUS_diff_lag_1,2.0859985,0
2000-08-01,EXJPUS_diff_lag_1,-0.13110352,0
2000-09-01,EXJPUS_diff_lag_1,-1.242897,0
2000-10-01,EXJPUS_diff_lag_1,1.6054001,0
2000-11-01,EXJPUS_diff_lag_1,0.566597,0
2000-12-01,EXJPUS_diff_lag_1,3.199501,0
2001-01-01,EXJPUS_diff_lag_1,4.4628983,0
2001-02-01,EXJPUS_diff_lag_1,-0.43819427,0
2001-03-01,EXJPUS_diff_lag_1,5.2712936,0
2001-04-01,EXJPUS_diff_lag_1,2.2660065,0
2001-05-01,EXJPUS_diff_lag_1,-2.0028,0
2001-06-01,EXJPUS_diff_lag_1,0.5827942,0
2001-07-01,EXJPUS_diff_lag_1,2.1471024,0
2001-08-01,EXJPUS_diff_lag_1,-3.1311035,0
2001-09-01,EXJPUS_diff_lag_1,-2.7552948,0
2001-10-01,EXJPUS_diff_lag_1,2.841896,0
2001-11-01,EXJPUS_diff_lag_1,0.9519043,0
2001-12-01,EXJPUS_diff_lag_1,5.1889954,0
2002-01-01,EXJPUS_diff_lag_1,5.088806,0
2002-02-01,EXJPUS_diff_lag_1,0.95928955,0
2002-03-01,EXJPUS_diff_lag_1,-2.5815887,0
2002-04-01,EXJPUS_diff_lag_1,-0.28919983,0
2002-05-01,EXJPUS_diff_lag_1,-4.396805,0
2002-06-01,EXJPUS_diff_lag_1,-3.0845032,0
2002-07-01,EXJPUS_diff_lag_1,-5.3913956,0
2002-08-01,EXJPUS_diff_lag_1,1.0935974,0
2002-09-01,EXJPUS_diff_lag_1,2.0853043,0
2002-10-01,EXJPUS_diff_lag_1,2.8296967,0
2002-11-01,EXJPUS_diff_lag_1,-2.299797,0
2002-12-01,EXJPUS_diff_lag_1,0.28499603,0
2003-01-01,EXJPUS_diff_lag_1,-3.0795975,0
2003-02-01,EXJPUS_diff_lag_1,0.52459717,0
2003-03-01,EXJPUS_diff_lag_1,-0.650795,0
2003-04-01,EXJPUS_diff_lag_1,1.2078934,0
2003-05-01,EXJPUS_diff_lag_1,-2.5268936,0
2003-06-01,EXJPUS_diff_lag_1,0.96089935,0
2003-07-01,EXJPUS_diff_lag_1,0.36689758,0
2003-08-01,EXJPUS_diff_lag_1,-0.03350067,0
2003-09-01,EXJPUS_diff_lag_1,-3.8623962,0
2003-10-01,EXJPUS_diff_lag_1,-5.3045044,0
2003-11-01,EXJPUS_diff_lag_1,-0.31769562,0
2003-12-01,EXJPUS_diff_lag_1,-1.4401016,0
2004-01-01,EXJPUS_diff_lag_1,-1.4692001,0
2004-02-01,EXJPUS_diff_lag_1,0.43939972,0
2004-03-01,EXJPUS_diff_lag_1,1.8078003,0
2004-04-01,EXJPUS_diff_lag_1,-0.8592987,0
2004-05-01,EXJPUS_diff_lag_1,4.5395966,0
2004-06-01,EXJPUS_diff_lag_1,-2.7623978,0
2004-07-01,EXJPUS_diff_lag_1,0.053497314,0
2004-08-01,EXJPUS_diff_lag_1,0.7464981,0
2004-09-01,EXJPUS_diff_lag_1,-0.14219666,0
2004-10-01,EXJPUS_diff_lag_1,-1.3078995,0
2004-11-01,EXJPUS_diff_lag_1,-4.084503,0
2004-12-01,EXJPUS_diff_lag_1,-0.8885956,0
2005-01-01,EXJPUS_diff_lag_1,-0.4693985,0
2005-02-01,EXJPUS_diff_lag_1,1.6031952,0
2005-03-01,EXJPUS_diff_lag_1,0.31010437,0
2005-04-01,EXJPUS_diff_lag_1,1.9394989,0
2005-05-01,EXJPUS_diff_lag_1,-0.5986023,0
2005-06-01,EXJPUS_diff_lag_1,2.1520996,0
2005-07-01,EXJPUS_diff_lag_1,3.2061996,0
2005-08-01,EXJPUS_diff_lag_1,-1.3470001,0
2005-09-01,EXJPUS_diff_lag_1,0.6324997,0
2005-10-01,EXJPUS_diff_lag_1,3.6305008,0
2005-11-01,EXJPUS_diff_lag_1,3.5845032,0
2005-12-01,EXJPUS_diff_lag_1,0.008399963,0
2006-01-01,EXJPUS_diff_lag_1,-2.9859009,0
2006-02-01,EXJPUS_diff_lag_1,2.383995,0
2006-03-01,EXJPUS_diff_lag_1,-0.582695,0
2006-04-01,EXJPUS_diff_lag_1,-0.20829773,0
2006-05-01,EXJPUS_diff_lag_1,-5.3390045,0
2006-06-01,EXJPUS_diff_lag_1,2.8945007,0
2006-07-01,EXJPUS_diff_lag_1,1.1419983,0
2006-08-01,EXJPUS_diff_lag_1,0.15730286,0
2006-09-01,EXJPUS_diff_lag_1,1.2901993,0
2006-10-01,EXJPUS_diff_lag_1,1.3945007,0
2006-11-01,EXJPUS_diff_lag_1,-1.2884979,0
2006-12-01,EXJPUS_diff_lag_1,0.0014953613,0
2007-01-01,EXJPUS_diff_lag_1,3.1250992,0
2007-02-01,EXJPUS_diff_lag_1,0.05760193,0
2007-03-01,EXJPUS_diff_lag_1,-3.2446976,0
2007-04-01,EXJPUS_diff_lag_1,1.6724014,0
2007-05-01,EXJPUS_diff_lag_1,1.8407974,0
2007-06-01,EXJPUS_diff_lag_1,1.9153976,0
2007-07-01,EXJPUS_diff_lag_1,-1.2737961,0
2007-08-01,EXJPUS_diff_lag_1,-4.681305,0
2007-09-01,EXJPUS_diff_lag_1,-1.6899948,0
2007-10-01,EXJPUS_diff_lag_1,0.8225937,0
2007-11-01,EXJPUS_diff_lag_1,-4.7931976,0
2007-12-01,EXJPUS_diff_lag_1,1.3760986,0
2008-01-01,EXJPUS_diff_lag_1,-4.6308975,0
2008-02-01,EXJPUS_diff_lag_1,-0.7881012,0
2008-03-01,EXJPUS_diff_lag_1,-6.273796,0
2008-04-01,EXJPUS_diff_lag_1,1.9214935,0
2008-05-01,EXJPUS_diff_lag_1,1.6818008,0
2008-06-01,EXJPUS_diff_lag_1,2.5557022,0
2008-07-01,EXJPUS_diff_lag_1,-0.06340027,0
2008-08-01,EXJPUS_diff_lag_1,2.5105972,0
2008-09-01,EXJPUS_diff_lag_1,-2.7875977,0
2008-10-01,EXJPUS_diff_lag_1,-6.608902,0
2008-11-01,EXJPUS_diff_lag_1,-3.0002975,0
2008-12-01,EXJPUS_diff_lag_1,-5.6905975,0
2009-01-01,EXJPUS_diff_lag_1,-1.1545029,0
2009-02-01,EXJPUS_diff_lag_1,2.7953033,0
2009-03-01,EXJPUS_diff_lag_1,4.9392014,0
2009-04-01,EXJPUS_diff_lag_1,1.0649948,0
2009-05-01,EXJPUS_diff_lag_1,-2.2754974,0
2009-06-01,EXJPUS_diff_lag_1,-0.02999878,0
2009-07-01,EXJPUS_diff_lag_1,-2.2475052,0
2009-08-01,EXJPUS_diff_lag_1,0.5301056,0
2009-09-01,EXJPUS_diff_lag_1,-3.6222992,0
2009-10-01,EXJPUS_diff_lag_1,-0.9076996,0
2009-11-01,EXJPUS_diff_lag_1,-1.0997009,0
2009-12-01,EXJPUS_diff_lag_1,0.68349457,0
2010-01-01,EXJPUS_diff_lag_1,1.1501999,0
2010-02-01,EXJPUS_diff_lag_1,-0.9615936,0
2010-03-01,EXJPUS_diff_lag_1,0.5765991,0
2010-04-01,EXJPUS_diff_lag_1,2.7365952,0
2010-05-01,EXJPUS_diff_lag_1,-1.4796982,0
2010-06-01,EXJPUS_diff_lag_1,-1.167099,0
2010-07-01,EXJPUS_diff_lag_1,-3.305397,0
2010-08-01,EXJPUS_diff_lag_1,-2.1278,0
2010-09-01,EXJPUS_diff_lag_1,-1.0156021,0
2010-10-01,EXJPUS_diff_lag_1,-2.628601,0
2010-11-01,EXJPUS_diff_lag_1,0.7894974,0
2010-12-01,EXJPUS_diff_lag_1,0.81960297,0
2011-01-01,EXJPUS_diff_lag_1,-0.7126007,0
2011-02-01,EXJPUS_diff_lag_1,-0.08820343,0
2011-03-01,EXJPUS_diff_lag_1,-0.8897934,0
2011-04-01,EXJPUS_diff_lag_1,1.530098,0
2011-05-01,EXJPUS_diff_lag_1,-2.0513992,0
2011-06-01,EXJPUS_diff_lag_1,-0.6997986,0
2011-07-01,EXJPUS_diff_lag_1,-1.183403,0
2011-08-01,EXJPUS_diff_lag_1,-2.276802,0
2011-09-01,EXJPUS_diff_lag_1,-0.16999817,0
2011-10-01,EXJPUS_diff_lag_1,-0.15270233,0
2011-11-01,EXJPUS_diff_lag_1,0.9165039,0
2011-12-01,EXJPUS_diff_lag_1,0.23719788,0
2012-01-01,EXJPUS_diff_lag_1,-0.83270264,0
2012-02-01,EXJPUS_diff_lag_1,1.5060043,0
2012-03-01,EXJPUS_diff_lag_1,3.9958954,0
2012-04-01,EXJPUS_diff_lag_1,-1.2134933,0
2012-05-01,EXJPUS_diff_lag_1,-1.5856018,0
2012-06-01,EXJPUS_diff_lag_1,-0.35160065,0
2012-07-01,EXJPUS_diff_lag_1,-0.3804016,0
2012-08-01,EXJPUS_diff_lag_1,-0.24389648,0
2012-09-01,EXJPUS_diff_lag_1,-0.555603,0
2012-10-01,EXJPUS_diff_lag_1,0.87789917,0
2012-11-01,EXJPUS_diff_lag_1,2.0173035,0
2012-12-01,EXJPUS_diff_lag_1,2.7599945,0
2013-01-01,EXJPUS_diff_lag_1,5.267601,0
2013-02-01,EXJPUS_diff_lag_1,3.9435043,0
2013-03-01,EXJPUS_diff_lag_1,1.7683945,0
2013-04-01,EXJPUS_diff_lag_1,2.988205,0
2013-05-01,EXJPUS_diff_lag_1,3.1604004,0
2013-06-01,EXJPUS_diff_lag_1,-3.6836014,0
2013-07-01,EXJPUS_diff_lag_1,2.4376984,0
2013-08-01,EXJPUS_diff_lag_1,-1.8603973,0
2013-09-01,EXJPUS_diff_lag_1,1.3976974,0
2013-10-01,EXJPUS_diff_lag_1,-1.4400024,0
2013-11-01,EXJPUS_diff_lag_1,2.3037033,0
2013-12-01,EXJPUS_diff_lag_1,3.3862991,0
2014-01-01,EXJPUS_diff_lag_1,0.30139923,0
2014-02-01,EXJPUS_diff_lag_1,-1.6361008,0
2014-03-01,EXJPUS_diff_lag_1,0.21420288,0
2014-04-01,EXJPUS_diff_lag_1,0.11869812,0
2014-05-01,EXJPUS_diff_lag_1,-0.68439484,0
2014-06-01,EXJPUS_diff_lag_1,0.28909302,0
2014-07-01,EXJPUS_diff_lag_1,-0.32289886,0
2014-08-01,EXJPUS_diff_lag_1,1.203804,0
2014-09-01,EXJPUS_diff_lag_1,4.4818954,0
2014-10-01,EXJPUS_diff_lag_1,0.6007004,0
2014-11-01,EXJPUS_diff_lag_1,8.273003,0
2014-12-01,EXJPUS_diff_lag_1,3.023903,0
2015-01-01,EXJPUS_diff_lag_1,-1.0733032,0
2015-02-01,EXJPUS_diff_lag_1,0.51000214,0
2015-03-01,EXJPUS_diff_lag_1,1.6344986,0
2015-04-01,EXJPUS_diff_lag_1,-0.88500214,0
2015-05-01,EXJPUS_diff_lag_1,1.2884979,0
2015-06-01,EXJPUS_diff_lag_1,2.920601,0
2015-07-01,EXJPUS_diff_lag_1,-0.40769958,0
2015-08-01,EXJPUS_diff_lag_1,-0.3070984,0
2015-09-01,EXJPUS_diff_lag_1,-2.8562012,0
2015-10-01,EXJPUS_diff_lag_1,-0.099494934,0
2015-11-01,EXJPUS_diff_lag_1,2.5951004,0
2015-12-01,EXJPUS_diff_lag_1,-1.0082016,0
2016-01-01,EXJPUS_diff_lag_1,-3.4092026,0
2016-02-01,EXJPUS_diff_lag_1,-3.6102982,0
2016-03-01,EXJPUS_diff_lag_1,-1.6837997,0
2016-04-01,EXJPUS_diff_lag_1,-3.379799,0
2016-05-01,EXJPUS_diff_lag_1,-0.703804,0
2016-06-01,EXJPUS_diff_lag_1,-3.4972,0
2016-07-01,EXJPUS_diff_lag_1,-1.1598969,0
2016-08-01,EXJPUS_diff_lag_1,-2.9527054,0
2016-09-01,EXJPUS_diff_lag_1,0.54600525,0
2016-10-01,EXJPUS_diff_lag_1,2.1231995,0
2016-11-01,EXJPUS_diff_lag_1,4.5354996,0
2016-12-01,EXJPUS_diff_lag_1,7.5550995,0
2017-01-01,EXJPUS_diff_lag_1,-1.1259995,0
2017-02-01,EXJPUS_diff_lag_1,-1.9605026,0
2017-03-01,EXJPUS_diff_lag_1,0.0048980713,0
2017-04-01,EXJPUS_diff_lag_1,-2.8254929,0
2017-05-01,EXJPUS_diff_lag_1,2.1525955,0
2017-06-01,EXJPUS_diff_lag_1,-1.3294983,0
2017-07-01,EXJPUS_diff_lag_1,1.5028992,0
2017-08-01,EXJPUS_diff_lag_1,-2.5899963,0
2017-09-01,EXJPUS_diff_lag_1,0.9489975,0
2017-10-01,EXJPUS_diff_lag_1,2.1388016,0
2017-11-01,EXJPUS_diff_lag_1,-0.09580231,0
2017-12-01,EXJPUS_diff_lag_1,0.12149811,0
2018-01-01,EXJPUS_diff_lag_1,-2.0694962,0
2018-02-01,EXJPUS_diff_lag_1,-2.901001,0
2018-03-01,EXJPUS_diff_lag_1,-1.9232025,0
2018-04-01,EXJPUS_diff_lag_1,1.6093979,0
2018-05-01,EXJPUS_diff_lag_1,2.0320053,0
2018-06-01,EXJPUS_diff_lag_1,0.3755951,0
2018-07-01,EXJPUS_diff_lag_1,1.4572067,0
2018-08-01,EXJPUS_diff_lag_1,-0.5245056,0
2018-09-01,EXJPUS_diff_lag_1,1.1008987,0
2018-10-01,EXJPUS_diff_lag_1,0.6244049,0
2018-11-01,EXJPUS_diff_lag_1,0.6161957,0
2018-12-01,EXJPUS_diff_lag_1,-1.1385956,0
2019-01-01,EXJPUS_diff_lag_1,-3.2388992,0
2019-02-01,EXJPUS_diff_lag_1,1.4794998,0
2019-03-01,EXJPUS_diff_lag_1,0.7042999,0
2019-04-01,EXJPUS_diff_lag_1,0.49710083,0
2000-01-01,USRECM_diff_lag_1,0.0,0
2000-02-01,USRECM_diff_lag_1,0.0,0
2000-03-01,USRECM_diff_lag_1,0.0,0
2000-04-01,USRECM_diff_lag_1,0.0,0
2000-05-01,USRECM_diff_lag_1,0.0,0
2000-06-01,USRECM_diff_lag_1,0.0,0
2000-07-01,USRECM_diff_lag_1,0.0,0
2000-08-01,USRECM_diff_lag_1,0.0,0
2000-09-01,USRECM_diff_lag_1,0.0,0
2000-10-01,USRECM_diff_lag_1,0.0,0
2000-11-01,USRECM_diff_lag_1,0.0,0
2000-12-01,USRECM_diff_lag_1,0.0,0
2001-01-01,USRECM_diff_lag_1,0.0,0
2001-02-01,USRECM_diff_lag_1,0.0,0
2001-03-01,USRECM_diff_lag_1,1.0,0
2001-04-01,USRECM_diff_lag_1,0.0,0
2001-05-01,USRECM_diff_lag_1,0.0,0
2001-06-01,USRECM_diff_lag_1,0.0,0
2001-07-01,USRECM_diff_lag_1,0.0,0
2001-08-01,USRECM_diff_lag_1,0.0,0
2001-09-01,USRECM_diff_lag_1,0.0,0
2001-10-01,USRECM_diff_lag_1,0.0,0
2001-11-01,USRECM_diff_lag_1,0.0,0
2001-12-01,USRECM_diff_lag_1,-1.0,0
2002-01-01,USRECM_diff_lag_1,0.0,0
2002-02-01,USRECM_diff_lag_1,0.0,0
2002-03-01,USRECM_diff_lag_1,0.0,0
2002-04-01,USRECM_diff_lag_1,0.0,0
2002-05-01,USRECM_diff_lag_1,0.0,0
2002-06-01,USRECM_diff_lag_1,0.0,0
2002-07-01,USRECM_diff_lag_1,0.0,0
2002-08-01,USRECM_diff_lag_1,0.0,0
2002-09-01,USRECM_diff_lag_1,0.0,0
2002-10-01,USRECM_diff_lag_1,0.0,0
2002-11-01,USRECM_diff_lag_1,0.0,0
2002-12-01,USRECM_diff_lag_1,0.0,0
2003-01-01,USRECM_diff_lag_1,0.0,0
2003-02-01,USRECM_diff_lag_1,0.0,0
2003-03-01,USRECM_diff_lag_1,0.0,0
2003-04-01,USRECM_diff_lag_1,0.0,0
2003-05-01,USRECM_diff_lag_1,0.0,0
2003-06-01,USRECM_diff_lag_1,0.0,0
2003-07-01,USRECM_diff_lag_1,0.0,0
2003-08-01,USRECM_diff_lag_1,0.0,0
2003-09-01,USRECM_diff_lag_1,0.0,0
2003-10-01,USRECM_diff_lag_1,0.0,0
2003-11-01,USRECM_diff_lag_1,0.0,0
2003-12-01,USRECM_diff_lag_1,0.0,0
2004-01-01,USRECM_diff_lag_1,0.0,0
2004-02-01,USRECM_diff_lag_1,0.0,0
2004-03-01,USRECM_diff_lag_1,0.0,0
2004-04-01,USRECM_diff_lag_1,0.0,0
2004-05-01,USRECM_diff_lag_1,0.0,0
2004-06-01,USRECM_diff_lag_1,0.0,0
2004-07-01,USRECM_diff_lag_1,0.0,0
2004-08-01,USRECM_diff_lag_1,0.0,0
2004-09-01,USRECM_diff_lag_1,0.0,0
2004-10-01,USRECM_diff_lag_1,0.0,0
2004-11-01,USRECM_diff_lag_1,0.0,0
2004-12-01,USRECM_diff_lag_1,0.0,0
2005-01-01,USRECM_diff_lag_1,0.0,0
2005-02-01,USRECM_diff_lag_1,0.0,0
2005-03-01,USRECM_diff_lag_1,0.0,0
2005-04-01,USRECM_diff_lag_1,0.0,0
2005-05-01,USRECM_diff_lag_1,0.0,0
2005-06-01,USRECM_diff_lag_1,0.0,0
2005-07-01,USRECM_diff_lag_1,0.0,0
2005-08-01,USRECM_diff_lag_1,0.0,0
2005-09-01,USRECM_diff_lag_1,0.0,0
2005-10-01,USRECM_diff_lag_1,0.0,0
2005-11-01,USRECM_diff_lag_1,0.0,0
2005-12-01,USRECM_diff_lag_1,0.0,0
2006-01-01,USRECM_diff_lag_1,0.0,0
2006-02-01,USRECM_diff_lag_1,0.0,0
2006-03-01,USRECM_diff_lag_1,0.0,0
2006-04-01,USRECM_diff_lag_1,0.0,0
2006-05-01,USRECM_diff_lag_1,0.0,0
2006-06-01,USRECM_diff_lag_1,0.0,0
2006-07-01,USRECM_diff_lag_1,0.0,0
2006-08-01,USRECM_diff_lag_1,0.0,0
2006-09-01,USRECM_diff_lag_1,0.0,0
2006-10-01,USRECM_diff_lag_1,0.0,0
2006-11-01,USRECM_diff_lag_1,0.0,0
2006-12-01,USRECM_diff_lag_1,0.0,0
2007-01-01,USRECM_diff_lag_1,0.0,0
2007-02-01,USRECM_diff_lag_1,0.0,0
2007-03-01,USRECM_diff_lag_1,0.0,0
2007-04-01,USRECM_diff_lag_1,0.0,0
2007-05-01,USRECM_diff_lag_1,0.0,0
2007-06-01,USRECM_diff_lag_1,0.0,0
2007-07-01,USRECM_diff_lag_1,0.0,0
2007-08-01,USRECM_diff_lag_1,0.0,0
2007-09-01,USRECM_diff_lag_1,0.0,0
2007-10-01,USRECM_diff_lag_1,0.0,0
2007-11-01,USRECM_diff_lag_1,0.0,0
2007-12-01,USRECM_diff_lag_1,1.0,0
2008-01-01,USRECM_diff_lag_1,0.0,0
2008-02-01,USRECM_diff_lag_1,0.0,0
2008-03-01,USRECM_diff_lag_1,0.0,0
2008-04-01,USRECM_diff_lag_1,0.0,0
2008-05-01,USRECM_diff_lag_1,0.0,0
2008-06-01,USRECM_diff_lag_1,0.0,0
2008-07-01,USRECM_diff_lag_1,0.0,0
2008-08-01,USRECM_diff_lag_1,0.0,0
2008-09-01,USRECM_diff_lag_1,0.0,0
2008-10-01,USRECM_diff_lag_1,0.0,0
2008-11-01,USRECM_diff_lag_1,0.0,0
2008-12-01,USRECM_diff_lag_1,0.0,0
2009-01-01,USRECM_diff_lag_1,0.0,0
2009-02-01,USRECM_diff_lag_1,0.0,0
2009-03-01,USRECM_diff_lag_1,0.0,0
2009-04-01,USRECM_diff_lag_1,0.0,0
2009-05-01,USRECM_diff_lag_1,0.0,0
2009-06-01,USRECM_diff_lag_1,0.0,0
2009-07-01,USRECM_diff_lag_1,-1.0,0
2009-08-01,USRECM_diff_lag_1,0.0,0
2009-09-01,USRECM_diff_lag_1,0.0,0
2009-10-01,USRECM_diff_lag_1,0.0,0
2009-11-01,USRECM_diff_lag_1,0.0,0
2009-12-01,USRECM_diff_lag_1,0.0,0
2010-01-01,USRECM_diff_lag_1,0.0,0
2010-02-01,USRECM_diff_lag_1,0.0,0
2010-03-01,USRECM_diff_lag_1,0.0,0
2010-04-01,USRECM_diff_lag_1,0.0,0
2010-05-01,USRECM_diff_lag_1,0.0,0
2010-06-01,USRECM_diff_lag_1,0.0,0
2010-07-01,USRECM_diff_lag_1,0.0,0
2010-08-01,USRECM_diff_lag_1,0.0,0
2010-09-01,USRECM_diff_lag_1,0.0,0
2010-10-01,USRECM_diff_lag_1,0.0,0
2010-11-01,USRECM_diff_lag_1,0.0,0
2010-12-01,USRECM_diff_lag_1,0.0,0
2011-01-01,USRECM_diff_lag_1,0.0,0
2011-02-01,USRECM_diff_lag_1,0.0,0
2011-03-01,USRECM_diff_lag_1,0.0,0
2011-04-01,USRECM_diff_lag_1,0.0,0
2011-05-01,USRECM_diff_lag_1,0.0,0
2011-06-01,USRECM_diff_lag_1,0.0,0
2011-07-01,USRECM_diff_lag_1,0.0,0
2011-08-01,USRECM_diff_lag_1,0.0,0
2011-09-01,USRECM_diff_lag_1,0.0,0
2011-10-01,USRECM_diff_lag_1,0.0,0
2011-11-01,USRECM_diff_lag_1,0.0,0
2011-12-01,USRECM_diff_lag_1,0.0,0
2012-01-01,USRECM_diff_lag_1,0.0,0
2012-02-01,USRECM_diff_lag_1,0.0,0
2012-03-01,USRECM_diff_lag_1,0.0,0
2012-04-01,USRECM_diff_lag_1,0.0,0
2012-05-01,USRECM_diff_lag_1,0.0,0
2012-06-01,USRECM_diff_lag_1,0.0,0
2012-07-01,USRECM_diff_lag_1,0.0,0
2012-08-01,USRECM_diff_lag_1,0.0,0
2012-09-01,USRECM_diff_lag_1,0.0,0
2012-10-01,USRECM_diff_lag_1,0.0,0
2012-11-01,USRECM_diff_lag_1,0.0,0
2012-12-01,USRECM_diff_lag_1,0.0,0
2013-01-01,USRECM_diff_lag_1,0.0,0
2013-02-01,USRECM_diff_lag_1,0.0,0
2013-03-01,USRECM_diff_lag_1,0.0,0
2013-04-01,USRECM_diff_lag_1,0.0,0
2013-05-01,USRECM_diff_lag_1,0.0,0
2013-06-01,USRECM_diff_lag_1,0.0,0
2013-07-01,USRECM_diff_lag_1,0.0,0
2013-08-01,USRECM_diff_lag_1,0.0,0
2013-09-01,USRECM_diff_lag_1,0.0,0
2013-10-01,USRECM_diff_lag_1,0.0,0
2013-11-01,USRECM_diff_lag_1,0.0,0
2013-12-01,USRECM_diff_lag_1,0.0,0
2014-01-01,USRECM_diff_lag_1,0.0,0
2014-02-01,USRECM_diff_lag_1,0.0,0
2014-03-01,USRECM_diff_lag_1,0.0,0
2014-04-01,USRECM_diff_lag_1,0.0,0
2014-05-01,USRECM_diff_lag_1,0.0,0
2014-06-01,USRECM_diff_lag_1,0.0,0
2014-07-01,USRECM_diff_lag_1,0.0,0
2014-08-01,USRECM_diff_lag_1,0.0,0
2014-09-01,USRECM_diff_lag_1,0.0,0
2014-10-01,USRECM_diff_lag_1,0.0,0
2014-11-01,USRECM_diff_lag_1,0.0,0
2014-12-01,USRECM_diff_lag_1,0.0,0
2015-01-01,USRECM_diff_lag_1,0.0,0
2015-02-01,USRECM_diff_lag_1,0.0,0
2015-03-01,USRECM_diff_lag_1,0.0,0
2015-04-01,USRECM_diff_lag_1,0.0,0
2015-05-01,USRECM_diff_lag_1,0.0,0
2015-06-01,USRECM_diff_lag_1,0.0,0
2015-07-01,USRECM_diff_lag_1,0.0,0
2015-08-01,USRECM_diff_lag_1,0.0,0
2015-09-01,USRECM_diff_lag_1,0.0,0
2015-10-01,USRECM_diff_lag_1,0.0,0
2015-11-01,USRECM_diff_lag_1,0.0,0
2015-12-01,USRECM_diff_lag_1,0.0,0
2016-01-01,USRECM_diff_lag_1,0.0,0
2016-02-01,USRECM_diff_lag_1,0.0,0
2016-03-01,USRECM_diff_lag_1,0.0,0
2016-04-01,USRECM_diff_lag_1,0.0,0
2016-05-01,USRECM_diff_lag_1,0.0,0
2016-06-01,USRECM_diff_lag_1,0.0,0
2016-07-01,USRECM_diff_lag_1,0.0,0
2016-08-01,USRECM_diff_lag_1,0.0,0
2016-09-01,USRECM_diff_lag_1,0.0,0
2016-10-01,USRECM_diff_lag_1,0.0,0
2016-11-01,USRECM_diff_lag_1,0.0,0
2016-12-01,USRECM_diff_lag_1,0.0,0
2017-01-01,USRECM_diff_lag_1,0.0,0
2017-02-01,USRECM_diff_lag_1,0.0,0
2017-03-01,USRECM_diff_lag_1,0.0,0
2017-04-01,USRECM_diff_lag_1,0.0,0
2017-05-01,USRECM_diff_lag_1,0.0,0
2017-06-01,USRECM_diff_lag_1,0.0,0
2017-07-01,USRECM_diff_lag_1,0.0,0
2017-08-01,USRECM_diff_lag_1,0.0,0
2017-09-01,USRECM_diff_lag_1,0.0,0
2017-10-01,USRECM_diff_lag_1,0.0,0
2017-11-01,USRECM_diff_lag_1,0.0,0
2017-12-01,USRECM_diff_lag_1,0.0,0
2018-01-01,USRECM_diff_lag_1,0.0,0
2018-02-01,USRECM_diff_lag_1,0.0,0
2018-03-01,USRECM_diff_lag_1,0.0,0
2018-04-01,USRECM_diff_lag_1,0.0,0
2018-05-01,USRECM_diff_lag_1,0.0,0
2018-06-01,USRECM_diff_lag_1,0.0,0
2018-07-01,USRECM_diff_lag_1,0.0,0
2018-08-01,USRECM_diff_lag_1,0.0,0
2018-09-01,USRECM_diff_lag_1,0.0,0
2018-10-01,USRECM_diff_lag_1,0.0,0
2018-11-01,USRECM_diff_lag_1,0.0,0
2018-12-01,USRECM_diff_lag_1,0.0,0
2019-01-01,USRECM_diff_lag_1,0.0,0
2019-02-01,USRECM_diff_lag_1,0.0,0
2019-03-01,USRECM_diff_lag_1,0.0,0
2019-04-01,USRECM_diff_lag_1,0.0,0
2000-01-01,STLPPMMID_diff_lag_2,0.07561129,0
2000-02-01,STLPPMMID_diff_lag_2,0.015128732,0
2000-03-01,STLPPMMID_diff_lag_2,-0.10379243,0
2000-04-01,STLPPMMID_diff_lag_2,-0.35471815,0
2000-05-01,STLPPMMID_diff_lag_2,-0.035883904,0
2000-06-01,STLPPMMID_diff_lag_2,0.26065058,0
2000-07-01,STLPPMMID_diff_lag_2,-0.038885355,0
2000-08-01,STLPPMMID_diff_lag_2,-0.05524552,0
2000-09-01,STLPPMMID_diff_lag_2,0.09690994,0
2000-10-01,STLPPMMID_diff_lag_2,-0.118765235,0
2000-11-01,STLPPMMID_diff_lag_2,-0.0239743,0
2000-12-01,STLPPMMID_diff_lag_2,0.1718269,0
2001-01-01,STLPPMMID_diff_lag_2,0.006999612,0
2001-02-01,STLPPMMID_diff_lag_2,-0.07971567,0
2001-03-01,STLPPMMID_diff_lag_2,0.06717098,0
2001-04-01,STLPPMMID_diff_lag_2,-0.051202476,0
2001-05-01,STLPPMMID_diff_lag_2,0.03792715,0
2001-06-01,STLPPMMID_diff_lag_2,0.21916997,0
2001-07-01,STLPPMMID_diff_lag_2,-0.029314995,0
2001-08-01,STLPPMMID_diff_lag_2,0.021036863,0
2001-09-01,STLPPMMID_diff_lag_2,-0.00034368038,0
2001-10-01,STLPPMMID_diff_lag_2,-0.31318176,0
2001-11-01,STLPPMMID_diff_lag_2,-0.5005065,0
2001-12-01,STLPPMMID_diff_lag_2,-0.011891544,0
2002-01-01,STLPPMMID_diff_lag_2,-0.13474782,0
2002-02-01,STLPPMMID_diff_lag_2,-0.3742366,0
2002-03-01,STLPPMMID_diff_lag_2,-0.04516884,0
2002-04-01,STLPPMMID_diff_lag_2,0.2414555,0
2002-05-01,STLPPMMID_diff_lag_2,0.19201124,0
2002-06-01,STLPPMMID_diff_lag_2,-0.1059064,0
2002-07-01,STLPPMMID_diff_lag_2,-0.096895665,0
2002-08-01,STLPPMMID_diff_lag_2,0.047850505,0
2002-09-01,STLPPMMID_diff_lag_2,0.015339628,0
2002-10-01,STLPPMMID_diff_lag_2,0.3382091,0
2002-11-01,STLPPMMID_diff_lag_2,0.4135393,0
2002-12-01,STLPPMMID_diff_lag_2,-0.027144909,0
2003-01-01,STLPPMMID_diff_lag_2,0.056798577,0
2003-02-01,STLPPMMID_diff_lag_2,0.18297493,0
2003-03-01,STLPPMMID_diff_lag_2,-0.027672589,0
2003-04-01,STLPPMMID_diff_lag_2,-0.108897865,0
2003-05-01,STLPPMMID_diff_lag_2,-0.5403398,0
2003-06-01,STLPPMMID_diff_lag_2,-0.550452,0
2003-07-01,STLPPMMID_diff_lag_2,0.11724371,0
2003-08-01,STLPPMMID_diff_lag_2,0.62403667,0
2003-09-01,STLPPMMID_diff_lag_2,0.4229321,0
2003-10-01,STLPPMMID_diff_lag_2,-0.1910792,0
2003-11-01,STLPPMMID_diff_lag_2,-0.12829328,0
2003-12-01,STLPPMMID_diff_lag_2,0.13884997,0
2004-01-01,STLPPMMID_diff_lag_2,0.31665868,0
2004-02-01,STLPPMMID_diff_lag_2,0.20279211,0
2004-03-01,STLPPMMID_diff_lag_2,-0.035999,0
2004-04-01,STLPPMMID_diff_lag_2,-0.14423394,0
2004-05-01,STLPPMMID_diff_lag_2,-0.054703534,0
2004-06-01,STLPPMMID_diff_lag_2,-0.20239699,0
2004-07-01,STLPPMMID_diff_lag_2,-0.16747677,0
2004-08-01,STLPPMMID_diff_lag_2,0.1546961,0
2004-09-01,STLPPMMID_diff_lag_2,0.19106811,0
2004-10-01,STLPPMMID_diff_lag_2,0.15430468,0
2004-11-01,STLPPMMID_diff_lag_2,-0.119160175,0
2004-12-01,STLPPMMID_diff_lag_2,-0.4939819,0
2005-01-01,STLPPMMID_diff_lag_2,-0.19580248,0
2005-02-01,STLPPMMID_diff_lag_2,0.23421514,0
2005-03-01,STLPPMMID_diff_lag_2,0.09730789,0
2005-04-01,STLPPMMID_diff_lag_2,-0.4778195,0
2005-05-01,STLPPMMID_diff_lag_2,-0.27003258,0
2005-06-01,STLPPMMID_diff_lag_2,0.6432919,0
2005-07-01,STLPPMMID_diff_lag_2,0.477894,0
2005-08-01,STLPPMMID_diff_lag_2,-0.22768512,0
2005-09-01,STLPPMMID_diff_lag_2,-0.61734766,0
2005-10-01,STLPPMMID_diff_lag_2,-0.49503094,0
2005-11-01,STLPPMMID_diff_lag_2,-0.10112904,0
2005-12-01,STLPPMMID_diff_lag_2,0.5033052,0
2006-01-01,STLPPMMID_diff_lag_2,0.31603748,0
2006-02-01,STLPPMMID_diff_lag_2,-0.43405944,0
2006-03-01,STLPPMMID_diff_lag_2,0.029514283,0
2006-04-01,STLPPMMID_diff_lag_2,0.2817568,0
2006-05-01,STLPPMMID_diff_lag_2,-0.33404377,0
2006-06-01,STLPPMMID_diff_lag_2,-0.34551275,0
2006-07-01,STLPPMMID_diff_lag_2,0.13074625,0
2006-08-01,STLPPMMID_diff_lag_2,0.24500087,0
2006-09-01,STLPPMMID_diff_lag_2,-0.045575395,0
2006-10-01,STLPPMMID_diff_lag_2,0.44862264,0
2006-11-01,STLPPMMID_diff_lag_2,0.3234567,0
2006-12-01,STLPPMMID_diff_lag_2,0.11687261,0
2007-01-01,STLPPMMID_diff_lag_2,0.3304599,0
2007-02-01,STLPPMMID_diff_lag_2,-0.00067949295,0
2007-03-01,STLPPMMID_diff_lag_2,-0.1284489,0
2007-04-01,STLPPMMID_diff_lag_2,-0.14444143,0
2007-05-01,STLPPMMID_diff_lag_2,0.1157279,0
2007-06-01,STLPPMMID_diff_lag_2,0.05561179,0
2007-07-01,STLPPMMID_diff_lag_2,-0.058270693,0
2007-08-01,STLPPMMID_diff_lag_2,-0.02624327,0
2007-09-01,STLPPMMID_diff_lag_2,-0.19469494,0
2007-10-01,STLPPMMID_diff_lag_2,0.018539011,0
2007-11-01,STLPPMMID_diff_lag_2,0.11783075,0
2007-12-01,STLPPMMID_diff_lag_2,-0.12141645,0
2008-01-01,STLPPMMID_diff_lag_2,-0.18335652,0
2008-02-01,STLPPMMID_diff_lag_2,-0.14369234,0
2008-03-01,STLPPMMID_diff_lag_2,-0.015002042,0
2008-04-01,STLPPMMID_diff_lag_2,0.11723843,0
2008-05-01,STLPPMMID_diff_lag_2,0.0013230741,0
2008-06-01,STLPPMMID_diff_lag_2,0.022807717,0
2008-07-01,STLPPMMID_diff_lag_2,-0.06260434,0
2008-08-01,STLPPMMID_diff_lag_2,-0.19870844,0
2008-09-01,STLPPMMID_diff_lag_2,0.015700161,0
2008-10-01,STLPPMMID_diff_lag_2,0.0067833066,0
2008-11-01,STLPPMMID_diff_lag_2,-0.14387572,0
2008-12-01,STLPPMMID_diff_lag_2,-0.38681576,0
2009-01-01,STLPPMMID_diff_lag_2,-0.27014643,0
2009-02-01,STLPPMMID_diff_lag_2,0.14700553,0
2009-03-01,STLPPMMID_diff_lag_2,0.0756339,0
2009-04-01,STLPPMMID_diff_lag_2,-0.15529627,0
2009-05-01,STLPPMMID_diff_lag_2,-0.02326896,0
2009-06-01,STLPPMMID_diff_lag_2,0.01488738,0
2009-07-01,STLPPMMID_diff_lag_2,0.044360906,0
2009-08-01,STLPPMMID_diff_lag_2,-0.01897091,0
2009-09-01,STLPPMMID_diff_lag_2,-0.09722297,0
2009-10-01,STLPPMMID_diff_lag_2,0.01111548,0
2009-11-01,STLPPMMID_diff_lag_2,0.059118126,0
2009-12-01,STLPPMMID_diff_lag_2,0.7468149,0
2010-01-01,STLPPMMID_diff_lag_2,0.5839564,0
2010-02-01,STLPPMMID_diff_lag_2,-0.19107461,0
2010-03-01,STLPPMMID_diff_lag_2,-0.13571,0
2010-04-01,STLPPMMID_diff_lag_2,0.008069873,0
2010-05-01,STLPPMMID_diff_lag_2,0.077079475,0
2010-06-01,STLPPMMID_diff_lag_2,0.025842011,0
2010-07-01,STLPPMMID_diff_lag_2,-0.3752275,0
2010-08-01,STLPPMMID_diff_lag_2,-0.22818357,0
2010-09-01,STLPPMMID_diff_lag_2,0.22740947,0
2010-10-01,STLPPMMID_diff_lag_2,-0.05605489,0
2010-11-01,STLPPMMID_diff_lag_2,-0.018507093,0
2010-12-01,STLPPMMID_diff_lag_2,-0.107246816,0
2011-01-01,STLPPMMID_diff_lag_2,-0.06255293,0
2011-02-01,STLPPMMID_diff_lag_2,0.35258007,0
2011-03-01,STLPPMMID_diff_lag_2,0.2571366,0
2011-04-01,STLPPMMID_diff_lag_2,0.09262693,0
2011-05-01,STLPPMMID_diff_lag_2,-0.048831582,0
2011-06-01,STLPPMMID_diff_lag_2,-0.15023404,0
2011-07-01,STLPPMMID_diff_lag_2,-0.053942382,0
2011-08-01,STLPPMMID_diff_lag_2,-0.026601285,0
2011-09-01,STLPPMMID_diff_lag_2,-0.08401966,0
2011-10-01,STLPPMMID_diff_lag_2,-0.022797048,0
2011-11-01,STLPPMMID_diff_lag_2,0.048327327,0
2011-12-01,STLPPMMID_diff_lag_2,0.06006387,0
2012-01-01,STLPPMMID_diff_lag_2,0.059583724,0
2012-02-01,STLPPMMID_diff_lag_2,-0.087569326,0
2012-03-01,STLPPMMID_diff_lag_2,-0.03817451,0
2012-04-01,STLPPMMID_diff_lag_2,0.11635563,0
2012-05-01,STLPPMMID_diff_lag_2,0.12398559,0
2012-06-01,STLPPMMID_diff_lag_2,0.03057605,0
2012-07-01,STLPPMMID_diff_lag_2,-0.11856991,0
2012-08-01,STLPPMMID_diff_lag_2,-0.046923757,0
2012-09-01,STLPPMMID_diff_lag_2,0.060099185,0
2012-10-01,STLPPMMID_diff_lag_2,0.08675301,0
2012-11-01,STLPPMMID_diff_lag_2,0.06765354,0
2012-12-01,STLPPMMID_diff_lag_2,-0.037727118,0
2013-01-01,STLPPMMID_diff_lag_2,-0.07704669,0
2013-02-01,STLPPMMID_diff_lag_2,-0.022501945,0
2013-03-01,STLPPMMID_diff_lag_2,0.065859735,0
2013-04-01,STLPPMMID_diff_lag_2,-0.047005653,0
2013-05-01,STLPPMMID_diff_lag_2,-0.2568442,0
2013-06-01,STLPPMMID_diff_lag_2,-0.06225723,0
2013-07-01,STLPPMMID_diff_lag_2,0.20027193,0
2013-08-01,STLPPMMID_diff_lag_2,0.18772101,0
2013-09-01,STLPPMMID_diff_lag_2,0.0054029822,0
2013-10-01,STLPPMMID_diff_lag_2,-0.20576927,0
2013-11-01,STLPPMMID_diff_lag_2,-0.21712446,0
2013-12-01,STLPPMMID_diff_lag_2,0.06751919,0
2014-01-01,STLPPMMID_diff_lag_2,0.16745204,0
2014-02-01,STLPPMMID_diff_lag_2,0.014132708,0
2014-03-01,STLPPMMID_diff_lag_2,-0.10029662,0
2014-04-01,STLPPMMID_diff_lag_2,0.09012866,0
2014-05-01,STLPPMMID_diff_lag_2,0.2234388,0
2014-06-01,STLPPMMID_diff_lag_2,0.043619335,0
2014-07-01,STLPPMMID_diff_lag_2,-0.09054214,0
2014-08-01,STLPPMMID_diff_lag_2,-0.024615824,0
2014-09-01,STLPPMMID_diff_lag_2,-0.04308307,0
2014-10-01,STLPPMMID_diff_lag_2,-0.091320515,0
2014-11-01,STLPPMMID_diff_lag_2,-0.10002029,0
2014-12-01,STLPPMMID_diff_lag_2,-0.27619132,0
2015-01-01,STLPPMMID_diff_lag_2,-0.23408554,0
2015-02-01,STLPPMMID_diff_lag_2,-0.16723573,0
2015-03-01,STLPPMMID_diff_lag_2,0.0042407066,0
2015-04-01,STLPPMMID_diff_lag_2,0.16347244,0
2015-05-01,STLPPMMID_diff_lag_2,0.028556287,0
2015-06-01,STLPPMMID_diff_lag_2,0.034946352,0
2015-07-01,STLPPMMID_diff_lag_2,0.053813845,0
2015-08-01,STLPPMMID_diff_lag_2,-0.10507724,0
2015-09-01,STLPPMMID_diff_lag_2,-0.11732663,0
2015-10-01,STLPPMMID_diff_lag_2,0.0053536594,0
2015-11-01,STLPPMMID_diff_lag_2,0.01589723,0
2015-12-01,STLPPMMID_diff_lag_2,-0.04840122,0
2016-01-01,STLPPMMID_diff_lag_2,-0.027940348,0
2016-02-01,STLPPMMID_diff_lag_2,0.10696216,0
2016-03-01,STLPPMMID_diff_lag_2,0.17960744,0
2016-04-01,STLPPMMID_diff_lag_2,0.09412047,0
2016-05-01,STLPPMMID_diff_lag_2,0.16895106,0
2016-06-01,STLPPMMID_diff_lag_2,0.12455019,0
2016-07-01,STLPPMMID_diff_lag_2,-0.012866139,0
2016-08-01,STLPPMMID_diff_lag_2,0.0027020276,0
2016-09-01,STLPPMMID_diff_lag_2,-0.04080069,0
2016-10-01,STLPPMMID_diff_lag_2,0.0037545562,0
2016-11-01,STLPPMMID_diff_lag_2,0.11508733,0
2016-12-01,STLPPMMID_diff_lag_2,0.044779807,0
2017-01-01,STLPPMMID_diff_lag_2,0.09052569,0
2017-02-01,STLPPMMID_diff_lag_2,0.15896136,0
2017-03-01,STLPPMMID_diff_lag_2,0.044269145,0
2017-04-01,STLPPMMID_diff_lag_2,-0.056464672,0
2017-05-01,STLPPMMID_diff_lag_2,-0.07430613,0
2017-06-01,STLPPMMID_diff_lag_2,-0.01836592,0
2017-07-01,STLPPMMID_diff_lag_2,-0.021744907,0
2017-08-01,STLPPMMID_diff_lag_2,-0.101579934,0
2017-09-01,STLPPMMID_diff_lag_2,0.022409797,0
2017-10-01,STLPPMMID_diff_lag_2,0.16824356,0
2017-11-01,STLPPMMID_diff_lag_2,0.0192855,0
2017-12-01,STLPPMMID_diff_lag_2,-0.0029198527,0
2018-01-01,STLPPMMID_diff_lag_2,0.04083085,0
2018-02-01,STLPPMMID_diff_lag_2,0.039868116,0
2018-03-01,STLPPMMID_diff_lag_2,0.010166645,0
2018-04-01,STLPPMMID_diff_lag_2,-0.0070228577,0
2018-05-01,STLPPMMID_diff_lag_2,0.025901794,0
2018-06-01,STLPPMMID_diff_lag_2,-0.047831357,0
2018-07-01,STLPPMMID_diff_lag_2,-0.020433784,0
2018-08-01,STLPPMMID_diff_lag_2,0.00911659,0
2018-09-01,STLPPMMID_diff_lag_2,-0.09948701,0
2018-10-01,STLPPMMID_diff_lag_2,0.013546109,0
2018-11-01,STLPPMMID_diff_lag_2,0.097715735,0
2018-12-01,STLPPMMID_diff_lag_2,-0.059325337,0
2019-01-01,STLPPMMID_diff_lag_2,-0.20320216,0
2019-02-01,STLPPMMID_diff_lag_2,-0.016893864,0
2019-03-01,STLPPMMID_diff_lag_2,0.061825007,0
2019-04-01,STLPPMMID_diff_lag_2,0.05505407,0
2000-01-01,USRECP_diff_lag_2,0.0,0
2000-02-01,USRECP_diff_lag_2,0.0,0
2000-03-01,USRECP_diff_lag_2,0.0,0
2000-04-01,USRECP_diff_lag_2,0.0,0
2000-05-01,USRECP_diff_lag_2,0.0,0
2000-06-01,USRECP_diff_lag_2,0.0,0
2000-07-01,USRECP_diff_lag_2,0.0,0
2000-08-01,USRECP_diff_lag_2,0.0,0
2000-09-01,USRECP_diff_lag_2,0.0,0
2000-10-01,USRECP_diff_lag_2,0.0,0
2000-11-01,USRECP_diff_lag_2,0.0,0
2000-12-01,USRECP_diff_lag_2,0.0,0
2001-01-01,USRECP_diff_lag_2,0.0,0
2001-02-01,USRECP_diff_lag_2,0.0,0
2001-03-01,USRECP_diff_lag_2,1.0,0
2001-04-01,USRECP_diff_lag_2,1.0,0
2001-05-01,USRECP_diff_lag_2,0.0,0
2001-06-01,USRECP_diff_lag_2,0.0,0
2001-07-01,USRECP_diff_lag_2,0.0,0
2001-08-01,USRECP_diff_lag_2,0.0,0
2001-09-01,USRECP_diff_lag_2,0.0,0
2001-10-01,USRECP_diff_lag_2,0.0,0
2001-11-01,USRECP_diff_lag_2,-1.0,0
2001-12-01,USRECP_diff_lag_2,-1.0,0
2002-01-01,USRECP_diff_lag_2,0.0,0
2002-02-01,USRECP_diff_lag_2,0.0,0
2002-03-01,USRECP_diff_lag_2,0.0,0
2002-04-01,USRECP_diff_lag_2,0.0,0
2002-05-01,USRECP_diff_lag_2,0.0,0
2002-06-01,USRECP_diff_lag_2,0.0,0
2002-07-01,USRECP_diff_lag_2,0.0,0
2002-08-01,USRECP_diff_lag_2,0.0,0
2002-09-01,USRECP_diff_lag_2,0.0,0
2002-10-01,USRECP_diff_lag_2,0.0,0
2002-11-01,USRECP_diff_lag_2,0.0,0
2002-12-01,USRECP_diff_lag_2,0.0,0
2003-01-01,USRECP_diff_lag_2,0.0,0
2003-02-01,USRECP_diff_lag_2,0.0,0
2003-03-01,USRECP_diff_lag_2,0.0,0
2003-04-01,USRECP_diff_lag_2,0.0,0
2003-05-01,USRECP_diff_lag_2,0.0,0
2003-06-01,USRECP_diff_lag_2,0.0,0
2003-07-01,USRECP_diff_lag_2,0.0,0
2003-08-01,USRECP_diff_lag_2,0.0,0
2003-09-01,USRECP_diff_lag_2,0.0,0
2003-10-01,USRECP_diff_lag_2,0.0,0
2003-11-01,USRECP_diff_lag_2,0.0,0
2003-12-01,USRECP_diff_lag_2,0.0,0
2004-01-01,USRECP_diff_lag_2,0.0,0
2004-02-01,USRECP_diff_lag_2,0.0,0
2004-03-01,USRECP_diff_lag_2,0.0,0
2004-04-01,USRECP_diff_lag_2,0.0,0
2004-05-01,USRECP_diff_lag_2,0.0,0
2004-06-01,USRECP_diff_lag_2,0.0,0
2004-07-01,USRECP_diff_lag_2,0.0,0
2004-08-01,USRECP_diff_lag_2,0.0,0
2004-09-01,USRECP_diff_lag_2,0.0,0
2004-10-01,USRECP_diff_lag_2,0.0,0
2004-11-01,USRECP_diff_lag_2,0.0,0
2004-12-01,USRECP_diff_lag_2,0.0,0
2005-01-01,USRECP_diff_lag_2,0.0,0
2005-02-01,USRECP_diff_lag_2,0.0,0
2005-03-01,USRECP_diff_lag_2,0.0,0
2005-04-01,USRECP_diff_lag_2,0.0,0
2005-05-01,USRECP_diff_lag_2,0.0,0
2005-06-01,USRECP_diff_lag_2,0.0,0
2005-07-01,USRECP_diff_lag_2,0.0,0
2005-08-01,USRECP_diff_lag_2,0.0,0
2005-09-01,USRECP_diff_lag_2,0.0,0
2005-10-01,USRECP_diff_lag_2,0.0,0
2005-11-01,USRECP_diff_lag_2,0.0,0
2005-12-01,USRECP_diff_lag_2,0.0,0
2006-01-01,USRECP_diff_lag_2,0.0,0
2006-02-01,USRECP_diff_lag_2,0.0,0
2006-03-01,USRECP_diff_lag_2,0.0,0
2006-04-01,USRECP_diff_lag_2,0.0,0
2006-05-01,USRECP_diff_lag_2,0.0,0
2006-06-01,USRECP_diff_lag_2,0.0,0
2006-07-01,USRECP_diff_lag_2,0.0,0
2006-08-01,USRECP_diff_lag_2,0.0,0
2006-09-01,USRECP_diff_lag_2,0.0,0
2006-10-01,USRECP_diff_lag_2,0.0,0
2006-11-01,USRECP_diff_lag_2,0.0,0
2006-12-01,USRECP_diff_lag_2,0.0,0
2007-01-01,USRECP_diff_lag_2,0.0,0
2007-02-01,USRECP_diff_lag_2,0.0,0
2007-03-01,USRECP_diff_lag_2,0.0,0
2007-04-01,USRECP_diff_lag_2,0.0,0
2007-05-01,USRECP_diff_lag_2,0.0,0
2007-06-01,USRECP_diff_lag_2,0.0,0
2007-07-01,USRECP_diff_lag_2,0.0,0
2007-08-01,USRECP_diff_lag_2,0.0,0
2007-09-01,USRECP_diff_lag_2,0.0,0
2007-10-01,USRECP_diff_lag_2,0.0,0
2007-11-01,USRECP_diff_lag_2,0.0,0
2007-12-01,USRECP_diff_lag_2,1.0,0
2008-01-01,USRECP_diff_lag_2,1.0,0
2008-02-01,USRECP_diff_lag_2,0.0,0
2008-03-01,USRECP_diff_lag_2,0.0,0
2008-04-01,USRECP_diff_lag_2,0.0,0
2008-05-01,USRECP_diff_lag_2,0.0,0
2008-06-01,USRECP_diff_lag_2,0.0,0
2008-07-01,USRECP_diff_lag_2,0.0,0
2008-08-01,USRECP_diff_lag_2,0.0,0
2008-09-01,USRECP_diff_lag_2,0.0,0
2008-10-01,USRECP_diff_lag_2,0.0,0
2008-11-01,USRECP_diff_lag_2,0.0,0
2008-12-01,USRECP_diff_lag_2,0.0,0
2009-01-01,USRECP_diff_lag_2,0.0,0
2009-02-01,USRECP_diff_lag_2,0.0,0
2009-03-01,USRECP_diff_lag_2,0.0,0
2009-04-01,USRECP_diff_lag_2,0.0,0
2009-05-01,USRECP_diff_lag_2,0.0,0
2009-06-01,USRECP_diff_lag_2,-1.0,0
2009-07-01,USRECP_diff_lag_2,-1.0,0
2009-08-01,USRECP_diff_lag_2,0.0,0
2009-09-01,USRECP_diff_lag_2,0.0,0
2009-10-01,USRECP_diff_lag_2,0.0,0
2009-11-01,USRECP_diff_lag_2,0.0,0
2009-12-01,USRECP_diff_lag_2,0.0,0
2010-01-01,USRECP_diff_lag_2,0.0,0
2010-02-01,USRECP_diff_lag_2,0.0,0
2010-03-01,USRECP_diff_lag_2,0.0,0
2010-04-01,USRECP_diff_lag_2,0.0,0
2010-05-01,USRECP_diff_lag_2,0.0,0
2010-06-01,USRECP_diff_lag_2,0.0,0
2010-07-01,USRECP_diff_lag_2,0.0,0
2010-08-01,USRECP_diff_lag_2,0.0,0
2010-09-01,USRECP_diff_lag_2,0.0,0
2010-10-01,USRECP_diff_lag_2,0.0,0
2010-11-01,USRECP_diff_lag_2,0.0,0
2010-12-01,USRECP_diff_lag_2,0.0,0
2011-01-01,USRECP_diff_lag_2,0.0,0
2011-02-01,USRECP_diff_lag_2,0.0,0
2011-03-01,USRECP_diff_lag_2,0.0,0
2011-04-01,USRECP_diff_lag_2,0.0,0
2011-05-01,USRECP_diff_lag_2,0.0,0
2011-06-01,USRECP_diff_lag_2,0.0,0
2011-07-01,USRECP_diff_lag_2,0.0,0
2011-08-01,USRECP_diff_lag_2,0.0,0
2011-09-01,USRECP_diff_lag_2,0.0,0
2011-10-01,USRECP_diff_lag_2,0.0,0
2011-11-01,USRECP_diff_lag_2,0.0,0
2011-12-01,USRECP_diff_lag_2,0.0,0
2012-01-01,USRECP_diff_lag_2,0.0,0
2012-02-01,USRECP_diff_lag_2,0.0,0
2012-03-01,USRECP_diff_lag_2,0.0,0
2012-04-01,USRECP_diff_lag_2,0.0,0
2012-05-01,USRECP_diff_lag_2,0.0,0
2012-06-01,USRECP_diff_lag_2,0.0,0
2012-07-01,USRECP_diff_lag_2,0.0,0
2012-08-01,USRECP_diff_lag_2,0.0,0
2012-09-01,USRECP_diff_lag_2,0.0,0
2012-10-01,USRECP_diff_lag_2,0.0,0
2012-11-01,USRECP_diff_lag_2,0.0,0
2012-12-01,USRECP_diff_lag_2,0.0,0
2013-01-01,USRECP_diff_lag_2,0.0,0
2013-02-01,USRECP_diff_lag_2,0.0,0
2013-03-01,USRECP_diff_lag_2,0.0,0
2013-04-01,USRECP_diff_lag_2,0.0,0
2013-05-01,USRECP_diff_lag_2,0.0,0
2013-06-01,USRECP_diff_lag_2,0.0,0
2013-07-01,USRECP_diff_lag_2,0.0,0
2013-08-01,USRECP_diff_lag_2,0.0,0
2013-09-01,USRECP_diff_lag_2,0.0,0
2013-10-01,USRECP_diff_lag_2,0.0,0
2013-11-01,USRECP_diff_lag_2,0.0,0
2013-12-01,USRECP_diff_lag_2,0.0,0
2014-01-01,USRECP_diff_lag_2,0.0,0
2014-02-01,USRECP_diff_lag_2,0.0,0
2014-03-01,USRECP_diff_lag_2,0.0,0
2014-04-01,USRECP_diff_lag_2,0.0,0
2014-05-01,USRECP_diff_lag_2,0.0,0
2014-06-01,USRECP_diff_lag_2,0.0,0
2014-07-01,USRECP_diff_lag_2,0.0,0
2014-08-01,USRECP_diff_lag_2,0.0,0
2014-09-01,USRECP_diff_lag_2,0.0,0
2014-10-01,USRECP_diff_lag_2,0.0,0
2014-11-01,USRECP_diff_lag_2,0.0,0
2014-12-01,USRECP_diff_lag_2,0.0,0
2015-01-01,USRECP_diff_lag_2,0.0,0
2015-02-01,USRECP_diff_lag_2,0.0,0
2015-03-01,USRECP_diff_lag_2,0.0,0
2015-04-01,USRECP_diff_lag_2,0.0,0
2015-05-01,USRECP_diff_lag_2,0.0,0
2015-06-01,USRECP_diff_lag_2,0.0,0
2015-07-01,USRECP_diff_lag_2,0.0,0
2015-08-01,USRECP_diff_lag_2,0.0,0
2015-09-01,USRECP_diff_lag_2,0.0,0
2015-10-01,USRECP_diff_lag_2,0.0,0
2015-11-01,USRECP_diff_lag_2,0.0,0
2015-12-01,USRECP_diff_lag_2,0.0,0
2016-01-01,USRECP_diff_lag_2,0.0,0
2016-02-01,USRECP_diff_lag_2,0.0,0
2016-03-01,USRECP_diff_lag_2,0.0,0
2016-04-01,USRECP_diff_lag_2,0.0,0
2016-05-01,USRECP_diff_lag_2,0.0,0
2016-06-01,USRECP_diff_lag_2,0.0,0
2016-07-01,USRECP_diff_lag_2,0.0,0
2016-08-01,USRECP_diff_lag_2,0.0,0
2016-09-01,USRECP_diff_lag_2,0.0,0
2016-10-01,USRECP_diff_lag_2,0.0,0
2016-11-01,USRECP_diff_lag_2,0.0,0
2016-12-01,USRECP_diff_lag_2,0.0,0
2017-01-01,USRECP_diff_lag_2,0.0,0
2017-02-01,USRECP_diff_lag_2,0.0,0
2017-03-01,USRECP_diff_lag_2,0.0,0
2017-04-01,USRECP_diff_lag_2,0.0,0
2017-05-01,USRECP_diff_lag_2,0.0,0
2017-06-01,USRECP_diff_lag_2,0.0,0
2017-07-01,USRECP_diff_lag_2,0.0,0
2017-08-01,USRECP_diff_lag_2,0.0,0
2017-09-01,USRECP_diff_lag_2,0.0,0
2017-10-01,USRECP_diff_lag_2,0.0,0
2017-11-01,USRECP_diff_lag_2,0.0,0
2017-12-01,USRECP_diff_lag_2,0.0,0
2018-01-01,USRECP_diff_lag_2,0.0,0
2018-02-01,USRECP_diff_lag_2,0.0,0
2018-03-01,USRECP_diff_lag_2,0.0,0
2018-04-01,USRECP_diff_lag_2,0.0,0
2018-05-01,USRECP_diff_lag_2,0.0,0
2018-06-01,USRECP_diff_lag_2,0.0,0
2018-07-01,USRECP_diff_lag_2,0.0,0
2018-08-01,USRECP_diff_lag_2,0.0,0
2018-09-01,USRECP_diff_lag_2,0.0,0
2018-10-01,USRECP_diff_lag_2,0.0,0
2018-11-01,USRECP_diff_lag_2,0.0,0
2018-12-01,USRECP_diff_lag_2,0.0,0
2019-01-01,USRECP_diff_lag_2,0.0,0
2019-02-01,USRECP_diff_lag_2,0.0,0
2019-03-01,USRECP_diff_lag_2,0.0,0
2019-04-01,USRECP_diff_lag_2,0.0,0
2000-01-01,LNU02026634_perc_diff_lag_1,-2.4080267,0
2000-02-01,LNU02026634_perc_diff_lag_1,7.05963,0
2000-03-01,LNU02026634_perc_diff_lag_1,-10.755442,0
2000-04-01,LNU02026634_perc_diff_lag_1,8.249641,0
2000-05-01,LNU02026634_perc_diff_lag_1,-2.9821074,0
2000-06-01,LNU02026634_perc_diff_lag_1,-12.636612,0
2000-07-01,LNU02026634_perc_diff_lag_1,13.604379,0
2000-08-01,LNU02026634_perc_diff_lag_1,-7.226428,0
2000-09-01,LNU02026634_perc_diff_lag_1,7.8635015,0
2000-10-01,LNU02026634_perc_diff_lag_1,-2.0632737,0
2000-11-01,LNU02026634_perc_diff_lag_1,3.511236,0
2000-12-01,LNU02026634_perc_diff_lag_1,-2.578019,0
2001-01-01,LNU02026634_perc_diff_lag_1,-3.2033427,0
2001-02-01,LNU02026634_perc_diff_lag_1,-1.8705035,0
2001-03-01,LNU02026634_perc_diff_lag_1,-0.36656892,0
2001-04-01,LNU02026634_perc_diff_lag_1,-4.856512,0
2001-05-01,LNU02026634_perc_diff_lag_1,23.047176,0
2001-06-01,LNU02026634_perc_diff_lag_1,-9.679447,0
2001-07-01,LNU02026634_perc_diff_lag_1,4.384134,0
2001-08-01,LNU02026634_perc_diff_lag_1,-3.0666666,0
2001-09-01,LNU02026634_perc_diff_lag_1,2.5447042,0
2001-10-01,LNU02026634_perc_diff_lag_1,0.33534542,0
2001-11-01,LNU02026634_perc_diff_lag_1,-4.4786096,0
2001-12-01,LNU02026634_perc_diff_lag_1,0.34989503,0
2002-01-01,LNU02026634_perc_diff_lag_1,-4.6722455,0
2002-02-01,LNU02026634_perc_diff_lag_1,2.4871984,0
2002-03-01,LNU02026634_perc_diff_lag_1,-3.2119915,0
2002-04-01,LNU02026634_perc_diff_lag_1,5.5309734,0
2002-05-01,LNU02026634_perc_diff_lag_1,0.698812,0
2002-06-01,LNU02026634_perc_diff_lag_1,8.396947,0
2002-07-01,LNU02026634_perc_diff_lag_1,-4.993598,0
2002-08-01,LNU02026634_perc_diff_lag_1,-6.6037736,0
2002-09-01,LNU02026634_perc_diff_lag_1,8.946609,0
2002-10-01,LNU02026634_perc_diff_lag_1,-9.006622,0
2002-11-01,LNU02026634_perc_diff_lag_1,8.224163,0
2002-12-01,LNU02026634_perc_diff_lag_1,6.4559517,0
2003-01-01,LNU02026634_perc_diff_lag_1,-7.4542007,0
2003-02-01,LNU02026634_perc_diff_lag_1,3.9590445,0
2003-03-01,LNU02026634_perc_diff_lag_1,-9.455023,0
2003-04-01,LNU02026634_perc_diff_lag_1,4.641044,0
2003-05-01,LNU02026634_perc_diff_lag_1,1.4553014,0
2003-06-01,LNU02026634_perc_diff_lag_1,5.669399,0
2003-07-01,LNU02026634_perc_diff_lag_1,9.114415,0
2003-08-01,LNU02026634_perc_diff_lag_1,-4.6800947,0
2003-09-01,LNU02026634_perc_diff_lag_1,-4.3505282,0
2003-10-01,LNU02026634_perc_diff_lag_1,0.97465885,0
2003-11-01,LNU02026634_perc_diff_lag_1,1.4800515,0
2003-12-01,LNU02026634_perc_diff_lag_1,-5.3265696,0
2004-01-01,LNU02026634_perc_diff_lag_1,-3.081045,0
2004-02-01,LNU02026634_perc_diff_lag_1,0.7601935,0
2004-03-01,LNU02026634_perc_diff_lag_1,-4.0466394,0
2004-04-01,LNU02026634_perc_diff_lag_1,1.2866333,0
2004-05-01,LNU02026634_perc_diff_lag_1,4.6577277,0
2004-06-01,LNU02026634_perc_diff_lag_1,11.732974,0
2004-07-01,LNU02026634_perc_diff_lag_1,-3.1382015,0
2004-08-01,LNU02026634_perc_diff_lag_1,-0.6853582,0
2004-09-01,LNU02026634_perc_diff_lag_1,7.4654956,0
2004-10-01,LNU02026634_perc_diff_lag_1,3.8528898,0
2004-11-01,LNU02026634_perc_diff_lag_1,-13.940416,0
2004-12-01,LNU02026634_perc_diff_lag_1,10.058785,0
2005-01-01,LNU02026634_perc_diff_lag_1,-11.15727,0
2005-02-01,LNU02026634_perc_diff_lag_1,13.760855,0
2005-03-01,LNU02026634_perc_diff_lag_1,-4.991192,0
2005-04-01,LNU02026634_perc_diff_lag_1,-4.140915,0
2005-05-01,LNU02026634_perc_diff_lag_1,-3.030303,0
2005-06-01,LNU02026634_perc_diff_lag_1,-1.7287234,0
2005-07-01,LNU02026634_perc_diff_lag_1,7.848444,0
2005-08-01,LNU02026634_perc_diff_lag_1,-5.8971143,0
2005-09-01,LNU02026634_perc_diff_lag_1,10.666667,0
2005-10-01,LNU02026634_perc_diff_lag_1,-3.0722892,0
2005-11-01,LNU02026634_perc_diff_lag_1,-5.344935,0
2005-12-01,LNU02026634_perc_diff_lag_1,-4.464872,0
2006-01-01,LNU02026634_perc_diff_lag_1,0.89347076,0
2006-02-01,LNU02026634_perc_diff_lag_1,2.3841963,0
2006-03-01,LNU02026634_perc_diff_lag_1,7.185629,0
2006-04-01,LNU02026634_perc_diff_lag_1,-10.676599,0
2006-05-01,LNU02026634_perc_diff_lag_1,10.771369,0
2006-06-01,LNU02026634_perc_diff_lag_1,-2.8230865,0
2006-07-01,LNU02026634_perc_diff_lag_1,5.1646223,0
2006-08-01,LNU02026634_perc_diff_lag_1,-10.988337,0
2006-09-01,LNU02026634_perc_diff_lag_1,12.551724,0
2006-10-01,LNU02026634_perc_diff_lag_1,4.7181373,0
2006-11-01,LNU02026634_perc_diff_lag_1,-7.314219,0
2006-12-01,LNU02026634_perc_diff_lag_1,1.3888888,0
2007-01-01,LNU02026634_perc_diff_lag_1,-16.438356,0
2007-02-01,LNU02026634_perc_diff_lag_1,6.8554397,0
2007-03-01,LNU02026634_perc_diff_lag_1,-8.995816,0
2007-04-01,LNU02026634_perc_diff_lag_1,10.804598,0
2007-05-01,LNU02026634_perc_diff_lag_1,-7.745505,0
2007-06-01,LNU02026634_perc_diff_lag_1,2.7736132,0
2007-07-01,LNU02026634_perc_diff_lag_1,8.388038,0
2007-08-01,LNU02026634_perc_diff_lag_1,-8.950202,0
2007-09-01,LNU02026634_perc_diff_lag_1,2.3651145,0
2007-10-01,LNU02026634_perc_diff_lag_1,-0.57761735,0
2007-11-01,LNU02026634_perc_diff_lag_1,2.7596223,0
2007-12-01,LNU02026634_perc_diff_lag_1,-5.017668,0
2008-01-01,LNU02026634_perc_diff_lag_1,1.8601191,0
2008-02-01,LNU02026634_perc_diff_lag_1,0.14609204,0
2008-03-01,LNU02026634_perc_diff_lag_1,-6.053975,0
2008-04-01,LNU02026634_perc_diff_lag_1,3.4937887,0
2008-05-01,LNU02026634_perc_diff_lag_1,-2.775694,0
2008-06-01,LNU02026634_perc_diff_lag_1,11.033951,0
2008-07-01,LNU02026634_perc_diff_lag_1,-0.90340513,0
2008-08-01,LNU02026634_perc_diff_lag_1,-5.1192145,0
2008-09-01,LNU02026634_perc_diff_lag_1,-1.330377,0
2008-10-01,LNU02026634_perc_diff_lag_1,-4.94382,0
2008-11-01,LNU02026634_perc_diff_lag_1,7.171001,0
2008-12-01,LNU02026634_perc_diff_lag_1,-10.661765,0
2009-01-01,LNU02026634_perc_diff_lag_1,13.251029,0
2009-02-01,LNU02026634_perc_diff_lag_1,4.4331393,0
2009-03-01,LNU02026634_perc_diff_lag_1,-11.134308,0
2009-04-01,LNU02026634_perc_diff_lag_1,5.4815974,0
2009-05-01,LNU02026634_perc_diff_lag_1,-6.9042315,0
2009-06-01,LNU02026634_perc_diff_lag_1,2.3923445,0
2009-07-01,LNU02026634_perc_diff_lag_1,0.62305295,0
2009-08-01,LNU02026634_perc_diff_lag_1,-6.037152,0
2009-09-01,LNU02026634_perc_diff_lag_1,13.838551,0
2009-10-01,LNU02026634_perc_diff_lag_1,-11.9392185,0
2009-11-01,LNU02026634_perc_diff_lag_1,-3.8619556,0
2009-12-01,LNU02026634_perc_diff_lag_1,2.3931625,0
2010-01-01,LNU02026634_perc_diff_lag_1,-1.0016694,0
2010-02-01,LNU02026634_perc_diff_lag_1,7.166948,0
2010-03-01,LNU02026634_perc_diff_lag_1,-11.4083395,0
2010-04-01,LNU02026634_perc_diff_lag_1,11.545293,0
2010-05-01,LNU02026634_perc_diff_lag_1,-6.2898088,0
2010-06-01,LNU02026634_perc_diff_lag_1,13.084112,0
2010-07-01,LNU02026634_perc_diff_lag_1,-14.049587,0
2010-08-01,LNU02026634_perc_diff_lag_1,2.0104895,0
2010-09-01,LNU02026634_perc_diff_lag_1,-1.9708655,0
2010-10-01,LNU02026634_perc_diff_lag_1,-3.5839162,0
2010-11-01,LNU02026634_perc_diff_lag_1,0.9066183,0
2010-12-01,LNU02026634_perc_diff_lag_1,4.58221,0
2011-01-01,LNU02026634_perc_diff_lag_1,0.25773194,0
2011-02-01,LNU02026634_perc_diff_lag_1,2.570694,0
2011-03-01,LNU02026634_perc_diff_lag_1,-12.447786,0
2011-04-01,LNU02026634_perc_diff_lag_1,15.553435,0
2011-05-01,LNU02026634_perc_diff_lag_1,-6.688687,0
2011-06-01,LNU02026634_perc_diff_lag_1,2.1238937,0
2011-07-01,LNU02026634_perc_diff_lag_1,-3.119584,0
2011-08-01,LNU02026634_perc_diff_lag_1,-5.09839,0
2011-09-01,LNU02026634_perc_diff_lag_1,14.420358,0
2011-10-01,LNU02026634_perc_diff_lag_1,3.047776,0
2011-11-01,LNU02026634_perc_diff_lag_1,0.87929654,0
2011-12-01,LNU02026634_perc_diff_lag_1,-1.1093502,0
2012-01-01,LNU02026634_perc_diff_lag_1,-2.5641026,0
2012-02-01,LNU02026634_perc_diff_lag_1,3.125,0
2012-03-01,LNU02026634_perc_diff_lag_1,-10.685805,0
2012-04-01,LNU02026634_perc_diff_lag_1,1.25,0
2012-05-01,LNU02026634_perc_diff_lag_1,9.78836,0
2012-06-01,LNU02026634_perc_diff_lag_1,-10.522088,0
2012-07-01,LNU02026634_perc_diff_lag_1,-4.398564,0
2012-08-01,LNU02026634_perc_diff_lag_1,-1.5023475,0
2012-09-01,LNU02026634_perc_diff_lag_1,9.437559,0
2012-10-01,LNU02026634_perc_diff_lag_1,0.17421603,0
2012-11-01,LNU02026634_perc_diff_lag_1,1.9130435,0
2012-12-01,LNU02026634_perc_diff_lag_1,-7.1672354,0
2013-01-01,LNU02026634_perc_diff_lag_1,7.6286764,0
2013-02-01,LNU02026634_perc_diff_lag_1,-4.0990605,0
2013-03-01,LNU02026634_perc_diff_lag_1,-2.760463,0
2013-04-01,LNU02026634_perc_diff_lag_1,-0.2747253,0
2013-05-01,LNU02026634_perc_diff_lag_1,13.59045,0
2013-06-01,LNU02026634_perc_diff_lag_1,-6.5481005,0
2013-07-01,LNU02026634_perc_diff_lag_1,-10.207612,0
2013-08-01,LNU02026634_perc_diff_lag_1,2.3121388,0
2013-09-01,LNU02026634_perc_diff_lag_1,-2.542373,0
2013-10-01,LNU02026634_perc_diff_lag_1,-2.0289855,0
2013-11-01,LNU02026634_perc_diff_lag_1,10.157791,0
2013-12-01,LNU02026634_perc_diff_lag_1,-2.3276634,0
2014-01-01,LNU02026634_perc_diff_lag_1,0.09165903,0
2014-02-01,LNU02026634_perc_diff_lag_1,5.6776557,0
2014-03-01,LNU02026634_perc_diff_lag_1,-3.119584,0
2014-04-01,LNU02026634_perc_diff_lag_1,-5.6350627,0
2014-05-01,LNU02026634_perc_diff_lag_1,6.4454975,0
2014-06-01,LNU02026634_perc_diff_lag_1,0.35618877,0
2014-07-01,LNU02026634_perc_diff_lag_1,-2.484472,0
2014-08-01,LNU02026634_perc_diff_lag_1,-1.2738854,0
2014-09-01,LNU02026634_perc_diff_lag_1,1.6589862,0
2014-10-01,LNU02026634_perc_diff_lag_1,11.786038,0
2014-11-01,LNU02026634_perc_diff_lag_1,-6.9748583,0
2014-12-01,LNU02026634_perc_diff_lag_1,-3.3129904,0
2015-01-01,LNU02026634_perc_diff_lag_1,10.18936,0
2015-02-01,LNU02026634_perc_diff_lag_1,-7.3649755,0
2015-03-01,LNU02026634_perc_diff_lag_1,-1.0600706,0
2015-04-01,LNU02026634_perc_diff_lag_1,-6.25,0
2015-05-01,LNU02026634_perc_diff_lag_1,4.095238,0
2015-06-01,LNU02026634_perc_diff_lag_1,-7.2278132,0
2015-07-01,LNU02026634_perc_diff_lag_1,-3.1558185,0
2015-08-01,LNU02026634_perc_diff_lag_1,5.7026477,0
2015-09-01,LNU02026634_perc_diff_lag_1,6.840077,0
2015-10-01,LNU02026634_perc_diff_lag_1,12.623985,0
2015-11-01,LNU02026634_perc_diff_lag_1,-6.405124,0
2015-12-01,LNU02026634_perc_diff_lag_1,2.13858,0
2016-01-01,LNU02026634_perc_diff_lag_1,-6.030151,0
2016-02-01,LNU02026634_perc_diff_lag_1,-1.3368984,0
2016-03-01,LNU02026634_perc_diff_lag_1,-11.833785,0
2016-04-01,LNU02026634_perc_diff_lag_1,3.7909837,0
2016-05-01,LNU02026634_perc_diff_lag_1,-4.2448173,0
2016-06-01,LNU02026634_perc_diff_lag_1,-3.298969,0
2016-07-01,LNU02026634_perc_diff_lag_1,6.609808,0
2016-08-01,LNU02026634_perc_diff_lag_1,-10.3,0
2016-09-01,LNU02026634_perc_diff_lag_1,18.729097,0
2016-10-01,LNU02026634_perc_diff_lag_1,11.267606,0
2016-11-01,LNU02026634_perc_diff_lag_1,-4.135021,0
2016-12-01,LNU02026634_perc_diff_lag_1,-7.5704226,0
2017-01-01,LNU02026634_perc_diff_lag_1,13.333333,0
2017-02-01,LNU02026634_perc_diff_lag_1,-7.4789915,0
2017-03-01,LNU02026634_perc_diff_lag_1,-1.9981835,0
2017-04-01,LNU02026634_perc_diff_lag_1,-3.3364227,0
2017-05-01,LNU02026634_perc_diff_lag_1,-1.3422819,0
2017-06-01,LNU02026634_perc_diff_lag_1,1.1661807,0
2017-07-01,LNU02026634_perc_diff_lag_1,-5.5715656,0
2017-08-01,LNU02026634_perc_diff_lag_1,3.4587996,0
2017-09-01,LNU02026634_perc_diff_lag_1,-9.242871,0
2017-10-01,LNU02026634_perc_diff_lag_1,21.776815,0
2017-11-01,LNU02026634_perc_diff_lag_1,-10.765124,0
2017-12-01,LNU02026634_perc_diff_lag_1,8.773679,0
2018-01-01,LNU02026634_perc_diff_lag_1,1.6498625,0
2018-02-01,LNU02026634_perc_diff_lag_1,1.6230838,0
2018-03-01,LNU02026634_perc_diff_lag_1,-1.6858917,0
2018-04-01,LNU02026634_perc_diff_lag_1,-4.963899,0
2018-05-01,LNU02026634_perc_diff_lag_1,1.8993353,0
2018-06-01,LNU02026634_perc_diff_lag_1,-3.8210623,0
2018-07-01,LNU02026634_perc_diff_lag_1,5.1356587,0
2018-08-01,LNU02026634_perc_diff_lag_1,-2.2119815,0
2018-09-01,LNU02026634_perc_diff_lag_1,-1.602262,0
2018-10-01,LNU02026634_perc_diff_lag_1,2.7777777,0
2018-11-01,LNU02026634_perc_diff_lag_1,-7.4557314,0
2018-12-01,LNU02026634_perc_diff_lag_1,21.148037,0
2019-01-01,LNU02026634_perc_diff_lag_1,-5.818786,0
2019-02-01,LNU02026634_perc_diff_lag_1,-6.707855,0
2019-03-01,LNU02026634_perc_diff_lag_1,-2.8382213,0
2019-04-01,LNU02026634_perc_diff_lag_1,1.7526777,0
