reference_date,series_code,value,IsTarget
2000-01-01,AMDMVS_diff_lag_1,6881.0,1
2000-02-01,AMDMVS_diff_lag_1,-11341.0,1
2000-03-01,AMDMVS_diff_lag_1,5423.0,1
2000-04-01,AMDMVS_diff_lag_1,5233.0,1
2000-05-01,AMDMVS_diff_lag_1,-4845.0,1
2000-06-01,AMDMVS_diff_lag_1,2099.0,1
2000-07-01,AMDMVS_diff_lag_1,-2565.0,1
2000-08-01,AMDMVS_diff_lag_1,-2774.0,1
2000-09-01,AMDMVS_diff_lag_1,7009.0,1
2000-10-01,AMDMVS_diff_lag_1,-6199.0,1
2000-11-01,AMDMVS_diff_lag_1,-2637.0,1
2000-12-01,AMDMVS_diff_lag_1,3627.0,1
2001-01-01,AMDMVS_diff_lag_1,-8370.0,1
2001-02-01,AMDMVS_diff_lag_1,3499.0,1
2001-03-01,AMDMVS_diff_lag_1,-2838.0,1
2001-04-01,AMDMVS_diff_lag_1,-7853.0,1
2001-05-01,AMDMVS_diff_lag_1,5254.0,1
2001-06-01,AMDMVS_diff_lag_1,-2405.0,1
2001-07-01,AMDMVS_diff_lag_1,-4168.0,1
2001-08-01,AMDMVS_diff_lag_1,-168.0,1
2001-09-01,AMDMVS_diff_lag_1,-4960.0,1
2001-10-01,AMDMVS_diff_lag_1,-1225.0,1
2001-11-01,AMDMVS_diff_lag_1,775.0,1
2001-12-01,AMDMVS_diff_lag_1,2116.0,1
2002-01-01,AMDMVS_diff_lag_1,-1005.0,1
2002-02-01,AMDMVS_diff_lag_1,39.0,1
2002-03-01,AMDMVS_diff_lag_1,-627.0,1
2002-04-01,AMDMVS_diff_lag_1,5357.0,1
2002-05-01,AMDMVS_diff_lag_1,-196.0,1
2002-06-01,AMDMVS_diff_lag_1,-965.0,1
2002-07-01,AMDMVS_diff_lag_1,-61.0,1
2002-08-01,AMDMVS_diff_lag_1,1639.0,1
2002-09-01,AMDMVS_diff_lag_1,-2368.0,1
2002-10-01,AMDMVS_diff_lag_1,293.0,1
2002-11-01,AMDMVS_diff_lag_1,440.0,1
2002-12-01,AMDMVS_diff_lag_1,-6790.0,1
2003-01-01,AMDMVS_diff_lag_1,4192.0,1
2003-02-01,AMDMVS_diff_lag_1,1206.0,1
2003-03-01,AMDMVS_diff_lag_1,684.0,1
2003-04-01,AMDMVS_diff_lag_1,-4081.0,1
2003-05-01,AMDMVS_diff_lag_1,2449.0,1
2003-06-01,AMDMVS_diff_lag_1,1124.0,1
2003-07-01,AMDMVS_diff_lag_1,2162.0,1
2003-08-01,AMDMVS_diff_lag_1,-3231.0,1
2003-09-01,AMDMVS_diff_lag_1,5893.0,1
2003-10-01,AMDMVS_diff_lag_1,-151.0,1
2003-11-01,AMDMVS_diff_lag_1,1327.0,1
2003-12-01,AMDMVS_diff_lag_1,-1601.0,1
2004-01-01,AMDMVS_diff_lag_1,-1261.0,1
2004-02-01,AMDMVS_diff_lag_1,2431.0,1
2004-03-01,AMDMVS_diff_lag_1,6078.0,1
2004-04-01,AMDMVS_diff_lag_1,-3249.0,1
2004-05-01,AMDMVS_diff_lag_1,3.0,1
2004-06-01,AMDMVS_diff_lag_1,1433.0,1
2004-07-01,AMDMVS_diff_lag_1,-1810.0,1
2004-08-01,AMDMVS_diff_lag_1,4350.0,1
2004-09-01,AMDMVS_diff_lag_1,492.0,1
2004-10-01,AMDMVS_diff_lag_1,1339.0,1
2004-11-01,AMDMVS_diff_lag_1,559.0,1
2004-12-01,AMDMVS_diff_lag_1,4297.0,1
2005-01-01,AMDMVS_diff_lag_1,3059.0,1
2005-02-01,AMDMVS_diff_lag_1,-1938.0,1
2005-03-01,AMDMVS_diff_lag_1,-2155.0,1
2005-04-01,AMDMVS_diff_lag_1,6015.0,1
2005-05-01,AMDMVS_diff_lag_1,-1891.0,1
2005-06-01,AMDMVS_diff_lag_1,702.0,1
2005-07-01,AMDMVS_diff_lag_1,-3343.0,1
2005-08-01,AMDMVS_diff_lag_1,4647.0,1
2005-09-01,AMDMVS_diff_lag_1,3043.0,1
2005-10-01,AMDMVS_diff_lag_1,2968.0,1
2005-11-01,AMDMVS_diff_lag_1,569.0,1
2005-12-01,AMDMVS_diff_lag_1,6141.0,1
2006-01-01,AMDMVS_diff_lag_1,-3909.0,1
2006-02-01,AMDMVS_diff_lag_1,2981.0,1
2006-03-01,AMDMVS_diff_lag_1,1353.0,1
2006-04-01,AMDMVS_diff_lag_1,-5748.0,1
2006-05-01,AMDMVS_diff_lag_1,6397.0,1
2006-06-01,AMDMVS_diff_lag_1,656.0,1
2006-07-01,AMDMVS_diff_lag_1,-8365.0,1
2006-08-01,AMDMVS_diff_lag_1,7519.0,1
2006-09-01,AMDMVS_diff_lag_1,-2543.0,1
2006-10-01,AMDMVS_diff_lag_1,94.0,1
2006-11-01,AMDMVS_diff_lag_1,2125.0,1
2006-12-01,AMDMVS_diff_lag_1,7171.0,1
2007-01-01,AMDMVS_diff_lag_1,-6246.0,1
2007-02-01,AMDMVS_diff_lag_1,3339.0,1
2007-03-01,AMDMVS_diff_lag_1,3673.0,1
2007-04-01,AMDMVS_diff_lag_1,1653.0,1
2007-05-01,AMDMVS_diff_lag_1,1754.0,1
2007-06-01,AMDMVS_diff_lag_1,-895.0,1
2007-07-01,AMDMVS_diff_lag_1,-124.0,1
2007-08-01,AMDMVS_diff_lag_1,1847.0,1
2007-09-01,AMDMVS_diff_lag_1,-2323.0,1
2007-10-01,AMDMVS_diff_lag_1,446.0,1
2007-11-01,AMDMVS_diff_lag_1,1118.0,1
2007-12-01,AMDMVS_diff_lag_1,-601.0,1
2008-01-01,AMDMVS_diff_lag_1,3718.0,1
2008-02-01,AMDMVS_diff_lag_1,-927.0,1
2008-03-01,AMDMVS_diff_lag_1,-4805.0,1
2008-04-01,AMDMVS_diff_lag_1,5216.0,1
2008-05-01,AMDMVS_diff_lag_1,-3811.0,1
2008-06-01,AMDMVS_diff_lag_1,1209.0,1
2008-07-01,AMDMVS_diff_lag_1,-2689.0,1
2008-08-01,AMDMVS_diff_lag_1,-6572.0,1
2008-09-01,AMDMVS_diff_lag_1,-860.0,1
2008-10-01,AMDMVS_diff_lag_1,-10249.0,1
2008-11-01,AMDMVS_diff_lag_1,-9345.0,1
2008-12-01,AMDMVS_diff_lag_1,-6550.0,1
2009-01-01,AMDMVS_diff_lag_1,-13747.0,1
2009-02-01,AMDMVS_diff_lag_1,-298.0,1
2009-03-01,AMDMVS_diff_lag_1,-3702.0,1
2009-04-01,AMDMVS_diff_lag_1,-5302.0,1
2009-05-01,AMDMVS_diff_lag_1,-2884.0,1
2009-06-01,AMDMVS_diff_lag_1,-278.0,1
2009-07-01,AMDMVS_diff_lag_1,3588.0,1
2009-08-01,AMDMVS_diff_lag_1,1235.0,1
2009-09-01,AMDMVS_diff_lag_1,5157.0,1
2009-10-01,AMDMVS_diff_lag_1,-63.0,1
2009-11-01,AMDMVS_diff_lag_1,3768.0,1
2009-12-01,AMDMVS_diff_lag_1,2657.0,1
2010-01-01,AMDMVS_diff_lag_1,3552.0,1
2010-02-01,AMDMVS_diff_lag_1,-3233.0,1
2010-03-01,AMDMVS_diff_lag_1,2949.0,1
2010-04-01,AMDMVS_diff_lag_1,4129.0,1
2010-05-01,AMDMVS_diff_lag_1,1978.0,1
2010-06-01,AMDMVS_diff_lag_1,-246.0,1
2010-07-01,AMDMVS_diff_lag_1,4138.0,1
2010-08-01,AMDMVS_diff_lag_1,-555.0,1
2010-09-01,AMDMVS_diff_lag_1,2060.0,1
2010-10-01,AMDMVS_diff_lag_1,-365.0,1
2010-11-01,AMDMVS_diff_lag_1,431.0,1
2010-12-01,AMDMVS_diff_lag_1,2532.0,1
2011-01-01,AMDMVS_diff_lag_1,3642.0,1
2011-02-01,AMDMVS_diff_lag_1,-535.0,1
2011-03-01,AMDMVS_diff_lag_1,6652.0,1
2011-04-01,AMDMVS_diff_lag_1,-3956.0,1
2011-05-01,AMDMVS_diff_lag_1,764.0,1
2011-06-01,AMDMVS_diff_lag_1,962.0,1
2011-07-01,AMDMVS_diff_lag_1,3174.0,1
2011-08-01,AMDMVS_diff_lag_1,1642.0,1
2011-09-01,AMDMVS_diff_lag_1,-2197.0,1
2011-10-01,AMDMVS_diff_lag_1,4046.0,1
2011-11-01,AMDMVS_diff_lag_1,-607.0,1
2011-12-01,AMDMVS_diff_lag_1,2526.0,1
2012-01-01,AMDMVS_diff_lag_1,5639.0,1
2012-02-01,AMDMVS_diff_lag_1,-1669.0,1
2012-03-01,AMDMVS_diff_lag_1,498.0,1
2012-04-01,AMDMVS_diff_lag_1,992.0,1
2012-05-01,AMDMVS_diff_lag_1,2755.0,1
2012-06-01,AMDMVS_diff_lag_1,-1304.0,1
2012-07-01,AMDMVS_diff_lag_1,-2527.0,1
2012-08-01,AMDMVS_diff_lag_1,-3016.0,1
2012-09-01,AMDMVS_diff_lag_1,2449.0,1
2012-10-01,AMDMVS_diff_lag_1,-1088.0,1
2012-11-01,AMDMVS_diff_lag_1,4409.0,1
2012-12-01,AMDMVS_diff_lag_1,863.0,1
2013-01-01,AMDMVS_diff_lag_1,-890.0,1
2013-02-01,AMDMVS_diff_lag_1,3503.0,1
2013-03-01,AMDMVS_diff_lag_1,-1045.0,1
2013-04-01,AMDMVS_diff_lag_1,403.0,1
2013-05-01,AMDMVS_diff_lag_1,2304.0,1
2013-06-01,AMDMVS_diff_lag_1,-269.0,1
2013-07-01,AMDMVS_diff_lag_1,-4200.0,1
2013-08-01,AMDMVS_diff_lag_1,3915.0,1
2013-09-01,AMDMVS_diff_lag_1,659.0,1
2013-10-01,AMDMVS_diff_lag_1,716.0,1
2013-11-01,AMDMVS_diff_lag_1,6529.0,1
2013-12-01,AMDMVS_diff_lag_1,-7665.0,1
2014-01-01,AMDMVS_diff_lag_1,-878.0,1
2014-02-01,AMDMVS_diff_lag_1,5139.0,1
2014-03-01,AMDMVS_diff_lag_1,1377.0,1
2014-04-01,AMDMVS_diff_lag_1,-990.0,1
2014-05-01,AMDMVS_diff_lag_1,1779.0,1
2014-06-01,AMDMVS_diff_lag_1,851.0,1
2014-07-01,AMDMVS_diff_lag_1,6606.0,1
2014-08-01,AMDMVS_diff_lag_1,-2462.0,1
2014-09-01,AMDMVS_diff_lag_1,596.0,1
2014-10-01,AMDMVS_diff_lag_1,-1884.0,1
2014-11-01,AMDMVS_diff_lag_1,-3569.0,1
2014-12-01,AMDMVS_diff_lag_1,4867.0,1
2015-01-01,AMDMVS_diff_lag_1,-6240.0,1
2015-02-01,AMDMVS_diff_lag_1,-504.0,1
2015-03-01,AMDMVS_diff_lag_1,5637.0,1
2015-04-01,AMDMVS_diff_lag_1,-3095.0,1
2015-05-01,AMDMVS_diff_lag_1,-1476.0,1
2015-06-01,AMDMVS_diff_lag_1,3238.0,1
2015-07-01,AMDMVS_diff_lag_1,40.0,1
2015-08-01,AMDMVS_diff_lag_1,-1041.0,1
2015-09-01,AMDMVS_diff_lag_1,198.0,1
2015-10-01,AMDMVS_diff_lag_1,-3223.0,1
2015-11-01,AMDMVS_diff_lag_1,1009.0,1
2015-12-01,AMDMVS_diff_lag_1,-6330.0,1
2016-01-01,AMDMVS_diff_lag_1,3019.0,1
2016-02-01,AMDMVS_diff_lag_1,-352.0,1
2016-03-01,AMDMVS_diff_lag_1,-2141.0,1
2016-04-01,AMDMVS_diff_lag_1,537.0,1
2016-05-01,AMDMVS_diff_lag_1,-1217.0,1
2016-06-01,AMDMVS_diff_lag_1,-225.0,1
2016-07-01,AMDMVS_diff_lag_1,42.0,1
2016-08-01,AMDMVS_diff_lag_1,484.0,1
2016-09-01,AMDMVS_diff_lag_1,592.0,1
2016-10-01,AMDMVS_diff_lag_1,-617.0,1
2016-11-01,AMDMVS_diff_lag_1,-152.0,1
2016-12-01,AMDMVS_diff_lag_1,2517.0,1
2017-01-01,AMDMVS_diff_lag_1,224.0,1
2017-02-01,AMDMVS_diff_lag_1,-827.0,1
2017-03-01,AMDMVS_diff_lag_1,1602.0,1
2017-04-01,AMDMVS_diff_lag_1,-3270.0,1
2017-05-01,AMDMVS_diff_lag_1,5703.0,1
2017-06-01,AMDMVS_diff_lag_1,-1914.0,1
2017-07-01,AMDMVS_diff_lag_1,-964.0,1
2017-08-01,AMDMVS_diff_lag_1,3490.0,1
2017-09-01,AMDMVS_diff_lag_1,993.0,1
2017-10-01,AMDMVS_diff_lag_1,1968.0,1
2017-11-01,AMDMVS_diff_lag_1,2595.0,1
2017-12-01,AMDMVS_diff_lag_1,-248.0,1
2018-01-01,AMDMVS_diff_lag_1,1329.0,1
2018-02-01,AMDMVS_diff_lag_1,1554.0,1
2018-03-01,AMDMVS_diff_lag_1,2234.0,1
2018-04-01,AMDMVS_diff_lag_1,-596.0,1
2018-05-01,AMDMVS_diff_lag_1,1059.0,1
2018-06-01,AMDMVS_diff_lag_1,2070.0,1
2018-07-01,AMDMVS_diff_lag_1,-1064.0,1
2018-08-01,AMDMVS_diff_lag_1,2534.0,1
2018-09-01,AMDMVS_diff_lag_1,955.0,1
2018-10-01,AMDMVS_diff_lag_1,588.0,1
2018-11-01,AMDMVS_diff_lag_1,-242.0,1
2018-12-01,AMDMVS_diff_lag_1,-402.0,1
2019-01-01,AMDMVS_diff_lag_1,-2993.0,1
2019-02-01,AMDMVS_diff_lag_1,568.0,1
2019-03-01,AMDMVS_diff_lag_1,-769.0,1
2019-04-01,AMDMVS_diff_lag_1,-4242.0,1
2019-05-01,AMDMVS_diff_lag_1,1385.0,1
2019-06-01,AMDMVS_diff_lag_1,1041.0,1
2019-07-01,AMDMVS_diff_lag_1,-4200.0,1
2019-08-01,AMDMVS_diff_lag_1,190.0,1
2019-09-01,AMDMVS_diff_lag_1,-1794.0,1
2019-10-01,AMDMVS_diff_lag_1,-1987.0,1
2019-11-01,AMDMVS_diff_lag_1,-2009.0,1
2019-12-01,AMDMVS_diff_lag_1,-1534.0,1
2020-01-01,AMDMVS_diff_lag_1,-2663.0,1
2020-02-01,AMDMVS_diff_lag_1,3356.0,1
2020-03-01,AMDMVS_diff_lag_1,-12448.0,1
2020-04-01,AMDMVS_diff_lag_1,-44796.0,1
2020-05-01,AMDMVS_diff_lag_1,8133.0,1
2020-06-01,AMDMVS_diff_lag_1,29745.0,1
2020-07-01,AMDMVS_diff_lag_1,13593.0,1
2020-08-01,AMDMVS_diff_lag_1,2244.0,1
2020-09-01,AMDMVS_diff_lag_1,1240.0,1
2020-10-01,AMDMVS_diff_lag_1,2700.0,1
2020-11-01,AMDMVS_diff_lag_1,-478.0,1
2020-12-01,AMDMVS_diff_lag_1,4633.0,1
2021-01-01,AMDMVS_diff_lag_1,3729.0,1
2021-02-01,AMDMVS_diff_lag_1,-7002.0,1
2021-03-01,AMDMVS_diff_lag_1,4442.0,1
2021-04-01,AMDMVS_diff_lag_1,-1455.0,1
2021-05-01,AMDMVS_diff_lag_1,2499.0,1
2021-06-01,AMDMVS_diff_lag_1,2260.0,1
2021-07-01,AMDMVS_diff_lag_1,6652.0,1
2021-08-01,AMDMVS_diff_lag_1,-1387.0,1
2021-09-01,AMDMVS_diff_lag_1,1513.0,1
2021-10-01,AMDMVS_diff_lag_1,3621.0,1
2021-11-01,AMDMVS_diff_lag_1,2877.0,1
2021-12-01,AMDMVS_diff_lag_1,2307.0,1
2022-01-01,AMDMVS_diff_lag_1,3663.0,1
2022-02-01,AMDMVS_diff_lag_1,709.0,1
2022-03-01,AMDMVS_diff_lag_1,3751.0,1
2022-04-01,AMDMVS_diff_lag_1,886.0,1
2022-05-01,AMDMVS_diff_lag_1,3902.0,1
2022-06-01,AMDMVS_diff_lag_1,731.0,1
2022-07-01,AMDMVS_diff_lag_1,491.0,1
2022-08-01,AMDMVS_diff_lag_1,3494.0,1
2022-09-01,AMDMVS_diff_lag_1,611.0,1
2000-01-01,BAA10YM,1.67,0
2000-02-01,BAA10YM,1.77,0
2000-03-01,BAA10YM,2.11,0
2000-04-01,BAA10YM,2.41,0
2000-05-01,BAA10YM,2.46,0
2000-06-01,BAA10YM,2.38,0
2000-07-01,BAA10YM,2.3,0
2000-08-01,BAA10YM,2.43,0
2000-09-01,BAA10YM,2.55,0
2000-10-01,BAA10YM,2.6,0
2000-11-01,BAA10YM,2.56,0
2000-12-01,BAA10YM,2.78,0
2001-01-01,BAA10YM,2.77,0
2001-02-01,BAA10YM,2.77,0
2001-03-01,BAA10YM,2.95,0
2001-04-01,BAA10YM,2.93,0
2001-05-01,BAA10YM,2.68,0
2001-06-01,BAA10YM,2.69,0
2001-07-01,BAA10YM,2.73,0
2001-08-01,BAA10YM,2.88,0
2001-09-01,BAA10YM,3.3,0
2001-10-01,BAA10YM,3.34,0
2001-11-01,BAA10YM,3.16,0
2001-12-01,BAA10YM,2.96,0
2002-01-01,BAA10YM,2.83,0
2002-02-01,BAA10YM,2.98,0
2002-03-01,BAA10YM,2.83,0
2002-04-01,BAA10YM,2.82,0
2002-05-01,BAA10YM,2.93,0
2002-06-01,BAA10YM,3.02,0
2002-07-01,BAA10YM,3.25,0
2002-08-01,BAA10YM,3.32,0
2002-09-01,BAA10YM,3.53,0
2002-10-01,BAA10YM,3.79,0
2002-11-01,BAA10YM,3.57,0
2002-12-01,BAA10YM,3.42,0
2003-01-01,BAA10YM,3.3,0
2003-02-01,BAA10YM,3.16,0
2003-03-01,BAA10YM,3.14,0
2003-04-01,BAA10YM,2.89,0
2003-05-01,BAA10YM,2.81,0
2003-06-01,BAA10YM,2.86,0
2003-07-01,BAA10YM,2.64,0
2003-08-01,BAA10YM,2.56,0
2003-09-01,BAA10YM,2.52,0
2003-10-01,BAA10YM,2.44,0
2003-11-01,BAA10YM,2.36,0
2003-12-01,BAA10YM,2.33,0
2004-01-01,BAA10YM,2.29,0
2004-02-01,BAA10YM,2.19,0
2004-03-01,BAA10YM,2.28,0
2004-04-01,BAA10YM,2.11,0
2004-05-01,BAA10YM,2.03,0
2004-06-01,BAA10YM,2.05,0
2004-07-01,BAA10YM,2.12,0
2004-08-01,BAA10YM,2.18,0
2004-09-01,BAA10YM,2.14,0
2004-10-01,BAA10YM,2.11,0
2004-11-01,BAA10YM,2.01,0
2004-12-01,BAA10YM,1.92,0
2005-01-01,BAA10YM,1.8,0
2005-02-01,BAA10YM,1.65,0
2005-03-01,BAA10YM,1.56,0
2005-04-01,BAA10YM,1.71,0
2005-05-01,BAA10YM,1.87,0
2005-06-01,BAA10YM,1.86,0
2005-07-01,BAA10YM,1.77,0
2005-08-01,BAA10YM,1.7,0
2005-09-01,BAA10YM,1.83,0
2005-10-01,BAA10YM,1.84,0
2005-11-01,BAA10YM,1.85,0
2005-12-01,BAA10YM,1.85,0
2006-01-01,BAA10YM,1.82,0
2006-02-01,BAA10YM,1.7,0
2006-03-01,BAA10YM,1.69,0
2006-04-01,BAA10YM,1.69,0
2006-05-01,BAA10YM,1.64,0
2006-06-01,BAA10YM,1.67,0
2006-07-01,BAA10YM,1.67,0
2006-08-01,BAA10YM,1.71,0
2006-09-01,BAA10YM,1.71,0
2006-10-01,BAA10YM,1.69,0
2006-11-01,BAA10YM,1.6,0
2006-12-01,BAA10YM,1.66,0
2007-01-01,BAA10YM,1.58,0
2007-02-01,BAA10YM,1.56,0
2007-03-01,BAA10YM,1.71,0
2007-04-01,BAA10YM,1.7,0
2007-05-01,BAA10YM,1.64,0
2007-06-01,BAA10YM,1.6,0
2007-07-01,BAA10YM,1.65,0
2007-08-01,BAA10YM,1.98,0
2007-09-01,BAA10YM,2.07,0
2007-10-01,BAA10YM,1.95,0
2007-11-01,BAA10YM,2.25,0
2007-12-01,BAA10YM,2.55,0
2008-01-01,BAA10YM,2.8,0
2008-02-01,BAA10YM,3.08,0
2008-03-01,BAA10YM,3.38,0
2008-04-01,BAA10YM,3.29,0
2008-05-01,BAA10YM,3.05,0
2008-06-01,BAA10YM,2.97,0
2008-07-01,BAA10YM,3.15,0
2008-08-01,BAA10YM,3.26,0
2008-09-01,BAA10YM,3.62,0
2008-10-01,BAA10YM,5.07,0
2008-11-01,BAA10YM,5.68,0
2008-12-01,BAA10YM,6.01,0
2009-01-01,BAA10YM,5.62,0
2009-02-01,BAA10YM,5.21,0
2009-03-01,BAA10YM,5.6,0
2009-04-01,BAA10YM,5.46,0
2009-05-01,BAA10YM,4.77,0
2009-06-01,BAA10YM,3.78,0
2009-07-01,BAA10YM,3.53,0
2009-08-01,BAA10YM,2.99,0
2009-09-01,BAA10YM,2.91,0
2009-10-01,BAA10YM,2.9,0
2009-11-01,BAA10YM,2.92,0
2009-12-01,BAA10YM,2.78,0
2010-01-01,BAA10YM,2.52,0
2010-02-01,BAA10YM,2.65,0
2010-03-01,BAA10YM,2.54,0
2010-04-01,BAA10YM,2.4,0
2010-05-01,BAA10YM,2.63,0
2010-06-01,BAA10YM,3.03,0
2010-07-01,BAA10YM,3.0,0
2010-08-01,BAA10YM,2.96,0
2010-09-01,BAA10YM,3.01,0
2010-10-01,BAA10YM,3.18,0
2010-11-01,BAA10YM,3.16,0
2010-12-01,BAA10YM,2.81,0
2011-01-01,BAA10YM,2.7,0
2011-02-01,BAA10YM,2.57,0
2011-03-01,BAA10YM,2.62,0
2011-04-01,BAA10YM,2.56,0
2011-05-01,BAA10YM,2.61,0
2011-06-01,BAA10YM,2.75,0
2011-07-01,BAA10YM,2.76,0
2011-08-01,BAA10YM,3.06,0
2011-09-01,BAA10YM,3.29,0
2011-10-01,BAA10YM,3.22,0
2011-11-01,BAA10YM,3.13,0
2011-12-01,BAA10YM,3.27,0
2012-01-01,BAA10YM,3.26,0
2012-02-01,BAA10YM,3.17,0
2012-03-01,BAA10YM,3.06,0
2012-04-01,BAA10YM,3.14,0
2012-05-01,BAA10YM,3.27,0
2012-06-01,BAA10YM,3.4,0
2012-07-01,BAA10YM,3.34,0
2012-08-01,BAA10YM,3.23,0
2012-09-01,BAA10YM,3.12,0
2012-10-01,BAA10YM,2.83,0
2012-11-01,BAA10YM,2.86,0
2012-12-01,BAA10YM,2.91,0
2013-01-01,BAA10YM,2.82,0
2013-02-01,BAA10YM,2.87,0
2013-03-01,BAA10YM,2.89,0
2013-04-01,BAA10YM,2.83,0
2013-05-01,BAA10YM,2.8,0
2013-06-01,BAA10YM,2.89,0
2013-07-01,BAA10YM,2.74,0
2013-08-01,BAA10YM,2.68,0
2013-09-01,BAA10YM,2.66,0
2013-10-01,BAA10YM,2.69,0
2013-11-01,BAA10YM,2.66,0
2013-12-01,BAA10YM,2.48,0
2014-01-01,BAA10YM,2.33,0
2014-02-01,BAA10YM,2.39,0
2014-03-01,BAA10YM,2.34,0
2014-04-01,BAA10YM,2.19,0
2014-05-01,BAA10YM,2.2,0
2014-06-01,BAA10YM,2.2,0
2014-07-01,BAA10YM,2.19,0
2014-08-01,BAA10YM,2.27,0
2014-09-01,BAA10YM,2.27,0
2014-10-01,BAA10YM,2.39,0
2014-11-01,BAA10YM,2.46,0
2014-12-01,BAA10YM,2.53,0
2015-01-01,BAA10YM,2.57,0
2015-02-01,BAA10YM,2.53,0
2015-03-01,BAA10YM,2.5,0
2015-04-01,BAA10YM,2.54,0
2015-05-01,BAA10YM,2.69,0
2015-06-01,BAA10YM,2.77,0
2015-07-01,BAA10YM,2.88,0
2015-08-01,BAA10YM,3.02,0
2015-09-01,BAA10YM,3.17,0
2015-10-01,BAA10YM,3.27,0
2015-11-01,BAA10YM,3.2,0
2015-12-01,BAA10YM,3.22,0
2016-01-01,BAA10YM,3.36,0
2016-02-01,BAA10YM,3.56,0
2016-03-01,BAA10YM,3.24,0
2016-04-01,BAA10YM,2.98,0
2016-05-01,BAA10YM,2.87,0
2016-06-01,BAA10YM,2.89,0
2016-07-01,BAA10YM,2.72,0
2016-08-01,BAA10YM,2.68,0
2016-09-01,BAA10YM,2.68,0
2016-10-01,BAA10YM,2.62,0
2016-11-01,BAA10YM,2.57,0
2016-12-01,BAA10YM,2.34,0
2017-01-01,BAA10YM,2.23,0
2017-02-01,BAA10YM,2.22,0
2017-03-01,BAA10YM,2.2,0
2017-04-01,BAA10YM,2.27,0
2017-05-01,BAA10YM,2.25,0
2017-06-01,BAA10YM,2.18,0
2017-07-01,BAA10YM,2.07,0
2017-08-01,BAA10YM,2.1,0
2017-09-01,BAA10YM,2.1,0
2017-10-01,BAA10YM,1.96,0
2017-11-01,BAA10YM,1.92,0
2017-12-01,BAA10YM,1.82,0
2018-01-01,BAA10YM,1.68,0
2018-02-01,BAA10YM,1.65,0
2018-03-01,BAA10YM,1.8,0
2018-04-01,BAA10YM,1.8,0
2018-05-01,BAA10YM,1.85,0
2018-06-01,BAA10YM,1.92,0
2018-07-01,BAA10YM,1.9,0
2018-08-01,BAA10YM,1.88,0
2018-09-01,BAA10YM,1.88,0
2018-10-01,BAA10YM,1.92,0
2018-11-01,BAA10YM,2.1,0
2018-12-01,BAA10YM,2.3,0
2019-01-01,BAA10YM,2.41,0
2019-02-01,BAA10YM,2.27,0
2019-03-01,BAA10YM,2.27,0
2019-04-01,BAA10YM,2.17,0
2019-05-01,BAA10YM,2.23,0
2019-06-01,BAA10YM,2.39,0
2019-07-01,BAA10YM,2.22,0
2019-08-01,BAA10YM,2.24,0
2019-09-01,BAA10YM,2.21,0
2019-10-01,BAA10YM,2.21,0
2019-11-01,BAA10YM,2.13,0
2019-12-01,BAA10YM,2.02,0
2020-01-01,BAA10YM,2.01,0
2020-02-01,BAA10YM,2.11,0
2020-03-01,BAA10YM,3.42,0
2020-04-01,BAA10YM,3.47,0
2020-05-01,BAA10YM,3.28,0
2020-06-01,BAA10YM,2.91,0
2020-07-01,BAA10YM,2.69,0
2020-08-01,BAA10YM,2.62,0
2020-09-01,BAA10YM,2.68,0
2020-10-01,BAA10YM,2.65,0
2020-11-01,BAA10YM,2.43,0
2020-12-01,BAA10YM,2.23,0
2021-01-01,BAA10YM,2.16,0
2021-02-01,BAA10YM,2.16,0
2021-03-01,BAA10YM,2.13,0
2021-04-01,BAA10YM,1.97,0
2021-05-01,BAA10YM,2.0,0
2021-06-01,BAA10YM,1.92,0
2021-07-01,BAA10YM,1.92,0
2021-08-01,BAA10YM,1.96,0
2021-09-01,BAA10YM,1.86,0
2021-10-01,BAA10YM,1.77,0
2021-11-01,BAA10YM,1.72,0
2021-12-01,BAA10YM,1.84,0
2022-01-01,BAA10YM,1.82,0
2022-02-01,BAA10YM,2.04,0
2022-03-01,BAA10YM,2.16,0
2022-04-01,BAA10YM,1.91,0
2022-05-01,BAA10YM,2.22,0
2022-06-01,BAA10YM,2.13,0
2022-07-01,BAA10YM,2.31,0
2022-08-01,BAA10YM,2.25,0
2022-09-01,BAA10YM,2.17,0
2000-01-01,CFNAI,0.17,0
2000-02-01,CFNAI,-0.21,0
2000-03-01,CFNAI,0.43,0
2000-04-01,CFNAI,0.43,0
2000-05-01,CFNAI,-0.37,0
2000-06-01,CFNAI,0.11,0
2000-07-01,CFNAI,-0.28,0
2000-08-01,CFNAI,-0.39,0
2000-09-01,CFNAI,0.34,0
2000-10-01,CFNAI,-0.52,0
2000-11-01,CFNAI,-0.37,0
2000-12-01,CFNAI,-0.26,0
2001-01-01,CFNAI,-0.71,0
2001-02-01,CFNAI,-0.55,0
2001-03-01,CFNAI,-0.68,0
2001-04-01,CFNAI,-0.86,0
2001-05-01,CFNAI,-0.45,0
2001-06-01,CFNAI,-0.91,0
2001-07-01,CFNAI,-0.5,0
2001-08-01,CFNAI,-0.45,0
2001-09-01,CFNAI,-1.05,0
2001-10-01,CFNAI,-0.21,0
2001-11-01,CFNAI,-0.77,0
2001-12-01,CFNAI,-0.31,0
2002-01-01,CFNAI,-0.05,0
2002-02-01,CFNAI,-0.11,0
2002-03-01,CFNAI,-0.02,0
2002-04-01,CFNAI,0.17,0
2002-05-01,CFNAI,0.04,0
2002-06-01,CFNAI,0.29,0
2002-07-01,CFNAI,-0.28,0
2002-08-01,CFNAI,-0.08,0
2002-09-01,CFNAI,-0.33,0
2002-10-01,CFNAI,-0.37,0
2002-11-01,CFNAI,0.13,0
2002-12-01,CFNAI,-0.59,0
2003-01-01,CFNAI,0.36,0
2003-02-01,CFNAI,-0.47,0
2003-03-01,CFNAI,-0.18,0
2003-04-01,CFNAI,-0.65,0
2003-05-01,CFNAI,0.01,0
2003-06-01,CFNAI,0.13,0
2003-07-01,CFNAI,0.11,0
2003-08-01,CFNAI,-0.16,0
2003-09-01,CFNAI,0.32,0
2003-10-01,CFNAI,0.13,0
2003-11-01,CFNAI,0.48,0
2003-12-01,CFNAI,0.03,0
2004-01-01,CFNAI,0.05,0
2004-02-01,CFNAI,0.43,0
2004-03-01,CFNAI,0.51,0
2004-04-01,CFNAI,0.07,0
2004-05-01,CFNAI,0.54,0
2004-06-01,CFNAI,-0.3,0
2004-07-01,CFNAI,0.45,0
2004-08-01,CFNAI,0.3,0
2004-09-01,CFNAI,0.14,0
2004-10-01,CFNAI,0.44,0
2004-11-01,CFNAI,0.01,0
2004-12-01,CFNAI,0.8,0
2005-01-01,CFNAI,0.17,0
2005-02-01,CFNAI,0.38,0
2005-03-01,CFNAI,-0.29,0
2005-04-01,CFNAI,0.53,0
2005-05-01,CFNAI,0.0,0
2005-06-01,CFNAI,0.37,0
2005-07-01,CFNAI,-0.05,0
2005-08-01,CFNAI,0.22,0
2005-09-01,CFNAI,-0.6,0
2005-10-01,CFNAI,0.61,0
2005-11-01,CFNAI,0.7,0
2005-12-01,CFNAI,0.28,0
2006-01-01,CFNAI,0.46,0
2006-02-01,CFNAI,0.09,0
2006-03-01,CFNAI,0.2,0
2006-04-01,CFNAI,-0.11,0
2006-05-01,CFNAI,0.01,0
2006-06-01,CFNAI,0.01,0
2006-07-01,CFNAI,-0.28,0
2006-08-01,CFNAI,0.17,0
2006-09-01,CFNAI,-0.03,0
2006-10-01,CFNAI,-0.27,0
2006-11-01,CFNAI,-0.14,0
2006-12-01,CFNAI,0.75,0
2007-01-01,CFNAI,-0.49,0
2007-02-01,CFNAI,0.18,0
2007-03-01,CFNAI,0.24,0
2007-04-01,CFNAI,-0.11,0
2007-05-01,CFNAI,0.04,0
2007-06-01,CFNAI,-0.06,0
2007-07-01,CFNAI,-0.39,0
2007-08-01,CFNAI,-0.08,0
2007-09-01,CFNAI,-0.08,0
2007-10-01,CFNAI,-0.27,0
2007-11-01,CFNAI,-0.07,0
2007-12-01,CFNAI,-0.45,0
2008-01-01,CFNAI,-0.25,0
2008-02-01,CFNAI,-0.78,0
2008-03-01,CFNAI,-0.79,0
2008-04-01,CFNAI,-0.67,0
2008-05-01,CFNAI,-0.79,0
2008-06-01,CFNAI,-0.7,0
2008-07-01,CFNAI,-1.21,0
2008-08-01,CFNAI,-1.23,0
2008-09-01,CFNAI,-2.49,0
2008-10-01,CFNAI,-1.11,0
2008-11-01,CFNAI,-2.29,0
2008-12-01,CFNAI,-2.59,0
2009-01-01,CFNAI,-2.95,0
2009-02-01,CFNAI,-1.19,0
2009-03-01,CFNAI,-2.27,0
2009-04-01,CFNAI,-1.57,0
2009-05-01,CFNAI,-1.13,0
2009-06-01,CFNAI,-0.87,0
2009-07-01,CFNAI,0.15,0
2009-08-01,CFNAI,0.0,0
2009-09-01,CFNAI,-0.22,0
2009-10-01,CFNAI,-0.32,0
2009-11-01,CFNAI,0.05,0
2009-12-01,CFNAI,-0.3,0
2010-01-01,CFNAI,0.16,0
2010-02-01,CFNAI,-0.35,0
2010-03-01,CFNAI,0.47,0
2010-04-01,CFNAI,0.37,0
2010-05-01,CFNAI,0.31,0
2010-06-01,CFNAI,-0.16,0
2010-07-01,CFNAI,0.13,0
2010-08-01,CFNAI,-0.16,0
2010-09-01,CFNAI,-0.2,0
2010-10-01,CFNAI,-0.13,0
2010-11-01,CFNAI,-0.2,0
2010-12-01,CFNAI,0.06,0
2011-01-01,CFNAI,0.02,0
2011-02-01,CFNAI,-0.38,0
2011-03-01,CFNAI,0.39,0
2011-04-01,CFNAI,-0.5,0
2011-05-01,CFNAI,-0.33,0
2011-06-01,CFNAI,-0.01,0
2011-07-01,CFNAI,0.16,0
2011-08-01,CFNAI,-0.01,0
2011-09-01,CFNAI,-0.26,0
2011-10-01,CFNAI,0.16,0
2011-11-01,CFNAI,-0.35,0
2011-12-01,CFNAI,0.25,0
2012-01-01,CFNAI,0.34,0
2012-02-01,CFNAI,-0.01,0
2012-03-01,CFNAI,-0.4,0
2012-04-01,CFNAI,0.06,0
2012-05-01,CFNAI,-0.19,0
2012-06-01,CFNAI,-0.33,0
2012-07-01,CFNAI,-0.27,0
2012-08-01,CFNAI,-0.46,0
2012-09-01,CFNAI,-0.11,0
2012-10-01,CFNAI,-0.26,0
2012-11-01,CFNAI,0.27,0
2012-12-01,CFNAI,0.15,0
2013-01-01,CFNAI,-0.36,0
2013-02-01,CFNAI,0.23,0
2013-03-01,CFNAI,-0.28,0
2013-04-01,CFNAI,-0.3,0
2013-05-01,CFNAI,0.13,0
2013-06-01,CFNAI,-0.16,0
2013-07-01,CFNAI,-0.52,0
2013-08-01,CFNAI,0.27,0
2013-09-01,CFNAI,0.09,0
2013-10-01,CFNAI,-0.01,0
2013-11-01,CFNAI,0.27,0
2013-12-01,CFNAI,-0.14,0
2014-01-01,CFNAI,-0.73,0
2014-02-01,CFNAI,0.45,0
2014-03-01,CFNAI,0.44,0
2014-04-01,CFNAI,0.03,0
2014-05-01,CFNAI,0.12,0
2014-06-01,CFNAI,0.13,0
2014-07-01,CFNAI,0.31,0
2014-08-01,CFNAI,-0.25,0
2014-09-01,CFNAI,0.02,0
2014-10-01,CFNAI,0.02,0
2014-11-01,CFNAI,0.24,0
2014-12-01,CFNAI,0.07,0
2015-01-01,CFNAI,-0.28,0
2015-02-01,CFNAI,-0.46,0
2015-03-01,CFNAI,-0.04,0
2015-04-01,CFNAI,-0.03,0
2015-05-01,CFNAI,-0.34,0
2015-06-01,CFNAI,-0.11,0
2015-07-01,CFNAI,0.32,0
2015-08-01,CFNAI,-0.31,0
2015-09-01,CFNAI,-0.12,0
2015-10-01,CFNAI,-0.25,0
2015-11-01,CFNAI,-0.36,0
2015-12-01,CFNAI,-0.29,0
2016-01-01,CFNAI,0.06,0
2016-02-01,CFNAI,-0.21,0
2016-03-01,CFNAI,-0.35,0
2016-04-01,CFNAI,-0.12,0
2016-05-01,CFNAI,-0.33,0
2016-06-01,CFNAI,0.11,0
2016-07-01,CFNAI,0.04,0
2016-08-01,CFNAI,-0.2,0
2016-09-01,CFNAI,-0.12,0
2016-10-01,CFNAI,-0.03,0
2016-11-01,CFNAI,-0.22,0
2016-12-01,CFNAI,0.34,0
2017-01-01,CFNAI,-0.12,0
2017-02-01,CFNAI,-0.08,0
2017-03-01,CFNAI,0.04,0
2017-04-01,CFNAI,0.3,0
2017-05-01,CFNAI,0.01,0
2017-06-01,CFNAI,0.14,0
2017-07-01,CFNAI,-0.15,0
2017-08-01,CFNAI,-0.01,0
2017-09-01,CFNAI,0.16,0
2017-10-01,CFNAI,0.53,0
2017-11-01,CFNAI,0.18,0
2017-12-01,CFNAI,0.18,0
2018-01-01,CFNAI,-0.27,0
2018-02-01,CFNAI,0.48,0
2018-03-01,CFNAI,0.15,0
2018-04-01,CFNAI,0.39,0
2018-05-01,CFNAI,-0.19,0
2018-06-01,CFNAI,0.23,0
2018-07-01,CFNAI,0.07,0
2018-08-01,CFNAI,0.28,0
2018-09-01,CFNAI,-0.03,0
2018-10-01,CFNAI,-0.19,0
2018-11-01,CFNAI,-0.12,0
2018-12-01,CFNAI,-0.18,0
2019-01-01,CFNAI,-0.28,0
2019-02-01,CFNAI,-0.31,0
2019-03-01,CFNAI,-0.06,0
2019-04-01,CFNAI,-0.52,0
2019-05-01,CFNAI,0.01,0
2019-06-01,CFNAI,0.06,0
2019-07-01,CFNAI,-0.33,0
2019-08-01,CFNAI,0.12,0
2019-09-01,CFNAI,-0.41,0
2019-10-01,CFNAI,-0.66,0
2019-11-01,CFNAI,0.09,0
2019-12-01,CFNAI,-0.37,0
2020-01-01,CFNAI,-0.15,0
2020-02-01,CFNAI,0.24,0
2020-03-01,CFNAI,-4.25,0
2020-04-01,CFNAI,-17.98,0
2020-05-01,CFNAI,4.62,0
2020-06-01,CFNAI,6.13,0
2020-07-01,CFNAI,2.53,0
2020-08-01,CFNAI,1.2,0
2020-09-01,CFNAI,0.45,0
2020-10-01,CFNAI,0.9,0
2020-11-01,CFNAI,0.15,0
2020-12-01,CFNAI,0.44,0
2021-01-01,CFNAI,1.16,0
2021-02-01,CFNAI,-1.53,0
2021-03-01,CFNAI,2.22,0
2021-04-01,CFNAI,-0.09,0
2021-05-01,CFNAI,0.16,0
2021-06-01,CFNAI,0.2,0
2021-07-01,CFNAI,0.73,0
2021-08-01,CFNAI,0.04,0
2021-09-01,CFNAI,-0.03,0
2021-10-01,CFNAI,0.83,0
2021-11-01,CFNAI,0.51,0
2021-12-01,CFNAI,0.1,0
2022-01-01,CFNAI,0.48,0
2022-02-01,CFNAI,0.5,0
2022-03-01,CFNAI,0.2,0
2022-04-01,CFNAI,0.21,0
2022-05-01,CFNAI,-0.25,0
2022-06-01,CFNAI,-0.28,0
2022-07-01,CFNAI,0.27,0
2022-08-01,CFNAI,0.14,0
2022-09-01,CFNAI,0.17,0
2000-01-01,COREFLEXCPIM157SFRBATL_diff_lag_1,0.037896,0
2000-02-01,COREFLEXCPIM157SFRBATL_diff_lag_1,-0.099456996,0
2000-03-01,COREFLEXCPIM157SFRBATL_diff_lag_1,0.567894,0
2000-04-01,COREFLEXCPIM157SFRBATL_diff_lag_1,-0.092518985,0
2000-05-01,COREFLEXCPIM157SFRBATL_diff_lag_1,-0.448303,0
2000-06-01,COREFLEXCPIM157SFRBATL_diff_lag_1,0.061217003,0
2000-07-01,COREFLEXCPIM157SFRBATL_diff_lag_1,0.208872,0
2000-08-01,COREFLEXCPIM157SFRBATL_diff_lag_1,-0.375384,0
2000-09-01,COREFLEXCPIM157SFRBATL_diff_lag_1,0.659037,0
2000-10-01,COREFLEXCPIM157SFRBATL_diff_lag_1,-0.69968104,0
2000-11-01,COREFLEXCPIM157SFRBATL_diff_lag_1,0.732329,0
2000-12-01,COREFLEXCPIM157SFRBATL_diff_lag_1,-0.97655404,0
2001-01-01,COREFLEXCPIM157SFRBATL_diff_lag_1,0.878676,0
2001-02-01,COREFLEXCPIM157SFRBATL_diff_lag_1,-0.223186,0
2001-03-01,COREFLEXCPIM157SFRBATL_diff_lag_1,-0.181108,0
2001-04-01,COREFLEXCPIM157SFRBATL_diff_lag_1,-0.182445,0
2001-05-01,COREFLEXCPIM157SFRBATL_diff_lag_1,-0.223104,0
2001-06-01,COREFLEXCPIM157SFRBATL_diff_lag_1,0.682955,0
2001-07-01,COREFLEXCPIM157SFRBATL_diff_lag_1,-0.11339699,0
2001-08-01,COREFLEXCPIM157SFRBATL_diff_lag_1,-0.737601,0
2001-09-01,COREFLEXCPIM157SFRBATL_diff_lag_1,0.365441,0
2001-10-01,COREFLEXCPIM157SFRBATL_diff_lag_1,-0.32450297,0
2001-11-01,COREFLEXCPIM157SFRBATL_diff_lag_1,1.176111,0
2001-12-01,COREFLEXCPIM157SFRBATL_diff_lag_1,-0.794459,0
2002-01-01,COREFLEXCPIM157SFRBATL_diff_lag_1,-0.2697,0
2002-02-01,COREFLEXCPIM157SFRBATL_diff_lag_1,0.521351,0
2002-03-01,COREFLEXCPIM157SFRBATL_diff_lag_1,-0.598479,0
2002-04-01,COREFLEXCPIM157SFRBATL_diff_lag_1,0.841133,0
2002-05-01,COREFLEXCPIM157SFRBATL_diff_lag_1,-0.67127705,0
2002-06-01,COREFLEXCPIM157SFRBATL_diff_lag_1,0.273054,0
2002-07-01,COREFLEXCPIM157SFRBATL_diff_lag_1,-0.141878,0
2002-08-01,COREFLEXCPIM157SFRBATL_diff_lag_1,0.82531,0
2002-09-01,COREFLEXCPIM157SFRBATL_diff_lag_1,-0.816144,0
2002-10-01,COREFLEXCPIM157SFRBATL_diff_lag_1,-0.325279,0
2002-11-01,COREFLEXCPIM157SFRBATL_diff_lag_1,0.503564,0
2002-12-01,COREFLEXCPIM157SFRBATL_diff_lag_1,-0.26300701,0
2003-01-01,COREFLEXCPIM157SFRBATL_diff_lag_1,-0.0068940073,0
2003-02-01,COREFLEXCPIM157SFRBATL_diff_lag_1,-0.076516986,0
2003-03-01,COREFLEXCPIM157SFRBATL_diff_lag_1,-0.19548503,0
2003-04-01,COREFLEXCPIM157SFRBATL_diff_lag_1,0.24186203,0
2003-05-01,COREFLEXCPIM157SFRBATL_diff_lag_1,0.81819296,0
2003-06-01,COREFLEXCPIM157SFRBATL_diff_lag_1,-0.615438,0
2003-07-01,COREFLEXCPIM157SFRBATL_diff_lag_1,0.156344,0
2003-08-01,COREFLEXCPIM157SFRBATL_diff_lag_1,-0.23113999,0
2003-09-01,COREFLEXCPIM157SFRBATL_diff_lag_1,-0.49396402,0
2003-10-01,COREFLEXCPIM157SFRBATL_diff_lag_1,0.652619,0
2003-11-01,COREFLEXCPIM157SFRBATL_diff_lag_1,-0.28768802,0
2003-12-01,COREFLEXCPIM157SFRBATL_diff_lag_1,0.22600001,0
2004-01-01,COREFLEXCPIM157SFRBATL_diff_lag_1,0.039403997,0
2004-02-01,COREFLEXCPIM157SFRBATL_diff_lag_1,-0.312669,0
2004-03-01,COREFLEXCPIM157SFRBATL_diff_lag_1,1.06921,0
2004-04-01,COREFLEXCPIM157SFRBATL_diff_lag_1,-0.49913302,0
2004-05-01,COREFLEXCPIM157SFRBATL_diff_lag_1,0.08355799,0
2004-06-01,COREFLEXCPIM157SFRBATL_diff_lag_1,-0.414435,0
2004-07-01,COREFLEXCPIM157SFRBATL_diff_lag_1,0.050279,0
2004-08-01,COREFLEXCPIM157SFRBATL_diff_lag_1,-0.315045,0
2004-09-01,COREFLEXCPIM157SFRBATL_diff_lag_1,1.128603,0
2004-10-01,COREFLEXCPIM157SFRBATL_diff_lag_1,-0.45533502,0
2004-11-01,COREFLEXCPIM157SFRBATL_diff_lag_1,0.05234298,0
2004-12-01,COREFLEXCPIM157SFRBATL_diff_lag_1,-0.398789,0
2005-01-01,COREFLEXCPIM157SFRBATL_diff_lag_1,0.207669,0
2005-02-01,COREFLEXCPIM157SFRBATL_diff_lag_1,0.032975003,0
2005-03-01,COREFLEXCPIM157SFRBATL_diff_lag_1,0.74702597,0
2005-04-01,COREFLEXCPIM157SFRBATL_diff_lag_1,-1.404493,0
2005-05-01,COREFLEXCPIM157SFRBATL_diff_lag_1,0.259111,0
2005-06-01,COREFLEXCPIM157SFRBATL_diff_lag_1,0.103142,0
2005-07-01,COREFLEXCPIM157SFRBATL_diff_lag_1,-0.074710004,0
2005-08-01,COREFLEXCPIM157SFRBATL_diff_lag_1,0.12816401,0
2005-09-01,COREFLEXCPIM157SFRBATL_diff_lag_1,-0.38354897,0
2005-10-01,COREFLEXCPIM157SFRBATL_diff_lag_1,1.2460511,0
2005-11-01,COREFLEXCPIM157SFRBATL_diff_lag_1,-0.549752,0
2005-12-01,COREFLEXCPIM157SFRBATL_diff_lag_1,-0.329477,0
2006-01-01,COREFLEXCPIM157SFRBATL_diff_lag_1,0.279297,0
2006-02-01,COREFLEXCPIM157SFRBATL_diff_lag_1,-0.284685,0
2006-03-01,COREFLEXCPIM157SFRBATL_diff_lag_1,0.674367,0
2006-04-01,COREFLEXCPIM157SFRBATL_diff_lag_1,-0.45596802,0
2006-05-01,COREFLEXCPIM157SFRBATL_diff_lag_1,-0.122944,0
2006-06-01,COREFLEXCPIM157SFRBATL_diff_lag_1,-0.039777998,0
2006-07-01,COREFLEXCPIM157SFRBATL_diff_lag_1,-0.23768999,0
2006-08-01,COREFLEXCPIM157SFRBATL_diff_lag_1,0.43392,0
2006-09-01,COREFLEXCPIM157SFRBATL_diff_lag_1,-0.19476001,0
2006-10-01,COREFLEXCPIM157SFRBATL_diff_lag_1,-0.073211,0
2006-11-01,COREFLEXCPIM157SFRBATL_diff_lag_1,-0.117750995,0
2006-12-01,COREFLEXCPIM157SFRBATL_diff_lag_1,0.263192,0
2007-01-01,COREFLEXCPIM157SFRBATL_diff_lag_1,0.139595,0
2007-02-01,COREFLEXCPIM157SFRBATL_diff_lag_1,-0.026565,0
2007-03-01,COREFLEXCPIM157SFRBATL_diff_lag_1,-0.360908,0
2007-04-01,COREFLEXCPIM157SFRBATL_diff_lag_1,0.257,0
2007-05-01,COREFLEXCPIM157SFRBATL_diff_lag_1,0.003910005,0
2007-06-01,COREFLEXCPIM157SFRBATL_diff_lag_1,0.021982998,0
2007-07-01,COREFLEXCPIM157SFRBATL_diff_lag_1,0.004242003,0
2007-08-01,COREFLEXCPIM157SFRBATL_diff_lag_1,-0.060364,0
2007-09-01,COREFLEXCPIM157SFRBATL_diff_lag_1,-0.015961003,0
2007-10-01,COREFLEXCPIM157SFRBATL_diff_lag_1,0.059167,0
2007-11-01,COREFLEXCPIM157SFRBATL_diff_lag_1,0.120055996,0
2007-12-01,COREFLEXCPIM157SFRBATL_diff_lag_1,0.052536994,0
2008-01-01,COREFLEXCPIM157SFRBATL_diff_lag_1,0.024898022,0
2008-02-01,COREFLEXCPIM157SFRBATL_diff_lag_1,-0.523188,0
2008-03-01,COREFLEXCPIM157SFRBATL_diff_lag_1,0.270684,0
2008-04-01,COREFLEXCPIM157SFRBATL_diff_lag_1,-0.612714,0
2008-05-01,COREFLEXCPIM157SFRBATL_diff_lag_1,0.52495694,0
2008-06-01,COREFLEXCPIM157SFRBATL_diff_lag_1,-0.073225,0
2008-07-01,COREFLEXCPIM157SFRBATL_diff_lag_1,0.270203,0
2008-08-01,COREFLEXCPIM157SFRBATL_diff_lag_1,-0.215201,0
2008-09-01,COREFLEXCPIM157SFRBATL_diff_lag_1,-0.21577199,0
2008-10-01,COREFLEXCPIM157SFRBATL_diff_lag_1,-0.16099301,0
2008-11-01,COREFLEXCPIM157SFRBATL_diff_lag_1,0.15899599,0
2008-12-01,COREFLEXCPIM157SFRBATL_diff_lag_1,-0.14647898,0
2009-01-01,COREFLEXCPIM157SFRBATL_diff_lag_1,0.588606,0
2009-02-01,COREFLEXCPIM157SFRBATL_diff_lag_1,0.315184,0
2009-03-01,COREFLEXCPIM157SFRBATL_diff_lag_1,0.0054939985,0
2009-04-01,COREFLEXCPIM157SFRBATL_diff_lag_1,0.12103599,0
2009-05-01,COREFLEXCPIM157SFRBATL_diff_lag_1,-0.762199,0
2009-06-01,COREFLEXCPIM157SFRBATL_diff_lag_1,0.144878,0
2009-07-01,COREFLEXCPIM157SFRBATL_diff_lag_1,-0.108748004,0
2009-08-01,COREFLEXCPIM157SFRBATL_diff_lag_1,0.266333,0
2009-09-01,COREFLEXCPIM157SFRBATL_diff_lag_1,0.506804,0
2009-10-01,COREFLEXCPIM157SFRBATL_diff_lag_1,0.55475,0
2009-11-01,COREFLEXCPIM157SFRBATL_diff_lag_1,-0.835624,0
2009-12-01,COREFLEXCPIM157SFRBATL_diff_lag_1,0.158119,0
2010-01-01,COREFLEXCPIM157SFRBATL_diff_lag_1,-0.44930398,0
2010-02-01,COREFLEXCPIM157SFRBATL_diff_lag_1,0.04764399,0
2010-03-01,COREFLEXCPIM157SFRBATL_diff_lag_1,-0.22156999,0
2010-04-01,COREFLEXCPIM157SFRBATL_diff_lag_1,-0.19406098,0
2010-05-01,COREFLEXCPIM157SFRBATL_diff_lag_1,0.29582,0
2010-06-01,COREFLEXCPIM157SFRBATL_diff_lag_1,0.138316,0
2010-07-01,COREFLEXCPIM157SFRBATL_diff_lag_1,-0.083738,0
2010-08-01,COREFLEXCPIM157SFRBATL_diff_lag_1,0.110202,0
2010-09-01,COREFLEXCPIM157SFRBATL_diff_lag_1,0.059276998,0
2010-10-01,COREFLEXCPIM157SFRBATL_diff_lag_1,-0.2194,0
2010-11-01,COREFLEXCPIM157SFRBATL_diff_lag_1,0.084583,0
2010-12-01,COREFLEXCPIM157SFRBATL_diff_lag_1,0.215664,0
2011-01-01,COREFLEXCPIM157SFRBATL_diff_lag_1,0.065308005,0
2011-02-01,COREFLEXCPIM157SFRBATL_diff_lag_1,-0.25054598,0
2011-03-01,COREFLEXCPIM157SFRBATL_diff_lag_1,-0.017524004,0
2011-04-01,COREFLEXCPIM157SFRBATL_diff_lag_1,0.091070995,0
2011-05-01,COREFLEXCPIM157SFRBATL_diff_lag_1,0.41697302,0
2011-06-01,COREFLEXCPIM157SFRBATL_diff_lag_1,0.151685,0
2011-07-01,COREFLEXCPIM157SFRBATL_diff_lag_1,-0.293552,0
2011-08-01,COREFLEXCPIM157SFRBATL_diff_lag_1,-0.124266,0
2011-09-01,COREFLEXCPIM157SFRBATL_diff_lag_1,-0.335433,0
2011-10-01,COREFLEXCPIM157SFRBATL_diff_lag_1,0.168667,0
2011-11-01,COREFLEXCPIM157SFRBATL_diff_lag_1,0.121824995,0
2011-12-01,COREFLEXCPIM157SFRBATL_diff_lag_1,-0.222999,0
2012-01-01,COREFLEXCPIM157SFRBATL_diff_lag_1,-0.092339,0
2012-02-01,COREFLEXCPIM157SFRBATL_diff_lag_1,-0.096479,0
2012-03-01,COREFLEXCPIM157SFRBATL_diff_lag_1,0.231572,0
2012-04-01,COREFLEXCPIM157SFRBATL_diff_lag_1,0.17236198,0
2012-05-01,COREFLEXCPIM157SFRBATL_diff_lag_1,-0.027705997,0
2012-06-01,COREFLEXCPIM157SFRBATL_diff_lag_1,-0.174084,0
2012-07-01,COREFLEXCPIM157SFRBATL_diff_lag_1,-0.29606402,0
2012-08-01,COREFLEXCPIM157SFRBATL_diff_lag_1,-0.067261994,0
2012-09-01,COREFLEXCPIM157SFRBATL_diff_lag_1,0.47034502,0
2012-10-01,COREFLEXCPIM157SFRBATL_diff_lag_1,-0.025969014,0
2012-11-01,COREFLEXCPIM157SFRBATL_diff_lag_1,-0.093293995,0
2012-12-01,COREFLEXCPIM157SFRBATL_diff_lag_1,0.08139901,0
2013-01-01,COREFLEXCPIM157SFRBATL_diff_lag_1,0.18437798,0
2013-02-01,COREFLEXCPIM157SFRBATL_diff_lag_1,-0.406973,0
2013-03-01,COREFLEXCPIM157SFRBATL_diff_lag_1,-0.30324,0
2013-04-01,COREFLEXCPIM157SFRBATL_diff_lag_1,0.384172,0
2013-05-01,COREFLEXCPIM157SFRBATL_diff_lag_1,-0.008229999,0
2013-06-01,COREFLEXCPIM157SFRBATL_diff_lag_1,0.099625,0
2013-07-01,COREFLEXCPIM157SFRBATL_diff_lag_1,0.24226099,0
2013-08-01,COREFLEXCPIM157SFRBATL_diff_lag_1,-0.383813,0
2013-09-01,COREFLEXCPIM157SFRBATL_diff_lag_1,0.18768601,0
2013-10-01,COREFLEXCPIM157SFRBATL_diff_lag_1,-0.331283,0
2013-11-01,COREFLEXCPIM157SFRBATL_diff_lag_1,0.48700202,0
2013-12-01,COREFLEXCPIM157SFRBATL_diff_lag_1,-0.015785009,0
2014-01-01,COREFLEXCPIM157SFRBATL_diff_lag_1,-0.596527,0
2014-02-01,COREFLEXCPIM157SFRBATL_diff_lag_1,0.117660016,0
2014-03-01,COREFLEXCPIM157SFRBATL_diff_lag_1,0.257894,0
2014-04-01,COREFLEXCPIM157SFRBATL_diff_lag_1,-0.031959005,0
2014-05-01,COREFLEXCPIM157SFRBATL_diff_lag_1,0.238847,0
2014-06-01,COREFLEXCPIM157SFRBATL_diff_lag_1,-0.402315,0
2014-07-01,COREFLEXCPIM157SFRBATL_diff_lag_1,0.212809,0
2014-08-01,COREFLEXCPIM157SFRBATL_diff_lag_1,-0.105418,0
2014-09-01,COREFLEXCPIM157SFRBATL_diff_lag_1,0.252135,0
2014-10-01,COREFLEXCPIM157SFRBATL_diff_lag_1,-0.183556,0
2014-11-01,COREFLEXCPIM157SFRBATL_diff_lag_1,-0.29685098,0
2014-12-01,COREFLEXCPIM157SFRBATL_diff_lag_1,-0.010026008,0
2015-01-01,COREFLEXCPIM157SFRBATL_diff_lag_1,-0.06271599,0
2015-02-01,COREFLEXCPIM157SFRBATL_diff_lag_1,0.518708,0
2015-03-01,COREFLEXCPIM157SFRBATL_diff_lag_1,0.157965,0
2015-04-01,COREFLEXCPIM157SFRBATL_diff_lag_1,-0.285352,0
2015-05-01,COREFLEXCPIM157SFRBATL_diff_lag_1,-0.196613,0
2015-06-01,COREFLEXCPIM157SFRBATL_diff_lag_1,-0.080042996,0
2015-07-01,COREFLEXCPIM157SFRBATL_diff_lag_1,0.528889,0
2015-08-01,COREFLEXCPIM157SFRBATL_diff_lag_1,-0.414702,0
2015-09-01,COREFLEXCPIM157SFRBATL_diff_lag_1,0.076283,0
2015-10-01,COREFLEXCPIM157SFRBATL_diff_lag_1,-0.25810897,0
2015-11-01,COREFLEXCPIM157SFRBATL_diff_lag_1,0.333702,0
2015-12-01,COREFLEXCPIM157SFRBATL_diff_lag_1,-0.107606,0
2016-01-01,COREFLEXCPIM157SFRBATL_diff_lag_1,0.008415999,0
2016-02-01,COREFLEXCPIM157SFRBATL_diff_lag_1,0.32087198,0
2016-03-01,COREFLEXCPIM157SFRBATL_diff_lag_1,-0.36523598,0
2016-04-01,COREFLEXCPIM157SFRBATL_diff_lag_1,0.230775,0
2016-05-01,COREFLEXCPIM157SFRBATL_diff_lag_1,0.218205,0
2016-06-01,COREFLEXCPIM157SFRBATL_diff_lag_1,-0.492333,0
2016-07-01,COREFLEXCPIM157SFRBATL_diff_lag_1,-0.25993598,0
2016-08-01,COREFLEXCPIM157SFRBATL_diff_lag_1,0.413662,0
2016-09-01,COREFLEXCPIM157SFRBATL_diff_lag_1,0.203865,0
2016-10-01,COREFLEXCPIM157SFRBATL_diff_lag_1,-0.183366,0
2016-11-01,COREFLEXCPIM157SFRBATL_diff_lag_1,-0.475905,0
2016-12-01,COREFLEXCPIM157SFRBATL_diff_lag_1,0.33227903,0
2017-01-01,COREFLEXCPIM157SFRBATL_diff_lag_1,0.0804,0
2017-02-01,COREFLEXCPIM157SFRBATL_diff_lag_1,0.14629999,0
2017-03-01,COREFLEXCPIM157SFRBATL_diff_lag_1,-0.21361999,0
2017-04-01,COREFLEXCPIM157SFRBATL_diff_lag_1,0.35689998,0
2017-05-01,COREFLEXCPIM157SFRBATL_diff_lag_1,-0.42846,0
2017-06-01,COREFLEXCPIM157SFRBATL_diff_lag_1,-0.15061001,0
2017-07-01,COREFLEXCPIM157SFRBATL_diff_lag_1,-0.31225002,0
2017-08-01,COREFLEXCPIM157SFRBATL_diff_lag_1,0.82368004,0
2017-09-01,COREFLEXCPIM157SFRBATL_diff_lag_1,-0.50127,0
2017-10-01,COREFLEXCPIM157SFRBATL_diff_lag_1,0.97777,0
2017-11-01,COREFLEXCPIM157SFRBATL_diff_lag_1,-0.84981,0
2017-12-01,COREFLEXCPIM157SFRBATL_diff_lag_1,0.19797,0
2018-01-01,COREFLEXCPIM157SFRBATL_diff_lag_1,0.012400001,0
2018-02-01,COREFLEXCPIM157SFRBATL_diff_lag_1,0.15653,0
2018-03-01,COREFLEXCPIM157SFRBATL_diff_lag_1,0.029840007,0
2018-04-01,COREFLEXCPIM157SFRBATL_diff_lag_1,-0.19940001,0
2018-05-01,COREFLEXCPIM157SFRBATL_diff_lag_1,0.44124,0
2018-06-01,COREFLEXCPIM157SFRBATL_diff_lag_1,-0.92325,0
2018-07-01,COREFLEXCPIM157SFRBATL_diff_lag_1,0.45896,0
2018-08-01,COREFLEXCPIM157SFRBATL_diff_lag_1,-0.22889,0
2018-09-01,COREFLEXCPIM157SFRBATL_diff_lag_1,0.21198,0
2018-10-01,COREFLEXCPIM157SFRBATL_diff_lag_1,0.3423,0
2018-11-01,COREFLEXCPIM157SFRBATL_diff_lag_1,-0.35987,0
2018-12-01,COREFLEXCPIM157SFRBATL_diff_lag_1,0.07922,0
2019-01-01,COREFLEXCPIM157SFRBATL_diff_lag_1,0.20352998,0
2019-02-01,COREFLEXCPIM157SFRBATL_diff_lag_1,-0.42236,0
2019-03-01,COREFLEXCPIM157SFRBATL_diff_lag_1,0.11309999,0
2019-04-01,COREFLEXCPIM157SFRBATL_diff_lag_1,0.24544,0
2019-05-01,COREFLEXCPIM157SFRBATL_diff_lag_1,-0.19599,0
2019-06-01,COREFLEXCPIM157SFRBATL_diff_lag_1,0.20228,0
2019-07-01,COREFLEXCPIM157SFRBATL_diff_lag_1,-0.0828,0
2019-08-01,COREFLEXCPIM157SFRBATL_diff_lag_1,-0.10585,0
2019-09-01,COREFLEXCPIM157SFRBATL_diff_lag_1,0.027239999,0
2019-10-01,COREFLEXCPIM157SFRBATL_diff_lag_1,-0.52072996,0
2019-11-01,COREFLEXCPIM157SFRBATL_diff_lag_1,0.28722998,0
2019-12-01,COREFLEXCPIM157SFRBATL_diff_lag_1,-0.11511001,0
2020-01-01,COREFLEXCPIM157SFRBATL_diff_lag_1,0.27468002,0
2020-02-01,COREFLEXCPIM157SFRBATL_diff_lag_1,0.47592,0
2020-03-01,COREFLEXCPIM157SFRBATL_diff_lag_1,-1.18205,0
2020-04-01,COREFLEXCPIM157SFRBATL_diff_lag_1,-1.07338,0
2020-05-01,COREFLEXCPIM157SFRBATL_diff_lag_1,1.3577499,0
2020-06-01,COREFLEXCPIM157SFRBATL_diff_lag_1,0.51532996,0
2020-07-01,COREFLEXCPIM157SFRBATL_diff_lag_1,0.9878,0
2020-08-01,COREFLEXCPIM157SFRBATL_diff_lag_1,0.54617,0
2020-09-01,COREFLEXCPIM157SFRBATL_diff_lag_1,-0.08170998,0
2020-10-01,COREFLEXCPIM157SFRBATL_diff_lag_1,-1.37888,0
2020-11-01,COREFLEXCPIM157SFRBATL_diff_lag_1,-0.26665998,0
2020-12-01,COREFLEXCPIM157SFRBATL_diff_lag_1,0.18386,0
2021-01-01,COREFLEXCPIM157SFRBATL_diff_lag_1,-0.025630001,0
2021-02-01,COREFLEXCPIM157SFRBATL_diff_lag_1,-0.24921,0
2021-03-01,COREFLEXCPIM157SFRBATL_diff_lag_1,0.89238,0
2021-04-01,COREFLEXCPIM157SFRBATL_diff_lag_1,2.94043,0
2021-05-01,COREFLEXCPIM157SFRBATL_diff_lag_1,-0.46577,0
2021-06-01,COREFLEXCPIM157SFRBATL_diff_lag_1,1.0275102,0
2021-07-01,COREFLEXCPIM157SFRBATL_diff_lag_1,-3.18826,0
2021-08-01,COREFLEXCPIM157SFRBATL_diff_lag_1,-1.1705,0
2021-09-01,COREFLEXCPIM157SFRBATL_diff_lag_1,0.31377,0
2021-10-01,COREFLEXCPIM157SFRBATL_diff_lag_1,1.45567,0
2021-11-01,COREFLEXCPIM157SFRBATL_diff_lag_1,-0.11502004,0
2021-12-01,COREFLEXCPIM157SFRBATL_diff_lag_1,0.39001,0
2022-01-01,COREFLEXCPIM157SFRBATL_diff_lag_1,-1.5011622,0
2022-02-01,COREFLEXCPIM157SFRBATL_diff_lag_1,0.062374562,0
2022-03-01,COREFLEXCPIM157SFRBATL_diff_lag_1,-1.0449581,0
2022-04-01,COREFLEXCPIM157SFRBATL_diff_lag_1,0.9310384,0
2022-05-01,COREFLEXCPIM157SFRBATL_diff_lag_1,0.88041127,0
2022-06-01,COREFLEXCPIM157SFRBATL_diff_lag_1,-0.53585494,0
2022-07-01,COREFLEXCPIM157SFRBATL_diff_lag_1,-0.851385,0
2022-08-01,COREFLEXCPIM157SFRBATL_diff_lag_1,0.55564517,0
2022-09-01,COREFLEXCPIM157SFRBATL_diff_lag_1,-0.5344858,0
2000-01-01,EXUSAL_diff_lag_1,0.015000045,0
2000-02-01,EXUSAL_diff_lag_1,-0.02820003,0
2000-03-01,EXUSAL_diff_lag_1,-0.018400013,0
2000-04-01,EXUSAL_diff_lag_1,-0.013399959,0
2000-05-01,EXUSAL_diff_lag_1,-0.0176,0
2000-06-01,EXUSAL_diff_lag_1,0.016499996,0
2000-07-01,EXUSAL_diff_lag_1,-0.0079,0
2000-08-01,EXUSAL_diff_lag_1,-0.0062000155,0
2000-09-01,EXUSAL_diff_lag_1,-0.028699994,0
2000-10-01,EXUSAL_diff_lag_1,-0.024100006,0
2000-11-01,EXUSAL_diff_lag_1,-0.0062000155,0
2000-12-01,EXUSAL_diff_lag_1,0.024800003,0
2001-01-01,EXUSAL_diff_lag_1,0.008599997,0
2001-02-01,EXUSAL_diff_lag_1,-0.021399975,0
2001-03-01,EXUSAL_diff_lag_1,-0.030700028,0
2001-04-01,EXUSAL_diff_lag_1,-0.0014999509,0
2001-05-01,EXUSAL_diff_lag_1,0.018299997,0
2001-06-01,EXUSAL_diff_lag_1,-0.0019000173,0
2001-07-01,EXUSAL_diff_lag_1,-0.00910002,0
2001-08-01,EXUSAL_diff_lag_1,0.015700042,0
2001-09-01,EXUSAL_diff_lag_1,-0.021000028,0
2001-10-01,EXUSAL_diff_lag_1,0.00059998035,0
2001-11-01,EXUSAL_diff_lag_1,0.0123000145,0
2001-12-01,EXUSAL_diff_lag_1,-0.0026999712,0
2002-01-01,EXUSAL_diff_lag_1,0.0031999946,0
2002-02-01,EXUSAL_diff_lag_1,-0.0042000413,0
2002-03-01,EXUSAL_diff_lag_1,0.012800038,0
2002-04-01,EXUSAL_diff_lag_1,0.009599984,0
2002-05-01,EXUSAL_diff_lag_1,0.014599979,0
2002-06-01,EXUSAL_diff_lag_1,0.018400013,0
2002-07-01,EXUSAL_diff_lag_1,-0.014400005,0
2002-08-01,EXUSAL_diff_lag_1,-0.012499988,0
2002-09-01,EXUSAL_diff_lag_1,0.0052000284,0
2002-10-01,EXUSAL_diff_lag_1,0.0036999583,0
2002-11-01,EXUSAL_diff_lag_1,0.011099994,0
2002-12-01,EXUSAL_diff_lag_1,0.0011000037,0
2003-01-01,EXUSAL_diff_lag_1,0.020500004,0
2003-02-01,EXUSAL_diff_lag_1,0.012700021,0
2003-03-01,EXUSAL_diff_lag_1,0.0058999658,0
2003-04-01,EXUSAL_diff_lag_1,0.00850004,0
2003-05-01,EXUSAL_diff_lag_1,0.036799967,0
2003-06-01,EXUSAL_diff_lag_1,0.018400013,0
2003-07-01,EXUSAL_diff_lag_1,-0.004499972,0
2003-08-01,EXUSAL_diff_lag_1,-0.008900046,0
2003-09-01,EXUSAL_diff_lag_1,0.011700034,0
2003-10-01,EXUSAL_diff_lag_1,0.03130001,0
2003-11-01,EXUSAL_diff_lag_1,0.020999968,0
2003-12-01,EXUSAL_diff_lag_1,0.023299992,0
2004-01-01,EXUSAL_diff_lag_1,0.032600045,0
2004-02-01,EXUSAL_diff_lag_1,0.0052999854,0
2004-03-01,EXUSAL_diff_lag_1,-0.027400017,0
2004-04-01,EXUSAL_diff_lag_1,-0.0052999854,0
2004-05-01,EXUSAL_diff_lag_1,-0.04040003,0
2004-06-01,EXUSAL_diff_lag_1,-0.010199964,0
2004-07-01,EXUSAL_diff_lag_1,0.022399962,0
2004-08-01,EXUSAL_diff_lag_1,-0.004999995,0
2004-09-01,EXUSAL_diff_lag_1,-0.008300006,0
2004-10-01,EXUSAL_diff_lag_1,0.030900002,0
2004-11-01,EXUSAL_diff_lag_1,0.03670001,0
2004-12-01,EXUSAL_diff_lag_1,-0.0029000044,0
2005-01-01,EXUSAL_diff_lag_1,-0.00069999695,0
2005-02-01,EXUSAL_diff_lag_1,0.014400005,0
2005-03-01,EXUSAL_diff_lag_1,0.0036000013,0
2005-04-01,EXUSAL_diff_lag_1,-0.010999978,0
2005-05-01,EXUSAL_diff_lag_1,-0.007499993,0
2005-06-01,EXUSAL_diff_lag_1,0.00040000677,0
2005-07-01,EXUSAL_diff_lag_1,-0.014300048,0
2005-08-01,EXUSAL_diff_lag_1,0.009000003,0
2005-09-01,EXUSAL_diff_lag_1,0.003700018,0
2005-10-01,EXUSAL_diff_lag_1,-0.011600018,0
2005-11-01,EXUSAL_diff_lag_1,-0.01819998,0
2005-12-01,EXUSAL_diff_lag_1,0.0069999695,0
2006-01-01,EXUSAL_diff_lag_1,0.008200049,0
2006-02-01,EXUSAL_diff_lag_1,-0.008700013,0
2006-03-01,EXUSAL_diff_lag_1,-0.015200019,0
2006-04-01,EXUSAL_diff_lag_1,0.010299981,0
2006-05-01,EXUSAL_diff_lag_1,0.02700001,0
2006-06-01,EXUSAL_diff_lag_1,-0.023999989,0
2006-07-01,EXUSAL_diff_lag_1,0.012899995,0
2006-08-01,EXUSAL_diff_lag_1,0.01030004,0
2006-09-01,EXUSAL_diff_lag_1,-0.008200049,0
2006-10-01,EXUSAL_diff_lag_1,-0.00049996376,0
2006-11-01,EXUSAL_diff_lag_1,0.018400013,0
2006-12-01,EXUSAL_diff_lag_1,0.012999952,0
2007-01-01,EXUSAL_diff_lag_1,-0.0031999946,0
2007-02-01,EXUSAL_diff_lag_1,0.00040000677,0
2007-03-01,EXUSAL_diff_lag_1,0.010200024,0
2007-04-01,EXUSAL_diff_lag_1,0.034099996,0
2007-05-01,EXUSAL_diff_lag_1,-0.0019000173,0
2007-06-01,EXUSAL_diff_lag_1,0.016900003,0
2007-07-01,EXUSAL_diff_lag_1,0.025399983,0
2007-08-01,EXUSAL_diff_lag_1,-0.038599968,0
2007-09-01,EXUSAL_diff_lag_1,0.01699996,0
2007-10-01,EXUSAL_diff_lag_1,0.053500056,0
2007-11-01,EXUSAL_diff_lag_1,-0.0035000443,0
2007-12-01,EXUSAL_diff_lag_1,-0.024199963,0
2008-01-01,EXUSAL_diff_lag_1,0.010399997,0
2008-02-01,EXUSAL_diff_lag_1,0.030999959,0
2008-03-01,EXUSAL_diff_lag_1,0.00880003,0
2008-04-01,EXUSAL_diff_lag_1,0.00879997,0
2008-05-01,EXUSAL_diff_lag_1,0.018299997,0
2008-06-01,EXUSAL_diff_lag_1,0.0019000173,0
2008-07-01,EXUSAL_diff_lag_1,0.010900021,0
2008-08-01,EXUSAL_diff_lag_1,-0.08050001,0
2008-09-01,EXUSAL_diff_lag_1,-0.06470001,0
2008-10-01,EXUSAL_diff_lag_1,-0.12980002,0
2008-11-01,EXUSAL_diff_lag_1,-0.02789998,0
2008-12-01,EXUSAL_diff_lag_1,0.012799978,0
2009-01-01,EXUSAL_diff_lag_1,0.0035000443,0
2009-02-01,EXUSAL_diff_lag_1,-0.025000036,0
2009-03-01,EXUSAL_diff_lag_1,0.016200006,0
2009-04-01,EXUSAL_diff_lag_1,0.0492,0
2009-05-01,EXUSAL_diff_lag_1,0.049000025,0
2009-06-01,EXUSAL_diff_lag_1,0.037699997,0
2009-07-01,EXUSAL_diff_lag_1,0.002399981,0
2009-08-01,EXUSAL_diff_lag_1,0.030400038,0
2009-09-01,EXUSAL_diff_lag_1,0.026899993,0
2009-10-01,EXUSAL_diff_lag_1,0.044499993,0
2009-11-01,EXUSAL_diff_lag_1,0.013000011,0
2009-12-01,EXUSAL_diff_lag_1,-0.0176,0
2010-01-01,EXUSAL_diff_lag_1,0.010599971,0
2010-02-01,EXUSAL_diff_lag_1,-0.02700001,0
2010-03-01,EXUSAL_diff_lag_1,0.026600003,0
2010-04-01,EXUSAL_diff_lag_1,0.013899982,0
2010-05-01,EXUSAL_diff_lag_1,-0.05489999,0
2010-06-01,EXUSAL_diff_lag_1,-0.017399967,0
2010-07-01,EXUSAL_diff_lag_1,0.024699986,0
2010-08-01,EXUSAL_diff_lag_1,0.021799982,0
2010-09-01,EXUSAL_diff_lag_1,0.03940004,0
2010-10-01,EXUSAL_diff_lag_1,0.041999996,0
2010-11-01,EXUSAL_diff_lag_1,0.007099986,0
2010-12-01,EXUSAL_diff_lag_1,0.004000008,0
2011-01-01,EXUSAL_diff_lag_1,0.0033000112,0
2011-02-01,EXUSAL_diff_lag_1,0.012199938,0
2011-03-01,EXUSAL_diff_lag_1,0.0029000044,0
2011-04-01,EXUSAL_diff_lag_1,0.047500014,0
2011-05-01,EXUSAL_diff_lag_1,0.008700013,0
2011-06-01,EXUSAL_diff_lag_1,-0.005800009,0
2011-07-01,EXUSAL_diff_lag_1,0.01639998,0
2011-08-01,EXUSAL_diff_lag_1,-0.02789998,0
2011-09-01,EXUSAL_diff_lag_1,-0.02820003,0
2011-10-01,EXUSAL_diff_lag_1,-0.005199909,0
2011-11-01,EXUSAL_diff_lag_1,-0.005600095,0
2011-12-01,EXUSAL_diff_lag_1,0.0010000467,0
2012-01-01,EXUSAL_diff_lag_1,0.029299974,0
2012-02-01,EXUSAL_diff_lag_1,0.031700015,0
2012-03-01,EXUSAL_diff_lag_1,-0.020599961,0
2012-04-01,EXUSAL_diff_lag_1,-0.01760006,0
2012-05-01,EXUSAL_diff_lag_1,-0.03699994,0
2012-06-01,EXUSAL_diff_lag_1,0.00059998035,0
2012-07-01,EXUSAL_diff_lag_1,0.031399965,0
2012-08-01,EXUSAL_diff_lag_1,0.017500043,0
2012-09-01,EXUSAL_diff_lag_1,-0.006900072,0
2012-10-01,EXUSAL_diff_lag_1,-0.010799885,0
2012-11-01,EXUSAL_diff_lag_1,0.010699987,0
2012-12-01,EXUSAL_diff_lag_1,0.0059999228,0
2013-01-01,EXUSAL_diff_lag_1,0.0034999847,0
2013-02-01,EXUSAL_diff_lag_1,-0.018999934,0
2013-03-01,EXUSAL_diff_lag_1,0.0034999847,0
2013-04-01,EXUSAL_diff_lag_1,0.0034999847,0
2013-05-01,EXUSAL_diff_lag_1,-0.04609996,0
2013-06-01,EXUSAL_diff_lag_1,-0.04790002,0
2013-07-01,EXUSAL_diff_lag_1,-0.02850002,0
2013-08-01,EXUSAL_diff_lag_1,-0.011799991,0
2013-09-01,EXUSAL_diff_lag_1,0.026600003,0
2013-10-01,EXUSAL_diff_lag_1,0.021600008,0
2013-11-01,EXUSAL_diff_lag_1,-0.019500017,0
2013-12-01,EXUSAL_diff_lag_1,-0.034399986,0
2014-01-01,EXUSAL_diff_lag_1,-0.012199998,0
2014-02-01,EXUSAL_diff_lag_1,0.011600018,0
2014-03-01,EXUSAL_diff_lag_1,0.011500001,0
2014-04-01,EXUSAL_diff_lag_1,0.022599995,0
2014-05-01,EXUSAL_diff_lag_1,-0.0010000467,0
2014-06-01,EXUSAL_diff_lag_1,0.006000042,0
2014-07-01,EXUSAL_diff_lag_1,0.002399981,0
2014-08-01,EXUSAL_diff_lag_1,-0.008000016,0
2014-09-01,EXUSAL_diff_lag_1,-0.02669996,0
2014-10-01,EXUSAL_diff_lag_1,-0.02610004,0
2014-11-01,EXUSAL_diff_lag_1,-0.013699949,0
2014-12-01,EXUSAL_diff_lag_1,-0.038700044,0
2015-01-01,EXUSAL_diff_lag_1,-0.019299984,0
2015-02-01,EXUSAL_diff_lag_1,-0.02670002,0
2015-03-01,EXUSAL_diff_lag_1,-0.0072999597,0
2015-04-01,EXUSAL_diff_lag_1,0.0015999675,0
2015-05-01,EXUSAL_diff_lag_1,0.015100002,0
2015-06-01,EXUSAL_diff_lag_1,-0.0176,0
2015-07-01,EXUSAL_diff_lag_1,-0.030799985,0
2015-08-01,EXUSAL_diff_lag_1,-0.011200011,0
2015-09-01,EXUSAL_diff_lag_1,-0.023599982,0
2015-10-01,EXUSAL_diff_lag_1,0.014100015,0
2015-11-01,EXUSAL_diff_lag_1,-0.005400002,0
2015-12-01,EXUSAL_diff_lag_1,0.010099947,0
2016-01-01,EXUSAL_diff_lag_1,-0.023599982,0
2016-02-01,EXUSAL_diff_lag_1,0.0123000145,0
2016-03-01,EXUSAL_diff_lag_1,0.037,0
2016-04-01,EXUSAL_diff_lag_1,0.015999973,0
2016-05-01,EXUSAL_diff_lag_1,-0.03459996,0
2016-06-01,EXUSAL_diff_lag_1,0.008300006,0
2016-07-01,EXUSAL_diff_lag_1,0.012799978,0
2016-08-01,EXUSAL_diff_lag_1,0.00999999,0
2016-09-01,EXUSAL_diff_lag_1,-0.003799975,0
2016-10-01,EXUSAL_diff_lag_1,0.002399981,0
2016-11-01,EXUSAL_diff_lag_1,-0.008300006,0
2016-12-01,EXUSAL_diff_lag_1,-0.018599987,0
2017-01-01,EXUSAL_diff_lag_1,0.011900008,0
2017-02-01,EXUSAL_diff_lag_1,0.019899964,0
2017-03-01,EXUSAL_diff_lag_1,-0.0041999817,0
2017-04-01,EXUSAL_diff_lag_1,-0.00879997,0
2017-05-01,EXUSAL_diff_lag_1,-0.0097,0
2017-06-01,EXUSAL_diff_lag_1,0.012499988,0
2017-07-01,EXUSAL_diff_lag_1,0.024500012,0
2017-08-01,EXUSAL_diff_lag_1,0.010799944,0
2017-09-01,EXUSAL_diff_lag_1,0.0059000254,0
2017-10-01,EXUSAL_diff_lag_1,-0.018599987,0
2017-11-01,EXUSAL_diff_lag_1,-0.016799986,0
2017-12-01,EXUSAL_diff_lag_1,0.0027999878,0
2018-01-01,EXUSAL_diff_lag_1,0.030799985,0
2018-02-01,EXUSAL_diff_lag_1,-0.008899987,0
2018-03-01,EXUSAL_diff_lag_1,-0.010800004,0
2018-04-01,EXUSAL_diff_lag_1,-0.007499993,0
2018-05-01,EXUSAL_diff_lag_1,-0.015900016,0
2018-06-01,EXUSAL_diff_lag_1,-0.0026999712,0
2018-07-01,EXUSAL_diff_lag_1,-0.009500027,0
2018-08-01,EXUSAL_diff_lag_1,-0.007799983,0
2018-09-01,EXUSAL_diff_lag_1,-0.011900008,0
2018-10-01,EXUSAL_diff_lag_1,-0.009500027,0
2018-11-01,EXUSAL_diff_lag_1,0.013599992,0
2018-12-01,EXUSAL_diff_lag_1,-0.007799983,0
2019-01-01,EXUSAL_diff_lag_1,-0.0018000007,0
2019-02-01,EXUSAL_diff_lag_1,-0.0015000105,0
2019-03-01,EXUSAL_diff_lag_1,-0.005400002,0
2019-04-01,EXUSAL_diff_lag_1,0.0029000044,0
2019-05-01,EXUSAL_diff_lag_1,-0.016599953,0
2019-06-01,EXUSAL_diff_lag_1,9.995699e-05,0
2019-07-01,EXUSAL_diff_lag_1,0.0031999946,0
2019-08-01,EXUSAL_diff_lag_1,-0.020299971,0
2019-09-01,EXUSAL_diff_lag_1,0.004000008,0
2019-10-01,EXUSAL_diff_lag_1,-0.0017000437,0
2019-11-01,EXUSAL_diff_lag_1,0.0029000044,0
2019-12-01,EXUSAL_diff_lag_1,0.006000042,0
2020-01-01,EXUSAL_diff_lag_1,-0.0036000013,0
2020-02-01,EXUSAL_diff_lag_1,-0.018700004,0
2020-03-01,EXUSAL_diff_lag_1,-0.04460001,0
2020-04-01,EXUSAL_diff_lag_1,0.00940001,0
2020-05-01,EXUSAL_diff_lag_1,0.020500004,0
2020-06-01,EXUSAL_diff_lag_1,0.03819996,0
2020-07-01,EXUSAL_diff_lag_1,0.014100015,0
2020-08-01,EXUSAL_diff_lag_1,0.016300023,0
2020-09-01,EXUSAL_diff_lag_1,0.0020999908,0
2020-10-01,EXUSAL_diff_lag_1,-0.010299981,0
2020-11-01,EXUSAL_diff_lag_1,0.014899969,0
2020-12-01,EXUSAL_diff_lag_1,0.026199996,0
2021-01-01,EXUSAL_diff_lag_1,0.0194,0
2021-02-01,EXUSAL_diff_lag_1,0.0027000308,0
2021-03-01,EXUSAL_diff_lag_1,-0.0042999983,0
2021-04-01,EXUSAL_diff_lag_1,-0.00090003014,0
2021-05-01,EXUSAL_diff_lag_1,0.0062000155,0
2021-06-01,EXUSAL_diff_lag_1,-0.012000024,0
2021-07-01,EXUSAL_diff_lag_1,-0.022599995,0
2021-08-01,EXUSAL_diff_lag_1,-0.011299968,0
2021-09-01,EXUSAL_diff_lag_1,0.00079995394,0
2021-10-01,EXUSAL_diff_lag_1,0.00999999,0
2021-11-01,EXUSAL_diff_lag_1,-0.010499954,0
2021-12-01,EXUSAL_diff_lag_1,-0.015200019,0
2022-01-01,EXUSAL_diff_lag_1,0.0024999976,0
2022-02-01,EXUSAL_diff_lag_1,-0.0011000037,0
2022-03-01,EXUSAL_diff_lag_1,0.020500004,0
2022-04-01,EXUSAL_diff_lag_1,-0.0009999871,0
2022-05-01,EXUSAL_diff_lag_1,-0.032299995,0
2022-06-01,EXUSAL_diff_lag_1,-0.0016000271,0
2022-07-01,EXUSAL_diff_lag_1,-0.016900003,0
2022-08-01,EXUSAL_diff_lag_1,0.010500014,0
2022-09-01,EXUSAL_diff_lag_1,-0.028999984,0
2000-01-01,H8B1002NCBCMG_diff_lag_2,8.5,0
2000-02-01,H8B1002NCBCMG_diff_lag_2,-20.7,0
2000-03-01,H8B1002NCBCMG_diff_lag_2,8.0,0
2000-04-01,H8B1002NCBCMG_diff_lag_2,12.6,0
2000-05-01,H8B1002NCBCMG_diff_lag_2,-8.4,0
2000-06-01,H8B1002NCBCMG_diff_lag_2,3.1,0
2000-07-01,H8B1002NCBCMG_diff_lag_2,7.6,0
2000-08-01,H8B1002NCBCMG_diff_lag_2,-8.099999,0
2000-09-01,H8B1002NCBCMG_diff_lag_2,-6.5,0
2000-10-01,H8B1002NCBCMG_diff_lag_2,-19.1,0
2000-11-01,H8B1002NCBCMG_diff_lag_2,-12.2,0
2000-12-01,H8B1002NCBCMG_diff_lag_2,35.4,0
2001-01-01,H8B1002NCBCMG_diff_lag_2,18.4,0
2001-02-01,H8B1002NCBCMG_diff_lag_2,-22.7,0
2001-03-01,H8B1002NCBCMG_diff_lag_2,-14.4,0
2001-04-01,H8B1002NCBCMG_diff_lag_2,15.7,0
2001-05-01,H8B1002NCBCMG_diff_lag_2,11.4,0
2001-06-01,H8B1002NCBCMG_diff_lag_2,1.2000008,0
2001-07-01,H8B1002NCBCMG_diff_lag_2,3.2000008,0
2001-08-01,H8B1002NCBCMG_diff_lag_2,2.7999992,0
2001-09-01,H8B1002NCBCMG_diff_lag_2,5.699999,0
2001-10-01,H8B1002NCBCMG_diff_lag_2,-4.0999994,0
2001-11-01,H8B1002NCBCMG_diff_lag_2,-3.6999989,0
2001-12-01,H8B1002NCBCMG_diff_lag_2,13.900001,0
2002-01-01,H8B1002NCBCMG_diff_lag_2,-13.3,0
2002-02-01,H8B1002NCBCMG_diff_lag_2,-21.7,0
2002-03-01,H8B1002NCBCMG_diff_lag_2,15.8,0
2002-04-01,H8B1002NCBCMG_diff_lag_2,9.3,0
2002-05-01,H8B1002NCBCMG_diff_lag_2,-12.200001,0
2002-06-01,H8B1002NCBCMG_diff_lag_2,3.5,0
2002-07-01,H8B1002NCBCMG_diff_lag_2,3.7999997,0
2002-08-01,H8B1002NCBCMG_diff_lag_2,11.499999,0
2002-09-01,H8B1002NCBCMG_diff_lag_2,8.3,0
2002-10-01,H8B1002NCBCMG_diff_lag_2,-3.5999985,0
2002-11-01,H8B1002NCBCMG_diff_lag_2,10.299999,0
2002-12-01,H8B1002NCBCMG_diff_lag_2,9.799999,0
2003-01-01,H8B1002NCBCMG_diff_lag_2,-24.9,0
2003-02-01,H8B1002NCBCMG_diff_lag_2,-10.4,0
2003-03-01,H8B1002NCBCMG_diff_lag_2,10.200001,0
2003-04-01,H8B1002NCBCMG_diff_lag_2,-10.6,0
2003-05-01,H8B1002NCBCMG_diff_lag_2,14.299999,0
2003-06-01,H8B1002NCBCMG_diff_lag_2,7.3999996,0
2003-07-01,H8B1002NCBCMG_diff_lag_2,-47.9,0
2003-08-01,H8B1002NCBCMG_diff_lag_2,-41.0,0
2003-09-01,H8B1002NCBCMG_diff_lag_2,21.0,0
2003-10-01,H8B1002NCBCMG_diff_lag_2,29.400002,0
2003-11-01,H8B1002NCBCMG_diff_lag_2,19.6,0
2003-12-01,H8B1002NCBCMG_diff_lag_2,4.8,0
2004-01-01,H8B1002NCBCMG_diff_lag_2,-19.0,0
2004-02-01,H8B1002NCBCMG_diff_lag_2,32.5,0
2004-03-01,H8B1002NCBCMG_diff_lag_2,30.199999,0
2004-04-01,H8B1002NCBCMG_diff_lag_2,-47.3,0
2004-05-01,H8B1002NCBCMG_diff_lag_2,-44.699997,0
2004-06-01,H8B1002NCBCMG_diff_lag_2,9.9,0
2004-07-01,H8B1002NCBCMG_diff_lag_2,13.799999,0
2004-08-01,H8B1002NCBCMG_diff_lag_2,-2.8999999,0
2004-09-01,H8B1002NCBCMG_diff_lag_2,14.8,0
2004-10-01,H8B1002NCBCMG_diff_lag_2,-9.6,0
2004-11-01,H8B1002NCBCMG_diff_lag_2,-12.4,0
2004-12-01,H8B1002NCBCMG_diff_lag_2,17.8,0
2005-01-01,H8B1002NCBCMG_diff_lag_2,23.7,0
2005-02-01,H8B1002NCBCMG_diff_lag_2,11.9,0
2005-03-01,H8B1002NCBCMG_diff_lag_2,-21.7,0
2005-04-01,H8B1002NCBCMG_diff_lag_2,-36.0,0
2005-05-01,H8B1002NCBCMG_diff_lag_2,17.0,0
2005-06-01,H8B1002NCBCMG_diff_lag_2,0.20000076,0
2005-07-01,H8B1002NCBCMG_diff_lag_2,-10.699999,0
2005-08-01,H8B1002NCBCMG_diff_lag_2,9.099999,0
2005-09-01,H8B1002NCBCMG_diff_lag_2,-11.700001,0
2005-10-01,H8B1002NCBCMG_diff_lag_2,5.3,0
2005-11-01,H8B1002NCBCMG_diff_lag_2,-15.299999,0
2005-12-01,H8B1002NCBCMG_diff_lag_2,7.1000004,0
2006-01-01,H8B1002NCBCMG_diff_lag_2,23.9,0
2006-02-01,H8B1002NCBCMG_diff_lag_2,2.0999994,0
2006-03-01,H8B1002NCBCMG_diff_lag_2,-10.7,0
2006-04-01,H8B1002NCBCMG_diff_lag_2,16.2,0
2006-05-01,H8B1002NCBCMG_diff_lag_2,13.2,0
2006-06-01,H8B1002NCBCMG_diff_lag_2,-29.699999,0
2006-07-01,H8B1002NCBCMG_diff_lag_2,-4.9,0
2006-08-01,H8B1002NCBCMG_diff_lag_2,9.7,0
2006-09-01,H8B1002NCBCMG_diff_lag_2,-13.1,0
2006-10-01,H8B1002NCBCMG_diff_lag_2,-12.3,0
2006-11-01,H8B1002NCBCMG_diff_lag_2,10.8,0
2006-12-01,H8B1002NCBCMG_diff_lag_2,13.799999,0
2007-01-01,H8B1002NCBCMG_diff_lag_2,2.6000001,0
2007-02-01,H8B1002NCBCMG_diff_lag_2,-3.8999996,0
2007-03-01,H8B1002NCBCMG_diff_lag_2,5.6,0
2007-04-01,H8B1002NCBCMG_diff_lag_2,2.6999998,0
2007-05-01,H8B1002NCBCMG_diff_lag_2,-11.8,0
2007-06-01,H8B1002NCBCMG_diff_lag_2,-2.8999996,0
2007-07-01,H8B1002NCBCMG_diff_lag_2,7.3,0
2007-08-01,H8B1002NCBCMG_diff_lag_2,7.0999994,0
2007-09-01,H8B1002NCBCMG_diff_lag_2,4.8,0
2007-10-01,H8B1002NCBCMG_diff_lag_2,-11.9,0
2007-11-01,H8B1002NCBCMG_diff_lag_2,-5.7000003,0
2007-12-01,H8B1002NCBCMG_diff_lag_2,2.2,0
2008-01-01,H8B1002NCBCMG_diff_lag_2,-21.4,0
2008-02-01,H8B1002NCBCMG_diff_lag_2,-5.6000004,0
2008-03-01,H8B1002NCBCMG_diff_lag_2,15.699999,0
2008-04-01,H8B1002NCBCMG_diff_lag_2,5.2,0
2008-05-01,H8B1002NCBCMG_diff_lag_2,5.1,0
2008-06-01,H8B1002NCBCMG_diff_lag_2,4.3999996,0
2008-07-01,H8B1002NCBCMG_diff_lag_2,-12.2,0
2008-08-01,H8B1002NCBCMG_diff_lag_2,-16.2,0
2008-09-01,H8B1002NCBCMG_diff_lag_2,23.9,0
2008-10-01,H8B1002NCBCMG_diff_lag_2,42.9,0
2008-11-01,H8B1002NCBCMG_diff_lag_2,-64.2,0
2008-12-01,H8B1002NCBCMG_diff_lag_2,-61.100002,0
2009-01-01,H8B1002NCBCMG_diff_lag_2,73.6,0
2009-02-01,H8B1002NCBCMG_diff_lag_2,37.9,0
2009-03-01,H8B1002NCBCMG_diff_lag_2,-14.8,0
2009-04-01,H8B1002NCBCMG_diff_lag_2,-14.799999,0
2009-05-01,H8B1002NCBCMG_diff_lag_2,-0.10000038,0
2009-06-01,H8B1002NCBCMG_diff_lag_2,27.800001,0
2009-07-01,H8B1002NCBCMG_diff_lag_2,-3.6999998,0
2009-08-01,H8B1002NCBCMG_diff_lag_2,-9.300001,0
2009-09-01,H8B1002NCBCMG_diff_lag_2,-2.0,0
2009-10-01,H8B1002NCBCMG_diff_lag_2,-10.2,0
2009-11-01,H8B1002NCBCMG_diff_lag_2,-0.19999981,0
2009-12-01,H8B1002NCBCMG_diff_lag_2,10.2,0
2010-01-01,H8B1002NCBCMG_diff_lag_2,-6.6000004,0
2010-02-01,H8B1002NCBCMG_diff_lag_2,-11.599999,0
2010-03-01,H8B1002NCBCMG_diff_lag_2,0.099999905,0
2010-04-01,H8B1002NCBCMG_diff_lag_2,6.7,0
2010-05-01,H8B1002NCBCMG_diff_lag_2,-4.3,0
2010-06-01,H8B1002NCBCMG_diff_lag_2,-12.8,0
2010-07-01,H8B1002NCBCMG_diff_lag_2,35.8,0
2010-08-01,H8B1002NCBCMG_diff_lag_2,22.2,0
2010-09-01,H8B1002NCBCMG_diff_lag_2,-16.8,0
2010-10-01,H8B1002NCBCMG_diff_lag_2,-4.7,0
2010-11-01,H8B1002NCBCMG_diff_lag_2,-4.6,0
2010-12-01,H8B1002NCBCMG_diff_lag_2,-26.599998,0
2011-01-01,H8B1002NCBCMG_diff_lag_2,-8.6,0
2011-02-01,H8B1002NCBCMG_diff_lag_2,10.5,0
2011-03-01,H8B1002NCBCMG_diff_lag_2,6.7,0
2011-04-01,H8B1002NCBCMG_diff_lag_2,9.5,0
2011-05-01,H8B1002NCBCMG_diff_lag_2,-9.2,0
2011-06-01,H8B1002NCBCMG_diff_lag_2,-8.8,0
2011-07-01,H8B1002NCBCMG_diff_lag_2,4.7,0
2011-08-01,H8B1002NCBCMG_diff_lag_2,13.099999,0
2011-09-01,H8B1002NCBCMG_diff_lag_2,4.9,0
2011-10-01,H8B1002NCBCMG_diff_lag_2,-8.2,0
2011-11-01,H8B1002NCBCMG_diff_lag_2,0.2999997,0
2011-12-01,H8B1002NCBCMG_diff_lag_2,1.8,0
2012-01-01,H8B1002NCBCMG_diff_lag_2,7.4000006,0
2012-02-01,H8B1002NCBCMG_diff_lag_2,10.0,0
2012-03-01,H8B1002NCBCMG_diff_lag_2,-9.8,0
2012-04-01,H8B1002NCBCMG_diff_lag_2,-6.9,0
2012-05-01,H8B1002NCBCMG_diff_lag_2,-0.4000001,0
2012-06-01,H8B1002NCBCMG_diff_lag_2,-4.2,0
2012-07-01,H8B1002NCBCMG_diff_lag_2,13.0,0
2012-08-01,H8B1002NCBCMG_diff_lag_2,3.0,0
2012-09-01,H8B1002NCBCMG_diff_lag_2,-8.9,0
2012-10-01,H8B1002NCBCMG_diff_lag_2,-3.7,0
2012-11-01,H8B1002NCBCMG_diff_lag_2,-7.3,0
2012-12-01,H8B1002NCBCMG_diff_lag_2,12.400001,0
2013-01-01,H8B1002NCBCMG_diff_lag_2,-3.7,0
2013-02-01,H8B1002NCBCMG_diff_lag_2,-17.5,0
2013-03-01,H8B1002NCBCMG_diff_lag_2,-0.20000005,0
2013-04-01,H8B1002NCBCMG_diff_lag_2,3.1000001,0
2013-05-01,H8B1002NCBCMG_diff_lag_2,-1.1000001,0
2013-06-01,H8B1002NCBCMG_diff_lag_2,-6.7999997,0
2013-07-01,H8B1002NCBCMG_diff_lag_2,-6.8999996,0
2013-08-01,H8B1002NCBCMG_diff_lag_2,1.2999997,0
2013-09-01,H8B1002NCBCMG_diff_lag_2,6.5,0
2013-10-01,H8B1002NCBCMG_diff_lag_2,7.3,0
2013-11-01,H8B1002NCBCMG_diff_lag_2,10.0,0
2013-12-01,H8B1002NCBCMG_diff_lag_2,3.3000002,0
2014-01-01,H8B1002NCBCMG_diff_lag_2,-1.8000002,0
2014-02-01,H8B1002NCBCMG_diff_lag_2,1.7999997,0
2014-03-01,H8B1002NCBCMG_diff_lag_2,6.1000004,0
2014-04-01,H8B1002NCBCMG_diff_lag_2,-3.8,0
2014-05-01,H8B1002NCBCMG_diff_lag_2,-1.8000002,0
2014-06-01,H8B1002NCBCMG_diff_lag_2,4.8,0
2014-07-01,H8B1002NCBCMG_diff_lag_2,4.2,0
2014-08-01,H8B1002NCBCMG_diff_lag_2,-7.6000004,0
2014-09-01,H8B1002NCBCMG_diff_lag_2,-2.0,0
2014-10-01,H8B1002NCBCMG_diff_lag_2,2.1,0
2014-11-01,H8B1002NCBCMG_diff_lag_2,-6.1,0
2014-12-01,H8B1002NCBCMG_diff_lag_2,15.699999,0
2015-01-01,H8B1002NCBCMG_diff_lag_2,6.7000003,0
2015-02-01,H8B1002NCBCMG_diff_lag_2,-6.3999996,0
2015-03-01,H8B1002NCBCMG_diff_lag_2,-6.6000004,0
2015-04-01,H8B1002NCBCMG_diff_lag_2,-5.2,0
2015-05-01,H8B1002NCBCMG_diff_lag_2,8.8,0
2015-06-01,H8B1002NCBCMG_diff_lag_2,-4.6,0
2015-07-01,H8B1002NCBCMG_diff_lag_2,-17.4,0
2015-08-01,H8B1002NCBCMG_diff_lag_2,3.6,0
2015-09-01,H8B1002NCBCMG_diff_lag_2,1.3,0
2015-10-01,H8B1002NCBCMG_diff_lag_2,-2.1,0
2015-11-01,H8B1002NCBCMG_diff_lag_2,11.0,0
2015-12-01,H8B1002NCBCMG_diff_lag_2,7.1,0
2016-01-01,H8B1002NCBCMG_diff_lag_2,-0.5999999,0
2016-02-01,H8B1002NCBCMG_diff_lag_2,-6.7999997,0
2016-03-01,H8B1002NCBCMG_diff_lag_2,-2.6999998,0
2016-04-01,H8B1002NCBCMG_diff_lag_2,4.7999997,0
2016-05-01,H8B1002NCBCMG_diff_lag_2,5.2000003,0
2016-06-01,H8B1002NCBCMG_diff_lag_2,-1.1999998,0
2016-07-01,H8B1002NCBCMG_diff_lag_2,3.5999994,0
2016-08-01,H8B1002NCBCMG_diff_lag_2,0.099999905,0
2016-09-01,H8B1002NCBCMG_diff_lag_2,-0.8999996,0
2016-10-01,H8B1002NCBCMG_diff_lag_2,1.5000005,0
2016-11-01,H8B1002NCBCMG_diff_lag_2,-14.0,0
2016-12-01,H8B1002NCBCMG_diff_lag_2,-12.700001,0
2017-01-01,H8B1002NCBCMG_diff_lag_2,5.8999996,0
2017-02-01,H8B1002NCBCMG_diff_lag_2,11.9,0
2017-03-01,H8B1002NCBCMG_diff_lag_2,0.4000001,0
2017-04-01,H8B1002NCBCMG_diff_lag_2,-8.7,0
2017-05-01,H8B1002NCBCMG_diff_lag_2,0.4000001,0
2017-06-01,H8B1002NCBCMG_diff_lag_2,-2.1,0
2017-07-01,H8B1002NCBCMG_diff_lag_2,-3.7,0
2017-08-01,H8B1002NCBCMG_diff_lag_2,3.9,0
2017-09-01,H8B1002NCBCMG_diff_lag_2,-0.9,0
2017-10-01,H8B1002NCBCMG_diff_lag_2,-1.1999999,0
2017-11-01,H8B1002NCBCMG_diff_lag_2,0.8000001,0
2017-12-01,H8B1002NCBCMG_diff_lag_2,4.4,0
2018-01-01,H8B1002NCBCMG_diff_lag_2,-4.5,0
2018-02-01,H8B1002NCBCMG_diff_lag_2,-11.299999,0
2018-03-01,H8B1002NCBCMG_diff_lag_2,-2.3,0
2018-04-01,H8B1002NCBCMG_diff_lag_2,-1.6000004,0
2018-05-01,H8B1002NCBCMG_diff_lag_2,10.9,0
2018-06-01,H8B1002NCBCMG_diff_lag_2,20.0,0
2018-07-01,H8B1002NCBCMG_diff_lag_2,-1.2000003,0
2018-08-01,H8B1002NCBCMG_diff_lag_2,-11.4,0
2018-09-01,H8B1002NCBCMG_diff_lag_2,-5.0,0
2018-10-01,H8B1002NCBCMG_diff_lag_2,-0.70000005,0
2018-11-01,H8B1002NCBCMG_diff_lag_2,6.3,0
2018-12-01,H8B1002NCBCMG_diff_lag_2,19.4,0
2019-01-01,H8B1002NCBCMG_diff_lag_2,4.7999997,0
2019-02-01,H8B1002NCBCMG_diff_lag_2,-14.2,0
2019-03-01,H8B1002NCBCMG_diff_lag_2,-3.7999997,0
2019-04-01,H8B1002NCBCMG_diff_lag_2,8.8,0
2019-05-01,H8B1002NCBCMG_diff_lag_2,0.9000001,0
2019-06-01,H8B1002NCBCMG_diff_lag_2,-2.7000008,0
2019-07-01,H8B1002NCBCMG_diff_lag_2,1.3000002,0
2019-08-01,H8B1002NCBCMG_diff_lag_2,3.9000006,0
2019-09-01,H8B1002NCBCMG_diff_lag_2,13.299999,0
2019-10-01,H8B1002NCBCMG_diff_lag_2,-14.2,0
2019-11-01,H8B1002NCBCMG_diff_lag_2,-13.9,0
2019-12-01,H8B1002NCBCMG_diff_lag_2,-1.3,0
2020-01-01,H8B1002NCBCMG_diff_lag_2,-7.8,0
2020-02-01,H8B1002NCBCMG_diff_lag_2,13.9,0
2020-03-01,H8B1002NCBCMG_diff_lag_2,36.5,0
2020-04-01,H8B1002NCBCMG_diff_lag_2,-12.9,0
2020-05-01,H8B1002NCBCMG_diff_lag_2,-26.1,0
2020-06-01,H8B1002NCBCMG_diff_lag_2,44.0,0
2020-07-01,H8B1002NCBCMG_diff_lag_2,28.6,0
2020-08-01,H8B1002NCBCMG_diff_lag_2,-22.4,0
2020-09-01,H8B1002NCBCMG_diff_lag_2,-20.5,0
2020-10-01,H8B1002NCBCMG_diff_lag_2,-5.699999,0
2020-11-01,H8B1002NCBCMG_diff_lag_2,9.699999,0
2020-12-01,H8B1002NCBCMG_diff_lag_2,0.5,0
2021-01-01,H8B1002NCBCMG_diff_lag_2,-7.799999,0
2021-02-01,H8B1002NCBCMG_diff_lag_2,5.199999,0
2021-03-01,H8B1002NCBCMG_diff_lag_2,6.199999,0
2021-04-01,H8B1002NCBCMG_diff_lag_2,3.3000011,0
2021-05-01,H8B1002NCBCMG_diff_lag_2,0.30000114,0
2021-06-01,H8B1002NCBCMG_diff_lag_2,-7.700001,0
2021-07-01,H8B1002NCBCMG_diff_lag_2,-17.0,0
2021-08-01,H8B1002NCBCMG_diff_lag_2,-3.0,0
2021-09-01,H8B1002NCBCMG_diff_lag_2,4.299999,0
2021-10-01,H8B1002NCBCMG_diff_lag_2,9.0,0
2021-11-01,H8B1002NCBCMG_diff_lag_2,0.8000002,0
2021-12-01,H8B1002NCBCMG_diff_lag_2,-9.5,0
2022-01-01,H8B1002NCBCMG_diff_lag_2,-5.0,0
2022-02-01,H8B1002NCBCMG_diff_lag_2,-6.0,0
2022-03-01,H8B1002NCBCMG_diff_lag_2,-9.7,0
2022-04-01,H8B1002NCBCMG_diff_lag_2,-9.1,0
2022-05-01,H8B1002NCBCMG_diff_lag_2,-4.2,0
2022-06-01,H8B1002NCBCMG_diff_lag_2,-1.8000001,0
2022-07-01,H8B1002NCBCMG_diff_lag_2,4.4,0
2022-08-01,H8B1002NCBCMG_diff_lag_2,-2.1,0
2022-09-01,H8B1002NCBCMG_diff_lag_2,-20.800001,0
2000-01-01,H8B1029NCBCMG_diff_lag_2,0.6000004,0
2000-02-01,H8B1029NCBCMG_diff_lag_2,-3.0,0
2000-03-01,H8B1029NCBCMG_diff_lag_2,1.5999994,0
2000-04-01,H8B1029NCBCMG_diff_lag_2,-5.5,0
2000-05-01,H8B1029NCBCMG_diff_lag_2,-5.5999994,0
2000-06-01,H8B1029NCBCMG_diff_lag_2,2.4999998,0
2000-07-01,H8B1029NCBCMG_diff_lag_2,-17.199999,0
2000-08-01,H8B1029NCBCMG_diff_lag_2,4.7,0
2000-09-01,H8B1029NCBCMG_diff_lag_2,20.5,0
2000-10-01,H8B1029NCBCMG_diff_lag_2,-0.39999962,0
2000-11-01,H8B1029NCBCMG_diff_lag_2,-1.5999999,0
2000-12-01,H8B1029NCBCMG_diff_lag_2,2.5,0
2001-01-01,H8B1029NCBCMG_diff_lag_2,0.19999981,0
2001-02-01,H8B1029NCBCMG_diff_lag_2,-4.1000004,0
2001-03-01,H8B1029NCBCMG_diff_lag_2,4.9000006,0
2001-04-01,H8B1029NCBCMG_diff_lag_2,-2.9999995,0
2001-05-01,H8B1029NCBCMG_diff_lag_2,-1.9000006,0
2001-06-01,H8B1029NCBCMG_diff_lag_2,0.9000001,0
2001-07-01,H8B1029NCBCMG_diff_lag_2,0.6999998,0
2001-08-01,H8B1029NCBCMG_diff_lag_2,-3.9,0
2001-09-01,H8B1029NCBCMG_diff_lag_2,-4.7999997,0
2001-10-01,H8B1029NCBCMG_diff_lag_2,-1.1000001,0
2001-11-01,H8B1029NCBCMG_diff_lag_2,8.200001,0
2001-12-01,H8B1029NCBCMG_diff_lag_2,1.9000001,0
2002-01-01,H8B1029NCBCMG_diff_lag_2,-13.9,0
2002-02-01,H8B1029NCBCMG_diff_lag_2,-1.9000001,0
2002-03-01,H8B1029NCBCMG_diff_lag_2,5.8,0
2002-04-01,H8B1029NCBCMG_diff_lag_2,18.400002,0
2002-05-01,H8B1029NCBCMG_diff_lag_2,-8.2,0
2002-06-01,H8B1029NCBCMG_diff_lag_2,-17.1,0
2002-07-01,H8B1029NCBCMG_diff_lag_2,7.9,0
2002-08-01,H8B1029NCBCMG_diff_lag_2,9.4,0
2002-09-01,H8B1029NCBCMG_diff_lag_2,6.2000003,0
2002-10-01,H8B1029NCBCMG_diff_lag_2,-0.6000004,0
2002-11-01,H8B1029NCBCMG_diff_lag_2,-5.1000004,0
2002-12-01,H8B1029NCBCMG_diff_lag_2,-6.2,0
2003-01-01,H8B1029NCBCMG_diff_lag_2,28.099998,0
2003-02-01,H8B1029NCBCMG_diff_lag_2,1.3000002,0
2003-03-01,H8B1029NCBCMG_diff_lag_2,-30.3,0
2003-04-01,H8B1029NCBCMG_diff_lag_2,-1.8000002,0
2003-05-01,H8B1029NCBCMG_diff_lag_2,9.599999,0
2003-06-01,H8B1029NCBCMG_diff_lag_2,-6.7999997,0
2003-07-01,H8B1029NCBCMG_diff_lag_2,-10.4,0
2003-08-01,H8B1029NCBCMG_diff_lag_2,2.6,0
2003-09-01,H8B1029NCBCMG_diff_lag_2,-4.9,0
2003-10-01,H8B1029NCBCMG_diff_lag_2,1.2,0
2003-11-01,H8B1029NCBCMG_diff_lag_2,8.5,0
2003-12-01,H8B1029NCBCMG_diff_lag_2,-3.3000002,0
2004-01-01,H8B1029NCBCMG_diff_lag_2,1.8000002,0
2004-02-01,H8B1029NCBCMG_diff_lag_2,3.9,0
2004-03-01,H8B1029NCBCMG_diff_lag_2,-1.4000001,0
2004-04-01,H8B1029NCBCMG_diff_lag_2,4.8,0
2004-05-01,H8B1029NCBCMG_diff_lag_2,0.099999905,0
2004-06-01,H8B1029NCBCMG_diff_lag_2,-5.8,0
2004-07-01,H8B1029NCBCMG_diff_lag_2,-1.5999999,0
2004-08-01,H8B1029NCBCMG_diff_lag_2,-1.6999999,0
2004-09-01,H8B1029NCBCMG_diff_lag_2,-3.4,0
2004-10-01,H8B1029NCBCMG_diff_lag_2,-2.0,0
2004-11-01,H8B1029NCBCMG_diff_lag_2,5.5,0
2004-12-01,H8B1029NCBCMG_diff_lag_2,11.5,0
2005-01-01,H8B1029NCBCMG_diff_lag_2,-5.7,0
2005-02-01,H8B1029NCBCMG_diff_lag_2,-7.6000004,0
2005-03-01,H8B1029NCBCMG_diff_lag_2,2.8999999,0
2005-04-01,H8B1029NCBCMG_diff_lag_2,-1.9,0
2005-05-01,H8B1029NCBCMG_diff_lag_2,-4.6,0
2005-06-01,H8B1029NCBCMG_diff_lag_2,0.2,0
2005-07-01,H8B1029NCBCMG_diff_lag_2,7.2,0
2005-08-01,H8B1029NCBCMG_diff_lag_2,6.5,0
2005-09-01,H8B1029NCBCMG_diff_lag_2,0.5,0
2005-10-01,H8B1029NCBCMG_diff_lag_2,-3.8000002,0
2005-11-01,H8B1029NCBCMG_diff_lag_2,-7.4,0
2005-12-01,H8B1029NCBCMG_diff_lag_2,-2.4,0
2006-01-01,H8B1029NCBCMG_diff_lag_2,3.8,0
2006-02-01,H8B1029NCBCMG_diff_lag_2,3.9,0
2006-03-01,H8B1029NCBCMG_diff_lag_2,1.3,0
2006-04-01,H8B1029NCBCMG_diff_lag_2,1.0999999,0
2006-05-01,H8B1029NCBCMG_diff_lag_2,3.9,0
2006-06-01,H8B1029NCBCMG_diff_lag_2,-0.5999999,0
2006-07-01,H8B1029NCBCMG_diff_lag_2,-2.3000002,0
2006-08-01,H8B1029NCBCMG_diff_lag_2,2.9,0
2006-09-01,H8B1029NCBCMG_diff_lag_2,-0.8999996,0
2006-10-01,H8B1029NCBCMG_diff_lag_2,-1.2000003,0
2006-11-01,H8B1029NCBCMG_diff_lag_2,-0.10000038,0
2006-12-01,H8B1029NCBCMG_diff_lag_2,0.0,0
2007-01-01,H8B1029NCBCMG_diff_lag_2,-0.19999981,0
2007-02-01,H8B1029NCBCMG_diff_lag_2,-1.3999996,0
2007-03-01,H8B1029NCBCMG_diff_lag_2,-0.5999999,0
2007-04-01,H8B1029NCBCMG_diff_lag_2,0.2999997,0
2007-05-01,H8B1029NCBCMG_diff_lag_2,0.6999998,0
2007-06-01,H8B1029NCBCMG_diff_lag_2,1.2000003,0
2007-07-01,H8B1029NCBCMG_diff_lag_2,-2.3,0
2007-08-01,H8B1029NCBCMG_diff_lag_2,0.8999996,0
2007-09-01,H8B1029NCBCMG_diff_lag_2,4.5,0
2007-10-01,H8B1029NCBCMG_diff_lag_2,-3.3999999,0
2007-11-01,H8B1029NCBCMG_diff_lag_2,2.0999994,0
2007-12-01,H8B1029NCBCMG_diff_lag_2,1.5000002,0
2008-01-01,H8B1029NCBCMG_diff_lag_2,-5.3999996,0
2008-02-01,H8B1029NCBCMG_diff_lag_2,2.1,0
2008-03-01,H8B1029NCBCMG_diff_lag_2,5.8,0
2008-04-01,H8B1029NCBCMG_diff_lag_2,0.7000003,0
2008-05-01,H8B1029NCBCMG_diff_lag_2,-2.6000004,0
2008-06-01,H8B1029NCBCMG_diff_lag_2,-4.0000005,0
2008-07-01,H8B1029NCBCMG_diff_lag_2,0.10000038,0
2008-08-01,H8B1029NCBCMG_diff_lag_2,-0.79999995,0
2008-09-01,H8B1029NCBCMG_diff_lag_2,-4.2000003,0
2008-10-01,H8B1029NCBCMG_diff_lag_2,0.29999995,0
2008-11-01,H8B1029NCBCMG_diff_lag_2,-4.2,0
2008-12-01,H8B1029NCBCMG_diff_lag_2,-7.1,0
2009-01-01,H8B1029NCBCMG_diff_lag_2,17.6,0
2009-02-01,H8B1029NCBCMG_diff_lag_2,11.2,0
2009-03-01,H8B1029NCBCMG_diff_lag_2,-21.8,0
2009-04-01,H8B1029NCBCMG_diff_lag_2,-13.1,0
2009-05-01,H8B1029NCBCMG_diff_lag_2,2.8000002,0
2009-06-01,H8B1029NCBCMG_diff_lag_2,-5.9999995,0
2009-07-01,H8B1029NCBCMG_diff_lag_2,-4.1,0
2009-08-01,H8B1029NCBCMG_diff_lag_2,5.0999994,0
2009-09-01,H8B1029NCBCMG_diff_lag_2,1.0,0
2009-10-01,H8B1029NCBCMG_diff_lag_2,1.5,0
2009-11-01,H8B1029NCBCMG_diff_lag_2,-6.2000003,0
2009-12-01,H8B1029NCBCMG_diff_lag_2,-6.5,0
2010-01-01,H8B1029NCBCMG_diff_lag_2,8.1,0
2010-02-01,H8B1029NCBCMG_diff_lag_2,2.1000004,0
2010-03-01,H8B1029NCBCMG_diff_lag_2,-11.1,0
2010-04-01,H8B1029NCBCMG_diff_lag_2,-4.7,0
2010-05-01,H8B1029NCBCMG_diff_lag_2,5.8,0
2010-06-01,H8B1029NCBCMG_diff_lag_2,4.299999,0
2010-07-01,H8B1029NCBCMG_diff_lag_2,5.5,0
2010-08-01,H8B1029NCBCMG_diff_lag_2,6.4000006,0
2010-09-01,H8B1029NCBCMG_diff_lag_2,-8.5,0
2010-10-01,H8B1029NCBCMG_diff_lag_2,-5.1000004,0
2010-11-01,H8B1029NCBCMG_diff_lag_2,7.1,0
2010-12-01,H8B1029NCBCMG_diff_lag_2,7.6000004,0
2011-01-01,H8B1029NCBCMG_diff_lag_2,-5.1,0
2011-02-01,H8B1029NCBCMG_diff_lag_2,-4.3,0
2011-03-01,H8B1029NCBCMG_diff_lag_2,10.9,0
2011-04-01,H8B1029NCBCMG_diff_lag_2,7.5,0
2011-05-01,H8B1029NCBCMG_diff_lag_2,-2.7,0
2011-06-01,H8B1029NCBCMG_diff_lag_2,1.8000002,0
2011-07-01,H8B1029NCBCMG_diff_lag_2,1.0,0
2011-08-01,H8B1029NCBCMG_diff_lag_2,-5.5,0
2011-09-01,H8B1029NCBCMG_diff_lag_2,-0.70000005,0
2011-10-01,H8B1029NCBCMG_diff_lag_2,-2.3999999,0
2011-11-01,H8B1029NCBCMG_diff_lag_2,3.6,0
2011-12-01,H8B1029NCBCMG_diff_lag_2,6.0,0
2012-01-01,H8B1029NCBCMG_diff_lag_2,-2.2,0
2012-02-01,H8B1029NCBCMG_diff_lag_2,-4.2,0
2012-03-01,H8B1029NCBCMG_diff_lag_2,5.1,0
2012-04-01,H8B1029NCBCMG_diff_lag_2,1.6999999,0
2012-05-01,H8B1029NCBCMG_diff_lag_2,-3.4,0
2012-06-01,H8B1029NCBCMG_diff_lag_2,-0.20000002,0
2012-07-01,H8B1029NCBCMG_diff_lag_2,-3.4,0
2012-08-01,H8B1029NCBCMG_diff_lag_2,2.7,0
2012-09-01,H8B1029NCBCMG_diff_lag_2,4.6,0
2012-10-01,H8B1029NCBCMG_diff_lag_2,-0.60000014,0
2012-11-01,H8B1029NCBCMG_diff_lag_2,-2.5,0
2012-12-01,H8B1029NCBCMG_diff_lag_2,-3.6,0
2013-01-01,H8B1029NCBCMG_diff_lag_2,1.9000001,0
2013-02-01,H8B1029NCBCMG_diff_lag_2,6.0,0
2013-03-01,H8B1029NCBCMG_diff_lag_2,-0.90000004,0
2013-04-01,H8B1029NCBCMG_diff_lag_2,-1.8999999,0
2013-05-01,H8B1029NCBCMG_diff_lag_2,3.7,0
2013-06-01,H8B1029NCBCMG_diff_lag_2,2.5000002,0
2013-07-01,H8B1029NCBCMG_diff_lag_2,-5.6,0
2013-08-01,H8B1029NCBCMG_diff_lag_2,-1.8000002,0
2013-09-01,H8B1029NCBCMG_diff_lag_2,3.9,0
2013-10-01,H8B1029NCBCMG_diff_lag_2,2.4,0
2013-11-01,H8B1029NCBCMG_diff_lag_2,2.3999999,0
2013-12-01,H8B1029NCBCMG_diff_lag_2,-0.7000003,0
2014-01-01,H8B1029NCBCMG_diff_lag_2,-2.6999998,0
2014-02-01,H8B1029NCBCMG_diff_lag_2,0.9000001,0
2014-03-01,H8B1029NCBCMG_diff_lag_2,2.8000002,0
2014-04-01,H8B1029NCBCMG_diff_lag_2,1.9000001,0
2014-05-01,H8B1029NCBCMG_diff_lag_2,2.1999998,0
2014-06-01,H8B1029NCBCMG_diff_lag_2,-1.5,0
2014-07-01,H8B1029NCBCMG_diff_lag_2,-1.8000002,0
2014-08-01,H8B1029NCBCMG_diff_lag_2,-1.8000002,0
2014-09-01,H8B1029NCBCMG_diff_lag_2,-2.1999998,0
2014-10-01,H8B1029NCBCMG_diff_lag_2,-7.1,0
2014-11-01,H8B1029NCBCMG_diff_lag_2,1.5999999,0
2014-12-01,H8B1029NCBCMG_diff_lag_2,7.4,0
2015-01-01,H8B1029NCBCMG_diff_lag_2,1.7000003,0
2015-02-01,H8B1029NCBCMG_diff_lag_2,-1.5,0
2015-03-01,H8B1029NCBCMG_diff_lag_2,-3.8000002,0
2015-04-01,H8B1029NCBCMG_diff_lag_2,6.3999996,0
2015-05-01,H8B1029NCBCMG_diff_lag_2,3.0,0
2015-06-01,H8B1029NCBCMG_diff_lag_2,-3.9999995,0
2015-07-01,H8B1029NCBCMG_diff_lag_2,1.4000001,0
2015-08-01,H8B1029NCBCMG_diff_lag_2,1.5999999,0
2015-09-01,H8B1029NCBCMG_diff_lag_2,0.7000003,0
2015-10-01,H8B1029NCBCMG_diff_lag_2,1.5,0
2015-11-01,H8B1029NCBCMG_diff_lag_2,-2.2000003,0
2015-12-01,H8B1029NCBCMG_diff_lag_2,-0.8000002,0
2016-01-01,H8B1029NCBCMG_diff_lag_2,3.4999995,0
2016-02-01,H8B1029NCBCMG_diff_lag_2,-3.7999997,0
2016-03-01,H8B1029NCBCMG_diff_lag_2,1.1000004,0
2016-04-01,H8B1029NCBCMG_diff_lag_2,3.2999997,0
2016-05-01,H8B1029NCBCMG_diff_lag_2,-3.8000002,0
2016-06-01,H8B1029NCBCMG_diff_lag_2,0.3000002,0
2016-07-01,H8B1029NCBCMG_diff_lag_2,0.6000004,0
2016-08-01,H8B1029NCBCMG_diff_lag_2,-0.8000002,0
2016-09-01,H8B1029NCBCMG_diff_lag_2,-3.4,0
2016-10-01,H8B1029NCBCMG_diff_lag_2,-0.5999999,0
2016-11-01,H8B1029NCBCMG_diff_lag_2,0.7999997,0
2016-12-01,H8B1029NCBCMG_diff_lag_2,-0.099999905,0
2017-01-01,H8B1029NCBCMG_diff_lag_2,-0.19999981,0
2017-02-01,H8B1029NCBCMG_diff_lag_2,-3.8,0
2017-03-01,H8B1029NCBCMG_diff_lag_2,-2.3,0
2017-04-01,H8B1029NCBCMG_diff_lag_2,-0.20000005,0
2017-05-01,H8B1029NCBCMG_diff_lag_2,0.29999995,0
2017-06-01,H8B1029NCBCMG_diff_lag_2,-1.5,0
2017-07-01,H8B1029NCBCMG_diff_lag_2,3.1999998,0
2017-08-01,H8B1029NCBCMG_diff_lag_2,3.6999998,0
2017-09-01,H8B1029NCBCMG_diff_lag_2,2.1000004,0
2017-10-01,H8B1029NCBCMG_diff_lag_2,1.0,0
2017-11-01,H8B1029NCBCMG_diff_lag_2,0.19999981,0
2017-12-01,H8B1029NCBCMG_diff_lag_2,-0.6999998,0
2018-01-01,H8B1029NCBCMG_diff_lag_2,-3.1,0
2018-02-01,H8B1029NCBCMG_diff_lag_2,-2.3,0
2018-03-01,H8B1029NCBCMG_diff_lag_2,-1.3000002,0
2018-04-01,H8B1029NCBCMG_diff_lag_2,2.1000001,0
2018-05-01,H8B1029NCBCMG_diff_lag_2,-0.79999995,0
2018-06-01,H8B1029NCBCMG_diff_lag_2,0.19999981,0
2018-07-01,H8B1029NCBCMG_diff_lag_2,-1.3,0
2018-08-01,H8B1029NCBCMG_diff_lag_2,-0.5999999,0
2018-09-01,H8B1029NCBCMG_diff_lag_2,3.1999998,0
2018-10-01,H8B1029NCBCMG_diff_lag_2,1.5,0
2018-11-01,H8B1029NCBCMG_diff_lag_2,0.7000003,0
2018-12-01,H8B1029NCBCMG_diff_lag_2,-3.9,0
2019-01-01,H8B1029NCBCMG_diff_lag_2,-1.4000001,0
2019-02-01,H8B1029NCBCMG_diff_lag_2,4.2,0
2019-03-01,H8B1029NCBCMG_diff_lag_2,1.3000002,0
2019-04-01,H8B1029NCBCMG_diff_lag_2,1.3000002,0
2019-05-01,H8B1029NCBCMG_diff_lag_2,2.1,0
2019-06-01,H8B1029NCBCMG_diff_lag_2,-1.9000001,0
2019-07-01,H8B1029NCBCMG_diff_lag_2,-3.0,0
2019-08-01,H8B1029NCBCMG_diff_lag_2,2.3000002,0
2019-09-01,H8B1029NCBCMG_diff_lag_2,0.2999997,0
2019-10-01,H8B1029NCBCMG_diff_lag_2,-3.5,0
2019-11-01,H8B1029NCBCMG_diff_lag_2,-1.5999999,0
2019-12-01,H8B1029NCBCMG_diff_lag_2,0.7999997,0
2020-01-01,H8B1029NCBCMG_diff_lag_2,3.3000002,0
2020-02-01,H8B1029NCBCMG_diff_lag_2,0.5,0
2020-03-01,H8B1029NCBCMG_diff_lag_2,-4.1000004,0
2020-04-01,H8B1029NCBCMG_diff_lag_2,-45.100002,0
2020-05-01,H8B1029NCBCMG_diff_lag_2,-26.5,0
2020-06-01,H8B1029NCBCMG_diff_lag_2,34.4,0
2020-07-01,H8B1029NCBCMG_diff_lag_2,25.1,0
2020-08-01,H8B1029NCBCMG_diff_lag_2,3.3,0
2020-09-01,H8B1029NCBCMG_diff_lag_2,0.39999998,0
2020-10-01,H8B1029NCBCMG_diff_lag_2,3.1,0
2020-11-01,H8B1029NCBCMG_diff_lag_2,-0.6999999,0
2020-12-01,H8B1029NCBCMG_diff_lag_2,2.3000002,0
2021-01-01,H8B1029NCBCMG_diff_lag_2,1.4,0
2021-02-01,H8B1029NCBCMG_diff_lag_2,-0.60000014,0
2021-03-01,H8B1029NCBCMG_diff_lag_2,0.29999995,0
2021-04-01,H8B1029NCBCMG_diff_lag_2,-1.6999999,0
2021-05-01,H8B1029NCBCMG_diff_lag_2,11.599999,0
2021-06-01,H8B1029NCBCMG_diff_lag_2,10.400001,0
2021-07-01,H8B1029NCBCMG_diff_lag_2,-3.5999994,0
2021-08-01,H8B1029NCBCMG_diff_lag_2,-0.8000002,0
2021-09-01,H8B1029NCBCMG_diff_lag_2,-2.3000002,0
2021-10-01,H8B1029NCBCMG_diff_lag_2,1.6999998,0
2021-11-01,H8B1029NCBCMG_diff_lag_2,4.7,0
2021-12-01,H8B1029NCBCMG_diff_lag_2,-0.5999994,0
2022-01-01,H8B1029NCBCMG_diff_lag_2,-3.0999994,0
2022-02-01,H8B1029NCBCMG_diff_lag_2,1.5,0
2022-03-01,H8B1029NCBCMG_diff_lag_2,8.5,0
2022-04-01,H8B1029NCBCMG_diff_lag_2,2.0999994,0
2022-05-01,H8B1029NCBCMG_diff_lag_2,-8.3,0
2022-06-01,H8B1029NCBCMG_diff_lag_2,-2.5999994,0
2022-07-01,H8B1029NCBCMG_diff_lag_2,0.5,0
2022-08-01,H8B1029NCBCMG_diff_lag_2,-4.8,0
2022-09-01,H8B1029NCBCMG_diff_lag_2,-0.19999981,0
2000-01-01,H8B1047NCBCMG,-16.5,0
2000-02-01,H8B1047NCBCMG,-37.4,0
2000-03-01,H8B1047NCBCMG,3.3,0
2000-04-01,H8B1047NCBCMG,-4.6,0
2000-05-01,H8B1047NCBCMG,-12.6,0
2000-06-01,H8B1047NCBCMG,41.7,0
2000-07-01,H8B1047NCBCMG,70.2,0
2000-08-01,H8B1047NCBCMG,60.8,0
2000-09-01,H8B1047NCBCMG,-7.6,0
2000-10-01,H8B1047NCBCMG,41.8,0
2000-11-01,H8B1047NCBCMG,4.0,0
2000-12-01,H8B1047NCBCMG,4.5,0
2001-01-01,H8B1047NCBCMG,11.9,0
2001-02-01,H8B1047NCBCMG,-4.5,0
2001-03-01,H8B1047NCBCMG,-36.5,0
2001-04-01,H8B1047NCBCMG,-7.5,0
2001-05-01,H8B1047NCBCMG,-50.1,0
2001-06-01,H8B1047NCBCMG,-28.6,0
2001-07-01,H8B1047NCBCMG,15.6,0
2001-08-01,H8B1047NCBCMG,39.3,0
2001-09-01,H8B1047NCBCMG,38.1,0
2001-10-01,H8B1047NCBCMG,66.3,0
2001-11-01,H8B1047NCBCMG,-20.2,0
2001-12-01,H8B1047NCBCMG,-27.2,0
2002-01-01,H8B1047NCBCMG,2.3,0
2002-02-01,H8B1047NCBCMG,-38.0,0
2002-03-01,H8B1047NCBCMG,-32.2,0
2002-04-01,H8B1047NCBCMG,81.3,0
2002-05-01,H8B1047NCBCMG,148.4,0
2002-06-01,H8B1047NCBCMG,94.4,0
2002-07-01,H8B1047NCBCMG,-27.0,0
2002-08-01,H8B1047NCBCMG,-11.9,0
2002-09-01,H8B1047NCBCMG,23.6,0
2002-10-01,H8B1047NCBCMG,56.1,0
2002-11-01,H8B1047NCBCMG,0.0,0
2002-12-01,H8B1047NCBCMG,41.9,0
2003-01-01,H8B1047NCBCMG,-283.9,0
2003-02-01,H8B1047NCBCMG,11.4,0
2003-03-01,H8B1047NCBCMG,16.4,0
2003-04-01,H8B1047NCBCMG,-3.9,0
2003-05-01,H8B1047NCBCMG,-33.6,0
2003-06-01,H8B1047NCBCMG,-24.2,0
2003-07-01,H8B1047NCBCMG,-30.5,0
2003-08-01,H8B1047NCBCMG,58.4,0
2003-09-01,H8B1047NCBCMG,-172.3,0
2003-10-01,H8B1047NCBCMG,179.1,0
2003-11-01,H8B1047NCBCMG,15.2,0
2003-12-01,H8B1047NCBCMG,69.2,0
2004-01-01,H8B1047NCBCMG,135.7,0
2004-02-01,H8B1047NCBCMG,152.3,0
2004-03-01,H8B1047NCBCMG,-246.3,0
2004-04-01,H8B1047NCBCMG,413.8,0
2004-05-01,H8B1047NCBCMG,-23.2,0
2004-06-01,H8B1047NCBCMG,16.2,0
2004-07-01,H8B1047NCBCMG,52.4,0
2004-08-01,H8B1047NCBCMG,-23.5,0
2004-09-01,H8B1047NCBCMG,-25.2,0
2004-10-01,H8B1047NCBCMG,40.0,0
2004-11-01,H8B1047NCBCMG,-184.9,0
2004-12-01,H8B1047NCBCMG,-253.6,0
2005-01-01,H8B1047NCBCMG,-245.2,0
2005-02-01,H8B1047NCBCMG,61.8,0
2005-03-01,H8B1047NCBCMG,8.5,0
2005-04-01,H8B1047NCBCMG,6.3,0
2005-05-01,H8B1047NCBCMG,62.2,0
2005-06-01,H8B1047NCBCMG,-9.3,0
2005-07-01,H8B1047NCBCMG,8.7,0
2005-08-01,H8B1047NCBCMG,-36.6,0
2005-09-01,H8B1047NCBCMG,-34.3,0
2005-10-01,H8B1047NCBCMG,-60.7,0
2005-11-01,H8B1047NCBCMG,90.8,0
2005-12-01,H8B1047NCBCMG,22.1,0
2006-01-01,H8B1047NCBCMG,21.7,0
2006-02-01,H8B1047NCBCMG,0.7,0
2006-03-01,H8B1047NCBCMG,23.3,0
2006-04-01,H8B1047NCBCMG,-96.1,0
2006-05-01,H8B1047NCBCMG,-54.0,0
2006-06-01,H8B1047NCBCMG,5.2,0
2006-07-01,H8B1047NCBCMG,-19.3,0
2006-08-01,H8B1047NCBCMG,-30.1,0
2006-09-01,H8B1047NCBCMG,28.6,0
2006-10-01,H8B1047NCBCMG,60.4,0
2006-11-01,H8B1047NCBCMG,-2.2,0
2006-12-01,H8B1047NCBCMG,100.8,0
2007-01-01,H8B1047NCBCMG,63.1,0
2007-02-01,H8B1047NCBCMG,-9.5,0
2007-03-01,H8B1047NCBCMG,87.8,0
2007-04-01,H8B1047NCBCMG,-51.6,0
2007-05-01,H8B1047NCBCMG,-58.8,0
2007-06-01,H8B1047NCBCMG,-18.9,0
2007-07-01,H8B1047NCBCMG,-3.3,0
2007-08-01,H8B1047NCBCMG,4.0,0
2007-09-01,H8B1047NCBCMG,-25.1,0
2007-10-01,H8B1047NCBCMG,-92.5,0
2007-11-01,H8B1047NCBCMG,170.5,0
2007-12-01,H8B1047NCBCMG,10.3,0
2008-01-01,H8B1047NCBCMG,-49.6,0
2008-02-01,H8B1047NCBCMG,95.4,0
2008-03-01,H8B1047NCBCMG,-66.3,0
2008-04-01,H8B1047NCBCMG,30.5,0
2008-05-01,H8B1047NCBCMG,-20.3,0
2008-06-01,H8B1047NCBCMG,21.3,0
2008-07-01,H8B1047NCBCMG,-147.5,0
2008-08-01,H8B1047NCBCMG,-39.7,0
2008-09-01,H8B1047NCBCMG,-42.6,0
2008-10-01,H8B1047NCBCMG,27.1,0
2008-11-01,H8B1047NCBCMG,30.3,0
2008-12-01,H8B1047NCBCMG,-217.1,0
2009-01-01,H8B1047NCBCMG,9.0,0
2009-02-01,H8B1047NCBCMG,-76.1,0
2009-03-01,H8B1047NCBCMG,-25.8,0
2009-04-01,H8B1047NCBCMG,326.1,0
2009-05-01,H8B1047NCBCMG,135.1,0
2009-06-01,H8B1047NCBCMG,-13.8,0
2009-07-01,H8B1047NCBCMG,88.7,0
2009-08-01,H8B1047NCBCMG,106.6,0
2009-09-01,H8B1047NCBCMG,3.6,0
2009-10-01,H8B1047NCBCMG,-123.8,0
2009-11-01,H8B1047NCBCMG,-252.9,0
2009-12-01,H8B1047NCBCMG,-30.3,0
2010-01-01,H8B1047NCBCMG,-34.5,0
2010-02-01,H8B1047NCBCMG,11.5,0
2010-03-01,H8B1047NCBCMG,-196.2,0
2010-04-01,H8B1047NCBCMG,-715.2,0
2010-05-01,H8B1047NCBCMG,-307.2,0
2010-06-01,H8B1047NCBCMG,10.5,0
2010-07-01,H8B1047NCBCMG,107.5,0
2010-08-01,H8B1047NCBCMG,19.1,0
2010-09-01,H8B1047NCBCMG,235.0,0
2010-10-01,H8B1047NCBCMG,537.1,0
2010-11-01,H8B1047NCBCMG,-10.9,0
2010-12-01,H8B1047NCBCMG,65.8,0
2011-01-01,H8B1047NCBCMG,-41.6,0
2011-02-01,H8B1047NCBCMG,-84.3,0
2011-03-01,H8B1047NCBCMG,15.4,0
2011-04-01,H8B1047NCBCMG,-74.3,0
2011-05-01,H8B1047NCBCMG,2.0,0
2011-06-01,H8B1047NCBCMG,458.1,0
2011-07-01,H8B1047NCBCMG,-906.6,0
2011-08-01,H8B1047NCBCMG,-6.0,0
2011-09-01,H8B1047NCBCMG,-48.2,0
2011-10-01,H8B1047NCBCMG,62.8,0
2011-11-01,H8B1047NCBCMG,11.9,0
2011-12-01,H8B1047NCBCMG,100.5,0
2012-01-01,H8B1047NCBCMG,49.1,0
2012-02-01,H8B1047NCBCMG,62.9,0
2012-03-01,H8B1047NCBCMG,49.8,0
2012-04-01,H8B1047NCBCMG,4.8,0
2012-05-01,H8B1047NCBCMG,-109.5,0
2012-06-01,H8B1047NCBCMG,52.4,0
2012-07-01,H8B1047NCBCMG,20.1,0
2012-08-01,H8B1047NCBCMG,-29.6,0
2012-09-01,H8B1047NCBCMG,-10.1,0
2012-10-01,H8B1047NCBCMG,-35.7,0
2012-11-01,H8B1047NCBCMG,42.1,0
2012-12-01,H8B1047NCBCMG,-35.6,0
2013-01-01,H8B1047NCBCMG,26.2,0
2013-02-01,H8B1047NCBCMG,-15.4,0
2013-03-01,H8B1047NCBCMG,57.1,0
2013-04-01,H8B1047NCBCMG,49.6,0
2013-05-01,H8B1047NCBCMG,23.8,0
2013-06-01,H8B1047NCBCMG,28.0,0
2013-07-01,H8B1047NCBCMG,22.8,0
2013-08-01,H8B1047NCBCMG,40.3,0
2013-09-01,H8B1047NCBCMG,47.7,0
2013-10-01,H8B1047NCBCMG,-12.5,0
2013-11-01,H8B1047NCBCMG,-303.2,0
2013-12-01,H8B1047NCBCMG,-33.8,0
2014-01-01,H8B1047NCBCMG,46.4,0
2014-02-01,H8B1047NCBCMG,5.6,0
2014-03-01,H8B1047NCBCMG,55.6,0
2014-04-01,H8B1047NCBCMG,-42.5,0
2014-05-01,H8B1047NCBCMG,44.0,0
2014-06-01,H8B1047NCBCMG,5.3,0
2014-07-01,H8B1047NCBCMG,-63.4,0
2014-08-01,H8B1047NCBCMG,-39.1,0
2014-09-01,H8B1047NCBCMG,40.4,0
2014-10-01,H8B1047NCBCMG,-173.0,0
2014-11-01,H8B1047NCBCMG,13.0,0
2014-12-01,H8B1047NCBCMG,122.6,0
2015-01-01,H8B1047NCBCMG,245.9,0
2015-02-01,H8B1047NCBCMG,-63.2,0
2015-03-01,H8B1047NCBCMG,-92.3,0
2015-04-01,H8B1047NCBCMG,61.1,0
2015-05-01,H8B1047NCBCMG,-5.3,0
2015-06-01,H8B1047NCBCMG,58.4,0
2015-07-01,H8B1047NCBCMG,-187.3,0
2015-08-01,H8B1047NCBCMG,-30.0,0
2015-09-01,H8B1047NCBCMG,43.1,0
2015-10-01,H8B1047NCBCMG,59.4,0
2015-11-01,H8B1047NCBCMG,34.0,0
2015-12-01,H8B1047NCBCMG,55.0,0
2016-01-01,H8B1047NCBCMG,-68.4,0
2016-02-01,H8B1047NCBCMG,-61.4,0
2016-03-01,H8B1047NCBCMG,123.5,0
2016-04-01,H8B1047NCBCMG,165.3,0
2016-05-01,H8B1047NCBCMG,-46.9,0
2016-06-01,H8B1047NCBCMG,39.0,0
2016-07-01,H8B1047NCBCMG,108.7,0
2016-08-01,H8B1047NCBCMG,52.0,0
2016-09-01,H8B1047NCBCMG,-16.6,0
2016-10-01,H8B1047NCBCMG,-29.5,0
2016-11-01,H8B1047NCBCMG,-12.9,0
2016-12-01,H8B1047NCBCMG,-8.7,0
2017-01-01,H8B1047NCBCMG,4.4,0
2017-02-01,H8B1047NCBCMG,-43.8,0
2017-03-01,H8B1047NCBCMG,22.7,0
2017-04-01,H8B1047NCBCMG,-26.8,0
2017-05-01,H8B1047NCBCMG,-22.8,0
2017-06-01,H8B1047NCBCMG,60.5,0
2017-07-01,H8B1047NCBCMG,22.1,0
2017-08-01,H8B1047NCBCMG,-30.4,0
2017-09-01,H8B1047NCBCMG,-40.1,0
2017-10-01,H8B1047NCBCMG,27.7,0
2017-11-01,H8B1047NCBCMG,-22.6,0
2017-12-01,H8B1047NCBCMG,0.0,0
2018-01-01,H8B1047NCBCMG,-13.8,0
2018-02-01,H8B1047NCBCMG,23.3,0
2018-03-01,H8B1047NCBCMG,31.9,0
2018-04-01,H8B1047NCBCMG,17.8,0
2018-05-01,H8B1047NCBCMG,170.8,0
2018-06-01,H8B1047NCBCMG,23.0,0
2018-07-01,H8B1047NCBCMG,3.8,0
2018-08-01,H8B1047NCBCMG,-11.3,0
2018-09-01,H8B1047NCBCMG,-18.9,0
2018-10-01,H8B1047NCBCMG,-3.8,0
2018-11-01,H8B1047NCBCMG,-54.0,0
2018-12-01,H8B1047NCBCMG,129.3,0
2019-01-01,H8B1047NCBCMG,98.5,0
2019-02-01,H8B1047NCBCMG,13.5,0
2019-03-01,H8B1047NCBCMG,6.7,0
2019-04-01,H8B1047NCBCMG,-135.9,0
2019-05-01,H8B1047NCBCMG,-269.2,0
2019-06-01,H8B1047NCBCMG,-361.4,0
2019-07-01,H8B1047NCBCMG,-241.4,0
2019-08-01,H8B1047NCBCMG,60.4,0
2019-09-01,H8B1047NCBCMG,16.4,0
2019-10-01,H8B1047NCBCMG,-56.8,0
2019-11-01,H8B1047NCBCMG,34.0,0
2019-12-01,H8B1047NCBCMG,82.8,0
2020-01-01,H8B1047NCBCMG,-131.6,0
2020-02-01,H8B1047NCBCMG,-17.4,0
2020-03-01,H8B1047NCBCMG,97.1,0
2020-04-01,H8B1047NCBCMG,-8.2,0
2020-05-01,H8B1047NCBCMG,-98.6,0
2020-06-01,H8B1047NCBCMG,-71.6,0
2020-07-01,H8B1047NCBCMG,0.0,0
2020-08-01,H8B1047NCBCMG,-28.6,0
2020-09-01,H8B1047NCBCMG,107.3,0
2020-10-01,H8B1047NCBCMG,707.5,0
2020-11-01,H8B1047NCBCMG,-33.8,0
2020-12-01,H8B1047NCBCMG,-34.8,0
2021-01-01,H8B1047NCBCMG,17.9,0
2021-02-01,H8B1047NCBCMG,-11.8,0
2021-03-01,H8B1047NCBCMG,-101.0,0
2021-04-01,H8B1047NCBCMG,-480.0,0
2021-05-01,H8B1047NCBCMG,0.0,0
2021-06-01,H8B1047NCBCMG,97.3,0
2021-07-01,H8B1047NCBCMG,10.0,0
2021-08-01,H8B1047NCBCMG,19.8,0
2021-09-01,H8B1047NCBCMG,-29.3,0
2021-10-01,H8B1047NCBCMG,-60.0,0
2021-11-01,H8B1047NCBCMG,10.5,0
2021-12-01,H8B1047NCBCMG,0.0,0
2022-01-01,H8B1047NCBCMG,-52.2,0
2022-02-01,H8B1047NCBCMG,-501.8,0
2022-03-01,H8B1047NCBCMG,112.5,0
2022-04-01,H8B1047NCBCMG,154.3,0
2022-05-01,H8B1047NCBCMG,288.6,0
2022-06-01,H8B1047NCBCMG,12.2,0
2022-07-01,H8B1047NCBCMG,0.0,0
2022-08-01,H8B1047NCBCMG,-24.2,0
2022-09-01,H8B1047NCBCMG,49.5,0
2000-01-01,H8B1151NFRCMG_diff_lag_2,-42.0,0
2000-02-01,H8B1151NFRCMG_diff_lag_2,-29.099998,0
2000-03-01,H8B1151NFRCMG_diff_lag_2,0.4000001,0
2000-04-01,H8B1151NFRCMG_diff_lag_2,43.100002,0
2000-05-01,H8B1151NFRCMG_diff_lag_2,34.4,0
2000-06-01,H8B1151NFRCMG_diff_lag_2,-39.5,0
2000-07-01,H8B1151NFRCMG_diff_lag_2,-24.699999,0
2000-08-01,H8B1151NFRCMG_diff_lag_2,17.3,0
2000-09-01,H8B1151NFRCMG_diff_lag_2,20.699999,0
2000-10-01,H8B1151NFRCMG_diff_lag_2,-20.099998,0
2000-11-01,H8B1151NFRCMG_diff_lag_2,-39.4,0
2000-12-01,H8B1151NFRCMG_diff_lag_2,38.9,0
2001-01-01,H8B1151NFRCMG_diff_lag_2,41.0,0
2001-02-01,H8B1151NFRCMG_diff_lag_2,-50.0,0
2001-03-01,H8B1151NFRCMG_diff_lag_2,-11.3,0
2001-04-01,H8B1151NFRCMG_diff_lag_2,6.8999996,0
2001-05-01,H8B1151NFRCMG_diff_lag_2,-21.5,0
2001-06-01,H8B1151NFRCMG_diff_lag_2,-1.1999998,0
2001-07-01,H8B1151NFRCMG_diff_lag_2,-17.5,0
2001-08-01,H8B1151NFRCMG_diff_lag_2,22.1,0
2001-09-01,H8B1151NFRCMG_diff_lag_2,62.7,0
2001-10-01,H8B1151NFRCMG_diff_lag_2,-18.0,0
2001-11-01,H8B1151NFRCMG_diff_lag_2,-44.4,0
2001-12-01,H8B1151NFRCMG_diff_lag_2,-4.5,0
2002-01-01,H8B1151NFRCMG_diff_lag_2,5.2,0
2002-02-01,H8B1151NFRCMG_diff_lag_2,24.4,0
2002-03-01,H8B1151NFRCMG_diff_lag_2,-5.3,0
2002-04-01,H8B1151NFRCMG_diff_lag_2,1.0,0
2002-05-01,H8B1151NFRCMG_diff_lag_2,15.9,0
2002-06-01,H8B1151NFRCMG_diff_lag_2,2.4000006,0
2002-07-01,H8B1151NFRCMG_diff_lag_2,-7.3,0
2002-08-01,H8B1151NFRCMG_diff_lag_2,20.6,0
2002-09-01,H8B1151NFRCMG_diff_lag_2,6.8,0
2002-10-01,H8B1151NFRCMG_diff_lag_2,-19.400002,0
2002-11-01,H8B1151NFRCMG_diff_lag_2,-16.7,0
2002-12-01,H8B1151NFRCMG_diff_lag_2,32.2,0
2003-01-01,H8B1151NFRCMG_diff_lag_2,-12.800001,0
2003-02-01,H8B1151NFRCMG_diff_lag_2,-32.4,0
2003-03-01,H8B1151NFRCMG_diff_lag_2,37.5,0
2003-04-01,H8B1151NFRCMG_diff_lag_2,-39.300003,0
2003-05-01,H8B1151NFRCMG_diff_lag_2,42.2,0
2003-06-01,H8B1151NFRCMG_diff_lag_2,43.5,0
2003-07-01,H8B1151NFRCMG_diff_lag_2,-101.2,0
2003-08-01,H8B1151NFRCMG_diff_lag_2,-17.699999,0
2003-09-01,H8B1151NFRCMG_diff_lag_2,23.400002,0
2003-10-01,H8B1151NFRCMG_diff_lag_2,-5.0,0
2003-11-01,H8B1151NFRCMG_diff_lag_2,2.0999985,0
2003-12-01,H8B1151NFRCMG_diff_lag_2,-33.0,0
2004-01-01,H8B1151NFRCMG_diff_lag_2,38.800003,0
2004-02-01,H8B1151NFRCMG_diff_lag_2,46.600002,0
2004-03-01,H8B1151NFRCMG_diff_lag_2,-25.7,0
2004-04-01,H8B1151NFRCMG_diff_lag_2,-18.4,0
2004-05-01,H8B1151NFRCMG_diff_lag_2,8.4,0
2004-06-01,H8B1151NFRCMG_diff_lag_2,18.7,0
2004-07-01,H8B1151NFRCMG_diff_lag_2,8.4,0
2004-08-01,H8B1151NFRCMG_diff_lag_2,-16.5,0
2004-09-01,H8B1151NFRCMG_diff_lag_2,0.6000004,0
2004-10-01,H8B1151NFRCMG_diff_lag_2,36.1,0
2004-11-01,H8B1151NFRCMG_diff_lag_2,8.999999,0
2004-12-01,H8B1151NFRCMG_diff_lag_2,-75.5,0
2005-01-01,H8B1151NFRCMG_diff_lag_2,-30.9,0
2005-02-01,H8B1151NFRCMG_diff_lag_2,67.100006,0
2005-03-01,H8B1151NFRCMG_diff_lag_2,26.800001,0
2005-04-01,H8B1151NFRCMG_diff_lag_2,-20.2,0
2005-05-01,H8B1151NFRCMG_diff_lag_2,17.2,0
2005-06-01,H8B1151NFRCMG_diff_lag_2,13.7,0
2005-07-01,H8B1151NFRCMG_diff_lag_2,-30.100002,0
2005-08-01,H8B1151NFRCMG_diff_lag_2,7.5999994,0
2005-09-01,H8B1151NFRCMG_diff_lag_2,16.3,0
2005-10-01,H8B1151NFRCMG_diff_lag_2,2.1000004,0
2005-11-01,H8B1151NFRCMG_diff_lag_2,-14.1,0
2005-12-01,H8B1151NFRCMG_diff_lag_2,-20.199999,0
2006-01-01,H8B1151NFRCMG_diff_lag_2,-0.6999998,0
2006-02-01,H8B1151NFRCMG_diff_lag_2,-12.599999,0
2006-03-01,H8B1151NFRCMG_diff_lag_2,10.999999,0
2006-04-01,H8B1151NFRCMG_diff_lag_2,38.8,0
2006-05-01,H8B1151NFRCMG_diff_lag_2,47.2,0
2006-06-01,H8B1151NFRCMG_diff_lag_2,-42.1,0
2006-07-01,H8B1151NFRCMG_diff_lag_2,-73.9,0
2006-08-01,H8B1151NFRCMG_diff_lag_2,56.5,0
2006-09-01,H8B1151NFRCMG_diff_lag_2,-0.40000057,0
2006-10-01,H8B1151NFRCMG_diff_lag_2,-29.699999,0
2006-11-01,H8B1151NFRCMG_diff_lag_2,13.3,0
2006-12-01,H8B1151NFRCMG_diff_lag_2,13.5,0
2007-01-01,H8B1151NFRCMG_diff_lag_2,25.2,0
2007-02-01,H8B1151NFRCMG_diff_lag_2,-15.700001,0
2007-03-01,H8B1151NFRCMG_diff_lag_2,-29.7,0
2007-04-01,H8B1151NFRCMG_diff_lag_2,14.800001,0
2007-05-01,H8B1151NFRCMG_diff_lag_2,9.8,0
2007-06-01,H8B1151NFRCMG_diff_lag_2,-22.6,0
2007-07-01,H8B1151NFRCMG_diff_lag_2,18.599998,0
2007-08-01,H8B1151NFRCMG_diff_lag_2,27.699999,0
2007-09-01,H8B1151NFRCMG_diff_lag_2,16.1,0
2007-10-01,H8B1151NFRCMG_diff_lag_2,-0.69999886,0
2007-11-01,H8B1151NFRCMG_diff_lag_2,-5.0,0
2007-12-01,H8B1151NFRCMG_diff_lag_2,-29.9,0
2008-01-01,H8B1151NFRCMG_diff_lag_2,-3.2000008,0
2008-02-01,H8B1151NFRCMG_diff_lag_2,-27.1,0
2008-03-01,H8B1151NFRCMG_diff_lag_2,-24.199999,0
2008-04-01,H8B1151NFRCMG_diff_lag_2,-17.300001,0
2008-05-01,H8B1151NFRCMG_diff_lag_2,-39.9,0
2008-06-01,H8B1151NFRCMG_diff_lag_2,26.2,0
2008-07-01,H8B1151NFRCMG_diff_lag_2,-7.799999,0
2008-08-01,H8B1151NFRCMG_diff_lag_2,21.6,0
2008-09-01,H8B1151NFRCMG_diff_lag_2,69.6,0
2008-10-01,H8B1151NFRCMG_diff_lag_2,109.3,0
2008-11-01,H8B1151NFRCMG_diff_lag_2,82.7,0
2008-12-01,H8B1151NFRCMG_diff_lag_2,-91.600006,0
2009-01-01,H8B1151NFRCMG_diff_lag_2,-132.0,0
2009-02-01,H8B1151NFRCMG_diff_lag_2,-118.100006,0
2009-03-01,H8B1151NFRCMG_diff_lag_2,9.099999,0
2009-04-01,H8B1151NFRCMG_diff_lag_2,118.9,0
2009-05-01,H8B1151NFRCMG_diff_lag_2,-31.099998,0
2009-06-01,H8B1151NFRCMG_diff_lag_2,-125.5,0
2009-07-01,H8B1151NFRCMG_diff_lag_2,17.4,0
2009-08-01,H8B1151NFRCMG_diff_lag_2,140.8,0
2009-09-01,H8B1151NFRCMG_diff_lag_2,25.099998,0
2009-10-01,H8B1151NFRCMG_diff_lag_2,33.6,0
2009-11-01,H8B1151NFRCMG_diff_lag_2,-20.2,0
2009-12-01,H8B1151NFRCMG_diff_lag_2,-72.9,0
2010-01-01,H8B1151NFRCMG_diff_lag_2,50.6,0
2010-02-01,H8B1151NFRCMG_diff_lag_2,-6.4,0
2010-03-01,H8B1151NFRCMG_diff_lag_2,-102.2,0
2010-04-01,H8B1151NFRCMG_diff_lag_2,-43.600002,0
2010-05-01,H8B1151NFRCMG_diff_lag_2,49.1,0
2010-06-01,H8B1151NFRCMG_diff_lag_2,60.100002,0
2010-07-01,H8B1151NFRCMG_diff_lag_2,70.0,0
2010-08-01,H8B1151NFRCMG_diff_lag_2,27.8,0
2010-09-01,H8B1151NFRCMG_diff_lag_2,-77.9,0
2010-10-01,H8B1151NFRCMG_diff_lag_2,2.7000008,0
2010-11-01,H8B1151NFRCMG_diff_lag_2,-11.4,0
2010-12-01,H8B1151NFRCMG_diff_lag_2,1.0999985,0
2011-01-01,H8B1151NFRCMG_diff_lag_2,95.3,0
2011-02-01,H8B1151NFRCMG_diff_lag_2,-3.0,0
2011-03-01,H8B1151NFRCMG_diff_lag_2,41.800003,0
2011-04-01,H8B1151NFRCMG_diff_lag_2,51.600002,0
2011-05-01,H8B1151NFRCMG_diff_lag_2,-79.600006,0
2011-06-01,H8B1151NFRCMG_diff_lag_2,-67.7,0
2011-07-01,H8B1151NFRCMG_diff_lag_2,-56.0,0
2011-08-01,H8B1151NFRCMG_diff_lag_2,8.699999,0
2011-09-01,H8B1151NFRCMG_diff_lag_2,46.9,0
2011-10-01,H8B1151NFRCMG_diff_lag_2,-7.0,0
2011-11-01,H8B1151NFRCMG_diff_lag_2,-40.2,0
2011-12-01,H8B1151NFRCMG_diff_lag_2,20.800001,0
2012-01-01,H8B1151NFRCMG_diff_lag_2,11.700001,0
2012-02-01,H8B1151NFRCMG_diff_lag_2,-49.5,0
2012-03-01,H8B1151NFRCMG_diff_lag_2,-9.1,0
2012-04-01,H8B1151NFRCMG_diff_lag_2,18.0,0
2012-05-01,H8B1151NFRCMG_diff_lag_2,22.8,0
2012-06-01,H8B1151NFRCMG_diff_lag_2,-32.3,0
2012-07-01,H8B1151NFRCMG_diff_lag_2,12.1,0
2012-08-01,H8B1151NFRCMG_diff_lag_2,39.300003,0
2012-09-01,H8B1151NFRCMG_diff_lag_2,-16.7,0
2012-10-01,H8B1151NFRCMG_diff_lag_2,-36.9,0
2012-11-01,H8B1151NFRCMG_diff_lag_2,28.7,0
2012-12-01,H8B1151NFRCMG_diff_lag_2,57.7,0
2013-01-01,H8B1151NFRCMG_diff_lag_2,37.5,0
2013-02-01,H8B1151NFRCMG_diff_lag_2,-31.7,0
2013-03-01,H8B1151NFRCMG_diff_lag_2,-56.9,0
2013-04-01,H8B1151NFRCMG_diff_lag_2,-6.5,0
2013-05-01,H8B1151NFRCMG_diff_lag_2,38.3,0
2013-06-01,H8B1151NFRCMG_diff_lag_2,18.0,0
2013-07-01,H8B1151NFRCMG_diff_lag_2,-35.2,0
2013-08-01,H8B1151NFRCMG_diff_lag_2,14.200001,0
2013-09-01,H8B1151NFRCMG_diff_lag_2,40.600002,0
2013-10-01,H8B1151NFRCMG_diff_lag_2,-34.1,0
2013-11-01,H8B1151NFRCMG_diff_lag_2,-15.400002,0
2013-12-01,H8B1151NFRCMG_diff_lag_2,26.5,0
2014-01-01,H8B1151NFRCMG_diff_lag_2,-31.9,0
2014-02-01,H8B1151NFRCMG_diff_lag_2,0.30000114,0
2014-03-01,H8B1151NFRCMG_diff_lag_2,36.199997,0
2014-04-01,H8B1151NFRCMG_diff_lag_2,-38.0,0
2014-05-01,H8B1151NFRCMG_diff_lag_2,-19.699999,0
2014-06-01,H8B1151NFRCMG_diff_lag_2,44.2,0
2014-07-01,H8B1151NFRCMG_diff_lag_2,-7.2,0
2014-08-01,H8B1151NFRCMG_diff_lag_2,-36.800003,0
2014-09-01,H8B1151NFRCMG_diff_lag_2,0.5,0
2014-10-01,H8B1151NFRCMG_diff_lag_2,19.1,0
2014-11-01,H8B1151NFRCMG_diff_lag_2,-40.100002,0
2014-12-01,H8B1151NFRCMG_diff_lag_2,-49.9,0
2015-01-01,H8B1151NFRCMG_diff_lag_2,33.0,0
2015-02-01,H8B1151NFRCMG_diff_lag_2,8.0,0
2015-03-01,H8B1151NFRCMG_diff_lag_2,10.7,0
2015-04-01,H8B1151NFRCMG_diff_lag_2,27.0,0
2015-05-01,H8B1151NFRCMG_diff_lag_2,-24.1,0
2015-06-01,H8B1151NFRCMG_diff_lag_2,-13.7,0
2015-07-01,H8B1151NFRCMG_diff_lag_2,14.400001,0
2015-08-01,H8B1151NFRCMG_diff_lag_2,10.2,0
2015-09-01,H8B1151NFRCMG_diff_lag_2,-8.900001,0
2015-10-01,H8B1151NFRCMG_diff_lag_2,70.899994,0
2015-11-01,H8B1151NFRCMG_diff_lag_2,-36.8,0
2015-12-01,H8B1151NFRCMG_diff_lag_2,-72.299995,0
2016-01-01,H8B1151NFRCMG_diff_lag_2,32.8,0
2016-02-01,H8B1151NFRCMG_diff_lag_2,-6.7000003,0
2016-03-01,H8B1151NFRCMG_diff_lag_2,0.0,0
2016-04-01,H8B1151NFRCMG_diff_lag_2,12.5,0
2016-05-01,H8B1151NFRCMG_diff_lag_2,9.0,0
2016-06-01,H8B1151NFRCMG_diff_lag_2,-22.800001,0
2016-07-01,H8B1151NFRCMG_diff_lag_2,17.9,0
2016-08-01,H8B1151NFRCMG_diff_lag_2,1.1000004,0
2016-09-01,H8B1151NFRCMG_diff_lag_2,-33.4,0
2016-10-01,H8B1151NFRCMG_diff_lag_2,-23.2,0
2016-11-01,H8B1151NFRCMG_diff_lag_2,3.3999996,0
2016-12-01,H8B1151NFRCMG_diff_lag_2,38.2,0
2017-01-01,H8B1151NFRCMG_diff_lag_2,15.9,0
2017-02-01,H8B1151NFRCMG_diff_lag_2,23.4,0
2017-03-01,H8B1151NFRCMG_diff_lag_2,4.2,0
2017-04-01,H8B1151NFRCMG_diff_lag_2,7.1000004,0
2017-05-01,H8B1151NFRCMG_diff_lag_2,-26.8,0
2017-06-01,H8B1151NFRCMG_diff_lag_2,-32.0,0
2017-07-01,H8B1151NFRCMG_diff_lag_2,51.0,0
2017-08-01,H8B1151NFRCMG_diff_lag_2,48.5,0
2017-09-01,H8B1151NFRCMG_diff_lag_2,-16.9,0
2017-10-01,H8B1151NFRCMG_diff_lag_2,-36.7,0
2017-11-01,H8B1151NFRCMG_diff_lag_2,9.5,0
2017-12-01,H8B1151NFRCMG_diff_lag_2,-8.8,0
2018-01-01,H8B1151NFRCMG_diff_lag_2,-31.7,0
2018-02-01,H8B1151NFRCMG_diff_lag_2,-0.5999999,0
2018-03-01,H8B1151NFRCMG_diff_lag_2,-6.000001,0
2018-04-01,H8B1151NFRCMG_diff_lag_2,-6.6,0
2018-05-01,H8B1151NFRCMG_diff_lag_2,26.400002,0
2018-06-01,H8B1151NFRCMG_diff_lag_2,6.3999996,0
2018-07-01,H8B1151NFRCMG_diff_lag_2,-21.8,0
2018-08-01,H8B1151NFRCMG_diff_lag_2,-40.5,0
2018-09-01,H8B1151NFRCMG_diff_lag_2,8.400001,0
2018-10-01,H8B1151NFRCMG_diff_lag_2,29.099998,0
2018-11-01,H8B1151NFRCMG_diff_lag_2,14.8,0
2018-12-01,H8B1151NFRCMG_diff_lag_2,25.5,0
2019-01-01,H8B1151NFRCMG_diff_lag_2,-4.5000005,0
2019-02-01,H8B1151NFRCMG_diff_lag_2,-5.9,0
2019-03-01,H8B1151NFRCMG_diff_lag_2,-19.8,0
2019-04-01,H8B1151NFRCMG_diff_lag_2,-30.8,0
2019-05-01,H8B1151NFRCMG_diff_lag_2,20.4,0
2019-06-01,H8B1151NFRCMG_diff_lag_2,43.3,0
2019-07-01,H8B1151NFRCMG_diff_lag_2,-12.4,0
2019-08-01,H8B1151NFRCMG_diff_lag_2,-9.099999,0
2019-09-01,H8B1151NFRCMG_diff_lag_2,3.2999997,0
2019-10-01,H8B1151NFRCMG_diff_lag_2,-26.5,0
2019-11-01,H8B1151NFRCMG_diff_lag_2,5.2,0
2019-12-01,H8B1151NFRCMG_diff_lag_2,48.2,0
2020-01-01,H8B1151NFRCMG_diff_lag_2,-6.3,0
2020-02-01,H8B1151NFRCMG_diff_lag_2,-27.5,0
2020-03-01,H8B1151NFRCMG_diff_lag_2,153.1,0
2020-04-01,H8B1151NFRCMG_diff_lag_2,170.0,0
2020-05-01,H8B1151NFRCMG_diff_lag_2,-222.40001,0
2020-06-01,H8B1151NFRCMG_diff_lag_2,-277.6,0
2020-07-01,H8B1151NFRCMG_diff_lag_2,-10.099998,0
2020-08-01,H8B1151NFRCMG_diff_lag_2,93.799995,0
2020-09-01,H8B1151NFRCMG_diff_lag_2,101.2,0
2020-10-01,H8B1151NFRCMG_diff_lag_2,-3.3000002,0
2020-11-01,H8B1151NFRCMG_diff_lag_2,-19.8,0
2020-12-01,H8B1151NFRCMG_diff_lag_2,32.9,0
2021-01-01,H8B1151NFRCMG_diff_lag_2,-21.1,0
2021-02-01,H8B1151NFRCMG_diff_lag_2,20.100002,0
2021-03-01,H8B1151NFRCMG_diff_lag_2,68.1,0
2021-04-01,H8B1151NFRCMG_diff_lag_2,27.699997,0
2021-05-01,H8B1151NFRCMG_diff_lag_2,-51.3,0
2021-06-01,H8B1151NFRCMG_diff_lag_2,-66.7,0
2021-07-01,H8B1151NFRCMG_diff_lag_2,37.899998,0
2021-08-01,H8B1151NFRCMG_diff_lag_2,3.6999998,0
2021-09-01,H8B1151NFRCMG_diff_lag_2,0.40000153,0
2021-10-01,H8B1151NFRCMG_diff_lag_2,18.6,0
2021-11-01,H8B1151NFRCMG_diff_lag_2,-5.3999996,0
2021-12-01,H8B1151NFRCMG_diff_lag_2,-17.400002,0
2022-01-01,H8B1151NFRCMG_diff_lag_2,-52.4,0
2022-02-01,H8B1151NFRCMG_diff_lag_2,-9.5,0
2022-03-01,H8B1151NFRCMG_diff_lag_2,72.0,0
2022-04-01,H8B1151NFRCMG_diff_lag_2,19.8,0
2022-05-01,H8B1151NFRCMG_diff_lag_2,-55.3,0
2022-06-01,H8B1151NFRCMG_diff_lag_2,-5.7000003,0
2022-07-01,H8B1151NFRCMG_diff_lag_2,39.1,0
2022-08-01,H8B1151NFRCMG_diff_lag_2,9.700001,0
2022-09-01,H8B1151NFRCMG_diff_lag_2,-56.1,0
2000-01-01,H8B3053NSMDM_perc_diff_lag_1,2.3812819,0
2000-02-01,H8B3053NSMDM_perc_diff_lag_1,1.8368099,0
2000-03-01,H8B3053NSMDM_perc_diff_lag_1,2.9254858,0
2000-04-01,H8B3053NSMDM_perc_diff_lag_1,3.8715196,0
2000-05-01,H8B3053NSMDM_perc_diff_lag_1,1.7262391,0
2000-06-01,H8B3053NSMDM_perc_diff_lag_1,3.2502909,0
2000-07-01,H8B3053NSMDM_perc_diff_lag_1,3.4088664,0
2000-08-01,H8B3053NSMDM_perc_diff_lag_1,-0.5898491,0
2000-09-01,H8B3053NSMDM_perc_diff_lag_1,0.7929771,0
2000-10-01,H8B3053NSMDM_perc_diff_lag_1,5.8815823,0
2000-11-01,H8B3053NSMDM_perc_diff_lag_1,-3.8365805,0
2000-12-01,H8B3053NSMDM_perc_diff_lag_1,2.519671,0
2001-01-01,H8B3053NSMDM_perc_diff_lag_1,2.7218683,0
2001-02-01,H8B3053NSMDM_perc_diff_lag_1,3.0809307,0
2001-03-01,H8B3053NSMDM_perc_diff_lag_1,5.627057,0
2001-04-01,H8B3053NSMDM_perc_diff_lag_1,2.1134818,0
2001-05-01,H8B3053NSMDM_perc_diff_lag_1,-3.535846,0
2001-06-01,H8B3053NSMDM_perc_diff_lag_1,1.2883157,0
2001-07-01,H8B3053NSMDM_perc_diff_lag_1,3.419803,0
2001-08-01,H8B3053NSMDM_perc_diff_lag_1,2.567708,0
2001-09-01,H8B3053NSMDM_perc_diff_lag_1,8.973139,0
2001-10-01,H8B3053NSMDM_perc_diff_lag_1,2.411473,0
2001-11-01,H8B3053NSMDM_perc_diff_lag_1,-0.15364617,0
2001-12-01,H8B3053NSMDM_perc_diff_lag_1,1.5321678,0
2002-01-01,H8B3053NSMDM_perc_diff_lag_1,2.9076512,0
2002-02-01,H8B3053NSMDM_perc_diff_lag_1,3.691345,0
2002-03-01,H8B3053NSMDM_perc_diff_lag_1,0.83178616,0
2002-04-01,H8B3053NSMDM_perc_diff_lag_1,1.512056,0
2002-05-01,H8B3053NSMDM_perc_diff_lag_1,0.46486264,0
2002-06-01,H8B3053NSMDM_perc_diff_lag_1,-1.0246549,0
2002-07-01,H8B3053NSMDM_perc_diff_lag_1,0.35539222,0
2002-08-01,H8B3053NSMDM_perc_diff_lag_1,2.1913145,0
2002-09-01,H8B3053NSMDM_perc_diff_lag_1,2.1438963,0
2002-10-01,H8B3053NSMDM_perc_diff_lag_1,-0.9242875,0
2002-11-01,H8B3053NSMDM_perc_diff_lag_1,2.6354647,0
2002-12-01,H8B3053NSMDM_perc_diff_lag_1,2.0958152,0
2003-01-01,H8B3053NSMDM_perc_diff_lag_1,2.711955,0
2003-02-01,H8B3053NSMDM_perc_diff_lag_1,0.020956121,0
2003-03-01,H8B3053NSMDM_perc_diff_lag_1,0.8124301,0
2003-04-01,H8B3053NSMDM_perc_diff_lag_1,1.6850169,0
2003-05-01,H8B3053NSMDM_perc_diff_lag_1,1.7164983,0
2003-06-01,H8B3053NSMDM_perc_diff_lag_1,-0.20697168,0
2003-07-01,H8B3053NSMDM_perc_diff_lag_1,3.8325438,0
2003-08-01,H8B3053NSMDM_perc_diff_lag_1,3.2175002,0
2003-09-01,H8B3053NSMDM_perc_diff_lag_1,0.5385888,0
2003-10-01,H8B3053NSMDM_perc_diff_lag_1,0.19778937,0
2003-11-01,H8B3053NSMDM_perc_diff_lag_1,0.054906975,0
2003-12-01,H8B3053NSMDM_perc_diff_lag_1,1.5033164,0
2004-01-01,H8B3053NSMDM_perc_diff_lag_1,-1.109881,0
2004-02-01,H8B3053NSMDM_perc_diff_lag_1,1.3109818,0
2004-03-01,H8B3053NSMDM_perc_diff_lag_1,0.0691202,0
2004-04-01,H8B3053NSMDM_perc_diff_lag_1,2.0377567,0
2004-05-01,H8B3053NSMDM_perc_diff_lag_1,1.7324951,0
2004-06-01,H8B3053NSMDM_perc_diff_lag_1,-0.6077783,0
2004-07-01,H8B3053NSMDM_perc_diff_lag_1,2.4969194,0
2004-08-01,H8B3053NSMDM_perc_diff_lag_1,0.53417164,0
2004-09-01,H8B3053NSMDM_perc_diff_lag_1,4.238946,0
2004-10-01,H8B3053NSMDM_perc_diff_lag_1,6.5931478,0
2004-11-01,H8B3053NSMDM_perc_diff_lag_1,3.15482,0
2004-12-01,H8B3053NSMDM_perc_diff_lag_1,1.7204144,0
2005-01-01,H8B3053NSMDM_perc_diff_lag_1,3.0709124,0
2005-02-01,H8B3053NSMDM_perc_diff_lag_1,1.506078,0
2005-03-01,H8B3053NSMDM_perc_diff_lag_1,3.4287663,0
2005-04-01,H8B3053NSMDM_perc_diff_lag_1,0.59822243,0
2005-05-01,H8B3053NSMDM_perc_diff_lag_1,1.2436297,0
2005-06-01,H8B3053NSMDM_perc_diff_lag_1,0.6629931,0
2005-07-01,H8B3053NSMDM_perc_diff_lag_1,1.3053395,0
2005-08-01,H8B3053NSMDM_perc_diff_lag_1,-0.23507686,0
2005-09-01,H8B3053NSMDM_perc_diff_lag_1,1.7843784,0
2005-10-01,H8B3053NSMDM_perc_diff_lag_1,-0.6838803,0
2005-11-01,H8B3053NSMDM_perc_diff_lag_1,0.39555138,0
2005-12-01,H8B3053NSMDM_perc_diff_lag_1,2.4597995,0
2006-01-01,H8B3053NSMDM_perc_diff_lag_1,4.510603,0
2006-02-01,H8B3053NSMDM_perc_diff_lag_1,7.0888386,0
2006-03-01,H8B3053NSMDM_perc_diff_lag_1,0.6887037,0
2006-04-01,H8B3053NSMDM_perc_diff_lag_1,1.0289613,0
2006-05-01,H8B3053NSMDM_perc_diff_lag_1,1.3717773,0
2006-06-01,H8B3053NSMDM_perc_diff_lag_1,1.2762147,0
2006-07-01,H8B3053NSMDM_perc_diff_lag_1,0.85893804,0
2006-08-01,H8B3053NSMDM_perc_diff_lag_1,-0.36732882,0
2006-09-01,H8B3053NSMDM_perc_diff_lag_1,1.3218732,0
2006-10-01,H8B3053NSMDM_perc_diff_lag_1,2.6749725,0
2006-11-01,H8B3053NSMDM_perc_diff_lag_1,-0.023555534,0
2006-12-01,H8B3053NSMDM_perc_diff_lag_1,0.70612216,0
2007-01-01,H8B3053NSMDM_perc_diff_lag_1,-1.1324401,0
2007-02-01,H8B3053NSMDM_perc_diff_lag_1,0.4182022,0
2007-03-01,H8B3053NSMDM_perc_diff_lag_1,-3.1674376,0
2007-04-01,H8B3053NSMDM_perc_diff_lag_1,3.5827448,0
2007-05-01,H8B3053NSMDM_perc_diff_lag_1,1.058874,0
2007-06-01,H8B3053NSMDM_perc_diff_lag_1,0.6463303,0
2007-07-01,H8B3053NSMDM_perc_diff_lag_1,2.0565405,0
2007-08-01,H8B3053NSMDM_perc_diff_lag_1,3.1289155,0
2007-09-01,H8B3053NSMDM_perc_diff_lag_1,5.444933,0
2007-10-01,H8B3053NSMDM_perc_diff_lag_1,2.9344985,0
2007-11-01,H8B3053NSMDM_perc_diff_lag_1,0.5532931,0
2007-12-01,H8B3053NSMDM_perc_diff_lag_1,-0.23460346,0
2008-01-01,H8B3053NSMDM_perc_diff_lag_1,2.5655832,0
2008-02-01,H8B3053NSMDM_perc_diff_lag_1,0.7949575,0
2008-03-01,H8B3053NSMDM_perc_diff_lag_1,1.364159,0
2008-04-01,H8B3053NSMDM_perc_diff_lag_1,2.8117287,0
2008-05-01,H8B3053NSMDM_perc_diff_lag_1,-0.25894064,0
2008-06-01,H8B3053NSMDM_perc_diff_lag_1,1.2688655,0
2008-07-01,H8B3053NSMDM_perc_diff_lag_1,-1.4628683,0
2008-08-01,H8B3053NSMDM_perc_diff_lag_1,0.3248901,0
2008-09-01,H8B3053NSMDM_perc_diff_lag_1,2.0655332,0
2008-10-01,H8B3053NSMDM_perc_diff_lag_1,5.252154,0
2008-11-01,H8B3053NSMDM_perc_diff_lag_1,9.493409,0
2008-12-01,H8B3053NSMDM_perc_diff_lag_1,4.6579313,0
2009-01-01,H8B3053NSMDM_perc_diff_lag_1,-4.4368134,0
2009-02-01,H8B3053NSMDM_perc_diff_lag_1,0.9414769,0
2009-03-01,H8B3053NSMDM_perc_diff_lag_1,0.81576455,0
2009-04-01,H8B3053NSMDM_perc_diff_lag_1,-1.4026058,0
2009-05-01,H8B3053NSMDM_perc_diff_lag_1,1.4024597,0
2009-06-01,H8B3053NSMDM_perc_diff_lag_1,1.108334,0
2009-07-01,H8B3053NSMDM_perc_diff_lag_1,-1.6990154,0
2009-08-01,H8B3053NSMDM_perc_diff_lag_1,-0.2679805,0
2009-09-01,H8B3053NSMDM_perc_diff_lag_1,1.2645174,0
2009-10-01,H8B3053NSMDM_perc_diff_lag_1,-0.7405907,0
2009-11-01,H8B3053NSMDM_perc_diff_lag_1,0.2535288,0
2009-12-01,H8B3053NSMDM_perc_diff_lag_1,3.1192958,0
2010-01-01,H8B3053NSMDM_perc_diff_lag_1,-8.648053,0
2010-02-01,H8B3053NSMDM_perc_diff_lag_1,0.29273304,0
2010-03-01,H8B3053NSMDM_perc_diff_lag_1,-1.7474823,0
2010-04-01,H8B3053NSMDM_perc_diff_lag_1,-1.5003533,0
2010-05-01,H8B3053NSMDM_perc_diff_lag_1,-1.3501682,0
2010-06-01,H8B3053NSMDM_perc_diff_lag_1,0.68949157,0
2010-07-01,H8B3053NSMDM_perc_diff_lag_1,0.24417086,0
2010-08-01,H8B3053NSMDM_perc_diff_lag_1,-0.037700392,0
2010-09-01,H8B3053NSMDM_perc_diff_lag_1,0.265004,0
2010-10-01,H8B3053NSMDM_perc_diff_lag_1,0.12022484,0
2010-11-01,H8B3053NSMDM_perc_diff_lag_1,0.14646962,0
2010-12-01,H8B3053NSMDM_perc_diff_lag_1,0.55201614,0
2011-01-01,H8B3053NSMDM_perc_diff_lag_1,-0.32793897,0
2011-02-01,H8B3053NSMDM_perc_diff_lag_1,0.53281635,0
2011-03-01,H8B3053NSMDM_perc_diff_lag_1,0.46420267,0
2011-04-01,H8B3053NSMDM_perc_diff_lag_1,2.585841,0
2011-05-01,H8B3053NSMDM_perc_diff_lag_1,-0.8624955,0
2011-06-01,H8B3053NSMDM_perc_diff_lag_1,-1.1021907,0
2011-07-01,H8B3053NSMDM_perc_diff_lag_1,-1.1240684,0
2011-08-01,H8B3053NSMDM_perc_diff_lag_1,1.1048046,0
2011-09-01,H8B3053NSMDM_perc_diff_lag_1,0.6396393,0
2011-10-01,H8B3053NSMDM_perc_diff_lag_1,0.23190531,0
2011-11-01,H8B3053NSMDM_perc_diff_lag_1,-0.21499726,0
2011-12-01,H8B3053NSMDM_perc_diff_lag_1,-0.3426822,0
2012-01-01,H8B3053NSMDM_perc_diff_lag_1,-0.16677618,0
2012-02-01,H8B3053NSMDM_perc_diff_lag_1,0.55565286,0
2012-03-01,H8B3053NSMDM_perc_diff_lag_1,0.7057208,0
2012-04-01,H8B3053NSMDM_perc_diff_lag_1,4.0182414,0
2012-05-01,H8B3053NSMDM_perc_diff_lag_1,-0.8762646,0
2012-06-01,H8B3053NSMDM_perc_diff_lag_1,1.2203245,0
2012-07-01,H8B3053NSMDM_perc_diff_lag_1,-0.0763973,0
2012-08-01,H8B3053NSMDM_perc_diff_lag_1,-0.4623763,0
2012-09-01,H8B3053NSMDM_perc_diff_lag_1,0.0054714587,0
2012-10-01,H8B3053NSMDM_perc_diff_lag_1,0.5520373,0
2012-11-01,H8B3053NSMDM_perc_diff_lag_1,-0.4983285,0
2012-12-01,H8B3053NSMDM_perc_diff_lag_1,-0.40555516,0
2013-01-01,H8B3053NSMDM_perc_diff_lag_1,-0.07215492,0
2013-02-01,H8B3053NSMDM_perc_diff_lag_1,0.26635882,0
2013-03-01,H8B3053NSMDM_perc_diff_lag_1,-0.4848244,0
2013-04-01,H8B3053NSMDM_perc_diff_lag_1,-0.79060864,0
2013-05-01,H8B3053NSMDM_perc_diff_lag_1,0.28732222,0
2013-06-01,H8B3053NSMDM_perc_diff_lag_1,0.08652928,0
2013-07-01,H8B3053NSMDM_perc_diff_lag_1,0.27531505,0
2013-08-01,H8B3053NSMDM_perc_diff_lag_1,0.33372265,0
2013-09-01,H8B3053NSMDM_perc_diff_lag_1,-0.5965206,0
2013-10-01,H8B3053NSMDM_perc_diff_lag_1,-0.03824589,0
2013-11-01,H8B3053NSMDM_perc_diff_lag_1,0.060880553,0
2013-12-01,H8B3053NSMDM_perc_diff_lag_1,0.4646768,0
2014-01-01,H8B3053NSMDM_perc_diff_lag_1,0.7629622,0
2014-02-01,H8B3053NSMDM_perc_diff_lag_1,0.083342746,0
2014-03-01,H8B3053NSMDM_perc_diff_lag_1,-0.15315634,0
2014-04-01,H8B3053NSMDM_perc_diff_lag_1,0.32855996,0
2014-05-01,H8B3053NSMDM_perc_diff_lag_1,0.4022255,0
2014-06-01,H8B3053NSMDM_perc_diff_lag_1,8.749972e-05,0
2014-07-01,H8B3053NSMDM_perc_diff_lag_1,1.5271987,0
2014-08-01,H8B3053NSMDM_perc_diff_lag_1,0.78255904,0
2014-09-01,H8B3053NSMDM_perc_diff_lag_1,-0.1386778,0
2014-10-01,H8B3053NSMDM_perc_diff_lag_1,-0.7152464,0
2014-11-01,H8B3053NSMDM_perc_diff_lag_1,0.13039659,0
2014-12-01,H8B3053NSMDM_perc_diff_lag_1,1.2697741,0
2015-01-01,H8B3053NSMDM_perc_diff_lag_1,0.9908288,0
2015-02-01,H8B3053NSMDM_perc_diff_lag_1,0.30675328,0
2015-03-01,H8B3053NSMDM_perc_diff_lag_1,1.2102138,0
2015-04-01,H8B3053NSMDM_perc_diff_lag_1,0.4931357,0
2015-05-01,H8B3053NSMDM_perc_diff_lag_1,-0.2536451,0
2015-06-01,H8B3053NSMDM_perc_diff_lag_1,1.3106552,0
2015-07-01,H8B3053NSMDM_perc_diff_lag_1,0.29970855,0
2015-08-01,H8B3053NSMDM_perc_diff_lag_1,0.78179574,0
2015-09-01,H8B3053NSMDM_perc_diff_lag_1,-0.43682548,0
2015-10-01,H8B3053NSMDM_perc_diff_lag_1,-0.32468882,0
2015-11-01,H8B3053NSMDM_perc_diff_lag_1,-0.08659845,0
2015-12-01,H8B3053NSMDM_perc_diff_lag_1,0.725132,0
2016-01-01,H8B3053NSMDM_perc_diff_lag_1,1.1295993,0
2016-02-01,H8B3053NSMDM_perc_diff_lag_1,-0.050188847,0
2016-03-01,H8B3053NSMDM_perc_diff_lag_1,-0.4101245,0
2016-04-01,H8B3053NSMDM_perc_diff_lag_1,0.7490345,0
2016-05-01,H8B3053NSMDM_perc_diff_lag_1,0.24298751,0
2016-06-01,H8B3053NSMDM_perc_diff_lag_1,0.6679521,0
2016-07-01,H8B3053NSMDM_perc_diff_lag_1,0.56947875,0
2016-08-01,H8B3053NSMDM_perc_diff_lag_1,-0.03038342,0
2016-09-01,H8B3053NSMDM_perc_diff_lag_1,0.6770835,0
2016-10-01,H8B3053NSMDM_perc_diff_lag_1,-0.1305594,0
2016-11-01,H8B3053NSMDM_perc_diff_lag_1,-0.2576877,0
2016-12-01,H8B3053NSMDM_perc_diff_lag_1,0.52485037,0
2017-01-01,H8B3053NSMDM_perc_diff_lag_1,0.7375537,0
2017-02-01,H8B3053NSMDM_perc_diff_lag_1,-1.0611585,0
2017-03-01,H8B3053NSMDM_perc_diff_lag_1,-0.2134688,0
2017-04-01,H8B3053NSMDM_perc_diff_lag_1,1.6317066,0
2017-05-01,H8B3053NSMDM_perc_diff_lag_1,0.91843975,0
2017-06-01,H8B3053NSMDM_perc_diff_lag_1,0.36572435,0
2017-07-01,H8B3053NSMDM_perc_diff_lag_1,0.2015906,0
2017-08-01,H8B3053NSMDM_perc_diff_lag_1,1.2084438,0
2017-09-01,H8B3053NSMDM_perc_diff_lag_1,1.253267,0
2017-10-01,H8B3053NSMDM_perc_diff_lag_1,1.1579791,0
2017-11-01,H8B3053NSMDM_perc_diff_lag_1,1.1736479,0
2017-12-01,H8B3053NSMDM_perc_diff_lag_1,0.5323033,0
2018-01-01,H8B3053NSMDM_perc_diff_lag_1,0.2508454,0
2018-02-01,H8B3053NSMDM_perc_diff_lag_1,0.9516752,0
2018-03-01,H8B3053NSMDM_perc_diff_lag_1,-0.10306624,0
2018-04-01,H8B3053NSMDM_perc_diff_lag_1,0.7634837,0
2018-05-01,H8B3053NSMDM_perc_diff_lag_1,1.2433718,0
2018-06-01,H8B3053NSMDM_perc_diff_lag_1,1.1058619,0
2018-07-01,H8B3053NSMDM_perc_diff_lag_1,0.6951259,0
2018-08-01,H8B3053NSMDM_perc_diff_lag_1,-0.121188454,0
2018-09-01,H8B3053NSMDM_perc_diff_lag_1,0.81571645,0
2018-10-01,H8B3053NSMDM_perc_diff_lag_1,1.4594611,0
2018-11-01,H8B3053NSMDM_perc_diff_lag_1,-0.0633398,0
2018-12-01,H8B3053NSMDM_perc_diff_lag_1,0.41340822,0
2019-01-01,H8B3053NSMDM_perc_diff_lag_1,0.83378106,0
2019-02-01,H8B3053NSMDM_perc_diff_lag_1,0.6531399,0
2019-03-01,H8B3053NSMDM_perc_diff_lag_1,0.06837545,0
2019-04-01,H8B3053NSMDM_perc_diff_lag_1,3.3175411,0
2019-05-01,H8B3053NSMDM_perc_diff_lag_1,1.2169548,0
2019-06-01,H8B3053NSMDM_perc_diff_lag_1,1.1320732,0
2019-07-01,H8B3053NSMDM_perc_diff_lag_1,1.208171,0
2019-08-01,H8B3053NSMDM_perc_diff_lag_1,0.769266,0
2019-09-01,H8B3053NSMDM_perc_diff_lag_1,1.4032774,0
2019-10-01,H8B3053NSMDM_perc_diff_lag_1,0.739468,0
2019-11-01,H8B3053NSMDM_perc_diff_lag_1,1.44218,0
2019-12-01,H8B3053NSMDM_perc_diff_lag_1,0.8190123,0
2020-01-01,H8B3053NSMDM_perc_diff_lag_1,0.124036856,0
2020-02-01,H8B3053NSMDM_perc_diff_lag_1,1.8640404,0
2020-03-01,H8B3053NSMDM_perc_diff_lag_1,2.2526858,0
2020-04-01,H8B3053NSMDM_perc_diff_lag_1,2.0128953,0
2020-05-01,H8B3053NSMDM_perc_diff_lag_1,0.8050076,0
2020-06-01,H8B3053NSMDM_perc_diff_lag_1,-0.44583273,0
2020-07-01,H8B3053NSMDM_perc_diff_lag_1,0.4486981,0
2020-08-01,H8B3053NSMDM_perc_diff_lag_1,0.96463996,0
2020-09-01,H8B3053NSMDM_perc_diff_lag_1,0.23447895,0
2020-10-01,H8B3053NSMDM_perc_diff_lag_1,-0.31122407,0
2020-11-01,H8B3053NSMDM_perc_diff_lag_1,-1.1260004,0
2020-12-01,H8B3053NSMDM_perc_diff_lag_1,0.16225733,0
2021-01-01,H8B3053NSMDM_perc_diff_lag_1,0.15126152,0
2021-02-01,H8B3053NSMDM_perc_diff_lag_1,0.3588053,0
2021-03-01,H8B3053NSMDM_perc_diff_lag_1,0.26105708,0
2021-04-01,H8B3053NSMDM_perc_diff_lag_1,0.08548857,0
2021-05-01,H8B3053NSMDM_perc_diff_lag_1,0.3482621,0
2021-06-01,H8B3053NSMDM_perc_diff_lag_1,0.501555,0
2021-07-01,H8B3053NSMDM_perc_diff_lag_1,0.43365973,0
2021-08-01,H8B3053NSMDM_perc_diff_lag_1,0.5877253,0
2021-09-01,H8B3053NSMDM_perc_diff_lag_1,0.82952553,0
2021-10-01,H8B3053NSMDM_perc_diff_lag_1,-0.25175852,0
2021-11-01,H8B3053NSMDM_perc_diff_lag_1,0.9283504,0
2021-12-01,H8B3053NSMDM_perc_diff_lag_1,-0.022528755,0
2022-01-01,H8B3053NSMDM_perc_diff_lag_1,1.3334048,0
2022-02-01,H8B3053NSMDM_perc_diff_lag_1,0.7476622,0
2022-03-01,H8B3053NSMDM_perc_diff_lag_1,0.9886113,0
2022-04-01,H8B3053NSMDM_perc_diff_lag_1,3.7970645,0
2022-05-01,H8B3053NSMDM_perc_diff_lag_1,2.731088,0
2022-06-01,H8B3053NSMDM_perc_diff_lag_1,0.8118046,0
2022-07-01,H8B3053NSMDM_perc_diff_lag_1,-0.2645466,0
2022-08-01,H8B3053NSMDM_perc_diff_lag_1,-2.4123015,0
2022-09-01,H8B3053NSMDM_perc_diff_lag_1,2.2962298,0
2000-01-01,IPDCONGD_diff_lag_1,1.7391968,0
2000-02-01,IPDCONGD_diff_lag_1,-0.33329773,0
2000-03-01,IPDCONGD_diff_lag_1,-0.32990265,0
2000-04-01,IPDCONGD_diff_lag_1,1.2621002,0
2000-05-01,IPDCONGD_diff_lag_1,-0.3581009,0
2000-06-01,IPDCONGD_diff_lag_1,-0.38469696,0
2000-07-01,IPDCONGD_diff_lag_1,-1.4328995,0
2000-08-01,IPDCONGD_diff_lag_1,-0.30750275,0
2000-09-01,IPDCONGD_diff_lag_1,0.27300262,0
2000-10-01,IPDCONGD_diff_lag_1,-1.1024017,0
2000-11-01,IPDCONGD_diff_lag_1,-1.9500961,0
2000-12-01,IPDCONGD_diff_lag_1,-1.4403992,0
2001-01-01,IPDCONGD_diff_lag_1,-1.5834045,0
2001-02-01,IPDCONGD_diff_lag_1,-0.34729767,0
2001-03-01,IPDCONGD_diff_lag_1,2.148697,0
2001-04-01,IPDCONGD_diff_lag_1,0.15209961,0
2001-05-01,IPDCONGD_diff_lag_1,0.70349884,0
2001-06-01,IPDCONGD_diff_lag_1,-0.4856949,0
2001-07-01,IPDCONGD_diff_lag_1,0.30069733,0
2001-08-01,IPDCONGD_diff_lag_1,-0.65110016,0
2001-09-01,IPDCONGD_diff_lag_1,-0.853096,0
2001-10-01,IPDCONGD_diff_lag_1,-0.7772064,0
2001-11-01,IPDCONGD_diff_lag_1,1.5592041,0
2001-12-01,IPDCONGD_diff_lag_1,2.0827026,0
2002-01-01,IPDCONGD_diff_lag_1,0.41329956,0
2002-02-01,IPDCONGD_diff_lag_1,0.29089355,0
2002-03-01,IPDCONGD_diff_lag_1,0.9471054,0
2002-04-01,IPDCONGD_diff_lag_1,1.4069977,0
2002-05-01,IPDCONGD_diff_lag_1,0.45149994,0
2002-06-01,IPDCONGD_diff_lag_1,1.0820007,0
2002-07-01,IPDCONGD_diff_lag_1,1.2373962,0
2002-08-01,IPDCONGD_diff_lag_1,-0.9289932,0
2002-09-01,IPDCONGD_diff_lag_1,-0.018501282,0
2002-10-01,IPDCONGD_diff_lag_1,-0.53110504,0
2002-11-01,IPDCONGD_diff_lag_1,2.3258057,0
2002-12-01,IPDCONGD_diff_lag_1,-1.6504059,0
2003-01-01,IPDCONGD_diff_lag_1,1.6462021,0
2003-02-01,IPDCONGD_diff_lag_1,-1.5712967,0
2003-03-01,IPDCONGD_diff_lag_1,0.29979706,0
2003-04-01,IPDCONGD_diff_lag_1,-0.94329834,0
2003-05-01,IPDCONGD_diff_lag_1,0.037597656,0
2003-06-01,IPDCONGD_diff_lag_1,1.020401,0
2003-07-01,IPDCONGD_diff_lag_1,2.4602966,0
2003-08-01,IPDCONGD_diff_lag_1,-1.9325943,0
2003-09-01,IPDCONGD_diff_lag_1,2.5371017,0
2003-10-01,IPDCONGD_diff_lag_1,-0.7092056,0
2003-11-01,IPDCONGD_diff_lag_1,1.2752991,0
2003-12-01,IPDCONGD_diff_lag_1,-0.077697754,0
2004-01-01,IPDCONGD_diff_lag_1,1.1217041,0
2004-02-01,IPDCONGD_diff_lag_1,-0.19420624,0
2004-03-01,IPDCONGD_diff_lag_1,-0.875,0
2004-04-01,IPDCONGD_diff_lag_1,0.0061035156,0
2004-05-01,IPDCONGD_diff_lag_1,-0.8098984,0
2004-06-01,IPDCONGD_diff_lag_1,-2.2901993,0
2004-07-01,IPDCONGD_diff_lag_1,0.45399475,0
2004-08-01,IPDCONGD_diff_lag_1,0.78359985,0
2004-09-01,IPDCONGD_diff_lag_1,-0.61789703,0
2004-10-01,IPDCONGD_diff_lag_1,2.2016983,0
2004-11-01,IPDCONGD_diff_lag_1,-1.4524994,0
2004-12-01,IPDCONGD_diff_lag_1,1.0623016,0
2005-01-01,IPDCONGD_diff_lag_1,-0.85839844,0
2005-02-01,IPDCONGD_diff_lag_1,2.341095,0
2005-03-01,IPDCONGD_diff_lag_1,-1.9883957,0
2005-04-01,IPDCONGD_diff_lag_1,-0.9660034,0
2005-05-01,IPDCONGD_diff_lag_1,0.03479767,0
2005-06-01,IPDCONGD_diff_lag_1,0.6029053,0
2005-07-01,IPDCONGD_diff_lag_1,-1.9588013,0
2005-08-01,IPDCONGD_diff_lag_1,2.947197,0
2005-09-01,IPDCONGD_diff_lag_1,2.153801,0
2005-10-01,IPDCONGD_diff_lag_1,1.0153046,0
2005-11-01,IPDCONGD_diff_lag_1,-1.4210052,0
2005-12-01,IPDCONGD_diff_lag_1,-1.1623993,0
2006-01-01,IPDCONGD_diff_lag_1,1.3010025,0
2006-02-01,IPDCONGD_diff_lag_1,-1.8443985,0
2006-03-01,IPDCONGD_diff_lag_1,0.9454956,0
2006-04-01,IPDCONGD_diff_lag_1,-0.18969727,0
2006-05-01,IPDCONGD_diff_lag_1,-0.6427002,0
2006-06-01,IPDCONGD_diff_lag_1,0.69750214,0
2006-07-01,IPDCONGD_diff_lag_1,-3.762703,0
2006-08-01,IPDCONGD_diff_lag_1,2.8246002,0
2006-09-01,IPDCONGD_diff_lag_1,-1.740303,0
2006-10-01,IPDCONGD_diff_lag_1,-1.4023972,0
2006-11-01,IPDCONGD_diff_lag_1,0.5608978,0
2006-12-01,IPDCONGD_diff_lag_1,2.329506,0
2007-01-01,IPDCONGD_diff_lag_1,-2.6781006,0
2007-02-01,IPDCONGD_diff_lag_1,1.2478943,0
2007-03-01,IPDCONGD_diff_lag_1,0.5347061,0
2007-04-01,IPDCONGD_diff_lag_1,1.7954941,0
2007-05-01,IPDCONGD_diff_lag_1,-0.5955963,0
2007-06-01,IPDCONGD_diff_lag_1,1.3240967,0
2007-07-01,IPDCONGD_diff_lag_1,-1.1064987,0
2007-08-01,IPDCONGD_diff_lag_1,-0.3219986,0
2007-09-01,IPDCONGD_diff_lag_1,-1.3862991,0
2007-10-01,IPDCONGD_diff_lag_1,-0.2554016,0
2007-11-01,IPDCONGD_diff_lag_1,0.37360382,0
2007-12-01,IPDCONGD_diff_lag_1,0.010795593,0
2008-01-01,IPDCONGD_diff_lag_1,-2.4919968,0
2008-02-01,IPDCONGD_diff_lag_1,-0.56650543,0
2008-03-01,IPDCONGD_diff_lag_1,-2.7057953,0
2008-04-01,IPDCONGD_diff_lag_1,-2.2701035,0
2008-05-01,IPDCONGD_diff_lag_1,-0.9788971,0
2008-06-01,IPDCONGD_diff_lag_1,0.71759796,0
2008-07-01,IPDCONGD_diff_lag_1,-2.1007004,0
2008-08-01,IPDCONGD_diff_lag_1,-4.0646973,0
2008-09-01,IPDCONGD_diff_lag_1,-0.7292023,0
2008-10-01,IPDCONGD_diff_lag_1,-2.1557007,0
2008-11-01,IPDCONGD_diff_lag_1,-3.2274017,0
2008-12-01,IPDCONGD_diff_lag_1,-3.7118988,0
2009-01-01,IPDCONGD_diff_lag_1,-8.734596,0
2009-02-01,IPDCONGD_diff_lag_1,1.6007996,0
2009-03-01,IPDCONGD_diff_lag_1,-0.16280365,0
2009-04-01,IPDCONGD_diff_lag_1,0.15930176,0
2009-05-01,IPDCONGD_diff_lag_1,-2.993103,0
2009-06-01,IPDCONGD_diff_lag_1,-0.6946945,0
2009-07-01,IPDCONGD_diff_lag_1,6.810898,0
2009-08-01,IPDCONGD_diff_lag_1,0.85350037,0
2009-09-01,IPDCONGD_diff_lag_1,3.302803,0
2009-10-01,IPDCONGD_diff_lag_1,-1.2340012,0
2009-11-01,IPDCONGD_diff_lag_1,1.3947983,0
2009-12-01,IPDCONGD_diff_lag_1,-0.55049896,0
2010-01-01,IPDCONGD_diff_lag_1,0.9150009,0
2010-02-01,IPDCONGD_diff_lag_1,-1.2723007,0
2010-03-01,IPDCONGD_diff_lag_1,1.0725021,0
2010-04-01,IPDCONGD_diff_lag_1,0.21529388,0
2010-05-01,IPDCONGD_diff_lag_1,2.9274063,0
2010-06-01,IPDCONGD_diff_lag_1,-0.7276001,0
2010-07-01,IPDCONGD_diff_lag_1,3.2180939,0
2010-08-01,IPDCONGD_diff_lag_1,-2.4673996,0
2010-09-01,IPDCONGD_diff_lag_1,-0.0011978149,0
2010-10-01,IPDCONGD_diff_lag_1,0.4421997,0
2010-11-01,IPDCONGD_diff_lag_1,-1.2664032,0
2010-12-01,IPDCONGD_diff_lag_1,-0.28619385,0
2011-01-01,IPDCONGD_diff_lag_1,0.8144989,0
2011-02-01,IPDCONGD_diff_lag_1,2.0393982,0
2011-03-01,IPDCONGD_diff_lag_1,1.5100021,0
2011-04-01,IPDCONGD_diff_lag_1,-3.391304,0
2011-05-01,IPDCONGD_diff_lag_1,0.9543991,0
2011-06-01,IPDCONGD_diff_lag_1,-0.3897934,0
2011-07-01,IPDCONGD_diff_lag_1,1.2917938,0
2011-08-01,IPDCONGD_diff_lag_1,0.86800385,0
2011-09-01,IPDCONGD_diff_lag_1,0.09559631,0
2011-10-01,IPDCONGD_diff_lag_1,1.5615005,0
2011-11-01,IPDCONGD_diff_lag_1,-1.3718948,0
2011-12-01,IPDCONGD_diff_lag_1,0.5099945,0
2012-01-01,IPDCONGD_diff_lag_1,2.1736984,0
2012-02-01,IPDCONGD_diff_lag_1,-0.5299988,0
2012-03-01,IPDCONGD_diff_lag_1,-0.9592972,0
2012-04-01,IPDCONGD_diff_lag_1,0.38359833,0
2012-05-01,IPDCONGD_diff_lag_1,-0.68039703,0
2012-06-01,IPDCONGD_diff_lag_1,0.1506958,0
2012-07-01,IPDCONGD_diff_lag_1,-0.12879944,0
2012-08-01,IPDCONGD_diff_lag_1,-0.95549774,0
2012-09-01,IPDCONGD_diff_lag_1,-1.0306015,0
2012-10-01,IPDCONGD_diff_lag_1,0.9473038,0
2012-11-01,IPDCONGD_diff_lag_1,1.0486984,0
2012-12-01,IPDCONGD_diff_lag_1,1.853096,0
2013-01-01,IPDCONGD_diff_lag_1,-0.6282959,0
2013-02-01,IPDCONGD_diff_lag_1,1.9766006,0
2013-03-01,IPDCONGD_diff_lag_1,0.9728012,0
2013-04-01,IPDCONGD_diff_lag_1,-0.43580627,0
2013-05-01,IPDCONGD_diff_lag_1,0.47570038,0
2013-06-01,IPDCONGD_diff_lag_1,1.1912003,0
2013-07-01,IPDCONGD_diff_lag_1,-2.2770004,0
2013-08-01,IPDCONGD_diff_lag_1,2.5744019,0
2013-09-01,IPDCONGD_diff_lag_1,0.43389893,0
2013-10-01,IPDCONGD_diff_lag_1,0.17780304,0
2013-11-01,IPDCONGD_diff_lag_1,1.0550003,0
2013-12-01,IPDCONGD_diff_lag_1,-0.043403625,0
2014-01-01,IPDCONGD_diff_lag_1,-2.7919998,0
2014-02-01,IPDCONGD_diff_lag_1,3.0755005,0
2014-03-01,IPDCONGD_diff_lag_1,0.955101,0
2014-04-01,IPDCONGD_diff_lag_1,-0.83270264,0
2014-05-01,IPDCONGD_diff_lag_1,1.7644043,0
2014-06-01,IPDCONGD_diff_lag_1,0.4465027,0
2014-07-01,IPDCONGD_diff_lag_1,2.4110947,0
2014-08-01,IPDCONGD_diff_lag_1,-2.7829971,0
2014-09-01,IPDCONGD_diff_lag_1,-0.22190094,0
2014-10-01,IPDCONGD_diff_lag_1,-0.37809753,0
2014-11-01,IPDCONGD_diff_lag_1,2.973297,0
2014-12-01,IPDCONGD_diff_lag_1,-0.53019714,0
2015-01-01,IPDCONGD_diff_lag_1,-0.22440338,0
2015-02-01,IPDCONGD_diff_lag_1,-2.3471985,0
2015-03-01,IPDCONGD_diff_lag_1,2.938301,0
2015-04-01,IPDCONGD_diff_lag_1,0.8026962,0
2015-05-01,IPDCONGD_diff_lag_1,2.2404022,0
2015-06-01,IPDCONGD_diff_lag_1,-2.5670013,0
2015-07-01,IPDCONGD_diff_lag_1,4.896103,0
2015-08-01,IPDCONGD_diff_lag_1,-2.5374985,0
2015-09-01,IPDCONGD_diff_lag_1,-0.45450592,0
2015-10-01,IPDCONGD_diff_lag_1,-0.016700745,0
2015-11-01,IPDCONGD_diff_lag_1,-0.8404999,0
2015-12-01,IPDCONGD_diff_lag_1,0.03630066,0
2016-01-01,IPDCONGD_diff_lag_1,1.2306061,0
2016-02-01,IPDCONGD_diff_lag_1,-0.24620056,0
2016-03-01,IPDCONGD_diff_lag_1,-0.12800598,0
2016-04-01,IPDCONGD_diff_lag_1,1.2119064,0
2016-05-01,IPDCONGD_diff_lag_1,-1.2968063,0
2016-06-01,IPDCONGD_diff_lag_1,2.1099014,0
2016-07-01,IPDCONGD_diff_lag_1,0.34950256,0
2016-08-01,IPDCONGD_diff_lag_1,-0.5644989,0
2016-09-01,IPDCONGD_diff_lag_1,0.35919952,0
2016-10-01,IPDCONGD_diff_lag_1,0.66259766,0
2016-11-01,IPDCONGD_diff_lag_1,-1.6959991,0
2016-12-01,IPDCONGD_diff_lag_1,0.32980347,0
2017-01-01,IPDCONGD_diff_lag_1,0.29719543,0
2017-02-01,IPDCONGD_diff_lag_1,-0.33860016,0
2017-03-01,IPDCONGD_diff_lag_1,-0.9395981,0
2017-04-01,IPDCONGD_diff_lag_1,2.4690018,0
2017-05-01,IPDCONGD_diff_lag_1,-1.1359024,0
2017-06-01,IPDCONGD_diff_lag_1,-0.60780334,0
2017-07-01,IPDCONGD_diff_lag_1,-2.4701996,0
2017-08-01,IPDCONGD_diff_lag_1,0.69420624,0
2017-09-01,IPDCONGD_diff_lag_1,1.1884995,0
2017-10-01,IPDCONGD_diff_lag_1,0.8554001,0
2017-11-01,IPDCONGD_diff_lag_1,-1.1084061,0
2017-12-01,IPDCONGD_diff_lag_1,0.5797043,0
2018-01-01,IPDCONGD_diff_lag_1,0.08950043,0
2018-02-01,IPDCONGD_diff_lag_1,2.0992966,0
2018-03-01,IPDCONGD_diff_lag_1,2.2967987,0
2018-04-01,IPDCONGD_diff_lag_1,0.4111023,0
2018-05-01,IPDCONGD_diff_lag_1,-4.3294983,0
2018-06-01,IPDCONGD_diff_lag_1,2.7922974,0
2018-07-01,IPDCONGD_diff_lag_1,-1.9174957,0
2018-08-01,IPDCONGD_diff_lag_1,2.447998,0
2018-09-01,IPDCONGD_diff_lag_1,1.2594986,0
2018-10-01,IPDCONGD_diff_lag_1,-1.2921982,0
2018-11-01,IPDCONGD_diff_lag_1,-0.6182022,0
2018-12-01,IPDCONGD_diff_lag_1,2.172203,0
2019-01-01,IPDCONGD_diff_lag_1,-5.1246033,0
2019-02-01,IPDCONGD_diff_lag_1,1.1880035,0
2019-03-01,IPDCONGD_diff_lag_1,0.016998291,0
2019-04-01,IPDCONGD_diff_lag_1,0.050598145,0
2019-05-01,IPDCONGD_diff_lag_1,1.1371994,0
2019-06-01,IPDCONGD_diff_lag_1,1.1744003,0
2019-07-01,IPDCONGD_diff_lag_1,-1.0319977,0
2019-08-01,IPDCONGD_diff_lag_1,1.0641022,0
2019-09-01,IPDCONGD_diff_lag_1,-1.976799,0
2019-10-01,IPDCONGD_diff_lag_1,-3.3932037,0
2019-11-01,IPDCONGD_diff_lag_1,5.9802017,0
2019-12-01,IPDCONGD_diff_lag_1,-1.6195984,0
2020-01-01,IPDCONGD_diff_lag_1,1.7395935,0
2020-02-01,IPDCONGD_diff_lag_1,2.6730042,0
2020-03-01,IPDCONGD_diff_lag_1,-16.298302,0
2020-04-01,IPDCONGD_diff_lag_1,-34.4043,0
2020-05-01,IPDCONGD_diff_lag_1,11.2169,0
2020-06-01,IPDCONGD_diff_lag_1,27.678703,0
2020-07-01,IPDCONGD_diff_lag_1,15.6614,0
2020-08-01,IPDCONGD_diff_lag_1,-0.665802,0
2020-09-01,IPDCONGD_diff_lag_1,-1.7115021,0
2020-10-01,IPDCONGD_diff_lag_1,0.3934021,0
2020-11-01,IPDCONGD_diff_lag_1,1.7874985,0
2020-12-01,IPDCONGD_diff_lag_1,0.04309845,0
2021-01-01,IPDCONGD_diff_lag_1,2.351204,0
2021-02-01,IPDCONGD_diff_lag_1,-7.1824036,0
2021-03-01,IPDCONGD_diff_lag_1,2.8403015,0
2021-04-01,IPDCONGD_diff_lag_1,-2.6091003,0
2021-05-01,IPDCONGD_diff_lag_1,1.5514984,0
2021-06-01,IPDCONGD_diff_lag_1,-0.8498001,0
2021-07-01,IPDCONGD_diff_lag_1,3.213707,0
2021-08-01,IPDCONGD_diff_lag_1,-1.7304001,0
2021-09-01,IPDCONGD_diff_lag_1,-3.8578033,0
2021-10-01,IPDCONGD_diff_lag_1,4.975998,0
2021-11-01,IPDCONGD_diff_lag_1,1.133606,0
2021-12-01,IPDCONGD_diff_lag_1,-0.62590027,0
2022-01-01,IPDCONGD_diff_lag_1,2.1386948,0
2022-02-01,IPDCONGD_diff_lag_1,-2.0403976,0
2022-03-01,IPDCONGD_diff_lag_1,3.223198,0
2022-04-01,IPDCONGD_diff_lag_1,2.4896011,0
2022-05-01,IPDCONGD_diff_lag_1,-2.7394028,0
2022-06-01,IPDCONGD_diff_lag_1,-1.9053955,0
2022-07-01,IPDCONGD_diff_lag_1,2.4276962,0
2022-08-01,IPDCONGD_diff_lag_1,-0.2158966,0
2022-09-01,IPDCONGD_diff_lag_1,-0.6535034,0
2000-01-01,IPDMAT_diff_lag_1,0.9697037,0
2000-02-01,IPDMAT_diff_lag_1,0.2560959,0
2000-03-01,IPDMAT_diff_lag_1,0.80000305,0
2000-04-01,IPDMAT_diff_lag_1,0.6296005,0
2000-05-01,IPDMAT_diff_lag_1,0.43090057,0
2000-06-01,IPDMAT_diff_lag_1,0.6368942,0
2000-07-01,IPDMAT_diff_lag_1,0.31550598,0
2000-08-01,IPDMAT_diff_lag_1,-0.39640045,0
2000-09-01,IPDMAT_diff_lag_1,0.4300003,0
2000-10-01,IPDMAT_diff_lag_1,-0.19630432,0
2000-11-01,IPDMAT_diff_lag_1,-0.42980194,0
2000-12-01,IPDMAT_diff_lag_1,-0.5783005,0
2001-01-01,IPDMAT_diff_lag_1,-0.79579926,0
2001-02-01,IPDMAT_diff_lag_1,-0.6567993,0
2001-03-01,IPDMAT_diff_lag_1,0.05910492,0
2001-04-01,IPDMAT_diff_lag_1,-0.14780426,0
2001-05-01,IPDMAT_diff_lag_1,-0.43789673,0
2001-06-01,IPDMAT_diff_lag_1,-0.84069824,0
2001-07-01,IPDMAT_diff_lag_1,-0.70830536,0
2001-08-01,IPDMAT_diff_lag_1,-0.2335968,0
2001-09-01,IPDMAT_diff_lag_1,-0.54119873,0
2001-10-01,IPDMAT_diff_lag_1,-0.8473053,0
2001-11-01,IPDMAT_diff_lag_1,-0.47039795,0
2001-12-01,IPDMAT_diff_lag_1,0.33119965,0
2002-01-01,IPDMAT_diff_lag_1,0.6128006,0
2002-02-01,IPDMAT_diff_lag_1,0.6607971,0
2002-03-01,IPDMAT_diff_lag_1,0.9341049,0
2002-04-01,IPDMAT_diff_lag_1,1.0709991,0
2002-05-01,IPDMAT_diff_lag_1,0.22589874,0
2002-06-01,IPDMAT_diff_lag_1,0.99500275,0
2002-07-01,IPDMAT_diff_lag_1,0.009796143,0
2002-08-01,IPDMAT_diff_lag_1,0.6257019,0
2002-09-01,IPDMAT_diff_lag_1,-0.04699707,0
2002-10-01,IPDMAT_diff_lag_1,-0.13980103,0
2002-11-01,IPDMAT_diff_lag_1,0.42089844,0
2002-12-01,IPDMAT_diff_lag_1,-0.7996979,0
2003-01-01,IPDMAT_diff_lag_1,1.2164993,0
2003-02-01,IPDMAT_diff_lag_1,-0.16889954,0
2003-03-01,IPDMAT_diff_lag_1,-0.5145035,0
2003-04-01,IPDMAT_diff_lag_1,-0.62179565,0
2003-05-01,IPDMAT_diff_lag_1,0.7043991,0
2003-06-01,IPDMAT_diff_lag_1,0.611496,0
2003-07-01,IPDMAT_diff_lag_1,0.41740417,0
2003-08-01,IPDMAT_diff_lag_1,-0.24610138,0
2003-09-01,IPDMAT_diff_lag_1,0.8887024,0
2003-10-01,IPDMAT_diff_lag_1,0.9658966,0
2003-11-01,IPDMAT_diff_lag_1,1.1307983,0
2003-12-01,IPDMAT_diff_lag_1,0.1595993,0
2004-01-01,IPDMAT_diff_lag_1,0.037002563,0
2004-02-01,IPDMAT_diff_lag_1,0.938797,0
2004-03-01,IPDMAT_diff_lag_1,0.3697052,0
2004-04-01,IPDMAT_diff_lag_1,0.013900757,0
2004-05-01,IPDMAT_diff_lag_1,0.82219696,0
2004-06-01,IPDMAT_diff_lag_1,-0.31089783,0
2004-07-01,IPDMAT_diff_lag_1,0.46419525,0
2004-08-01,IPDMAT_diff_lag_1,0.6284027,0
2004-09-01,IPDMAT_diff_lag_1,0.32559967,0
2004-10-01,IPDMAT_diff_lag_1,1.0354996,0
2004-11-01,IPDMAT_diff_lag_1,0.29540253,0
2004-12-01,IPDMAT_diff_lag_1,0.48939514,0
2005-01-01,IPDMAT_diff_lag_1,0.6394043,0
2005-02-01,IPDMAT_diff_lag_1,0.84939575,0
2005-03-01,IPDMAT_diff_lag_1,-0.5215988,0
2005-04-01,IPDMAT_diff_lag_1,0.34069824,0
2005-05-01,IPDMAT_diff_lag_1,0.05190277,0
2005-06-01,IPDMAT_diff_lag_1,0.23989868,0
2005-07-01,IPDMAT_diff_lag_1,-0.50370026,0
2005-08-01,IPDMAT_diff_lag_1,1.2307053,0
2005-09-01,IPDMAT_diff_lag_1,1.1162949,0
2005-10-01,IPDMAT_diff_lag_1,0.9092026,0
2005-11-01,IPDMAT_diff_lag_1,0.22149658,0
2005-12-01,IPDMAT_diff_lag_1,0.15520477,0
2006-01-01,IPDMAT_diff_lag_1,0.92160034,0
2006-02-01,IPDMAT_diff_lag_1,0.102394104,0
2006-03-01,IPDMAT_diff_lag_1,0.24620056,0
2006-04-01,IPDMAT_diff_lag_1,0.18340302,0
2006-05-01,IPDMAT_diff_lag_1,-0.32959747,0
2006-06-01,IPDMAT_diff_lag_1,0.00919342,0
2006-07-01,IPDMAT_diff_lag_1,-0.58589935,0
2006-08-01,IPDMAT_diff_lag_1,0.87879944,0
2006-09-01,IPDMAT_diff_lag_1,0.1230011,0
2006-10-01,IPDMAT_diff_lag_1,-1.0718002,0
2006-11-01,IPDMAT_diff_lag_1,-0.11759949,0
2006-12-01,IPDMAT_diff_lag_1,1.1845016,0
2007-01-01,IPDMAT_diff_lag_1,0.1446991,0
2007-02-01,IPDMAT_diff_lag_1,0.73059845,0
2007-03-01,IPDMAT_diff_lag_1,1.0926056,0
2007-04-01,IPDMAT_diff_lag_1,0.9776993,0
2007-05-01,IPDMAT_diff_lag_1,0.3802948,0
2007-06-01,IPDMAT_diff_lag_1,0.5082016,0
2007-07-01,IPDMAT_diff_lag_1,-0.006095886,0
2007-08-01,IPDMAT_diff_lag_1,0.33709717,0
2007-09-01,IPDMAT_diff_lag_1,0.013198853,0
2007-10-01,IPDMAT_diff_lag_1,0.37280273,0
2007-11-01,IPDMAT_diff_lag_1,1.507698,0
2007-12-01,IPDMAT_diff_lag_1,-0.18519592,0
2008-01-01,IPDMAT_diff_lag_1,0.0010986328,0
2008-02-01,IPDMAT_diff_lag_1,-0.3274002,0
2008-03-01,IPDMAT_diff_lag_1,-0.44120026,0
2008-04-01,IPDMAT_diff_lag_1,-0.4532013,0
2008-05-01,IPDMAT_diff_lag_1,-0.94460297,0
2008-06-01,IPDMAT_diff_lag_1,0.02519989,0
2008-07-01,IPDMAT_diff_lag_1,-1.3864975,0
2008-08-01,IPDMAT_diff_lag_1,-1.0282974,0
2008-09-01,IPDMAT_diff_lag_1,-1.9849014,0
2008-10-01,IPDMAT_diff_lag_1,-3.066803,0
2008-11-01,IPDMAT_diff_lag_1,-4.309494,0
2008-12-01,IPDMAT_diff_lag_1,-4.9752045,0
2009-01-01,IPDMAT_diff_lag_1,-4.584999,0
2009-02-01,IPDMAT_diff_lag_1,-0.53990173,0
2009-03-01,IPDMAT_diff_lag_1,-2.4544983,0
2009-04-01,IPDMAT_diff_lag_1,-1.0459976,0
2009-05-01,IPDMAT_diff_lag_1,-1.550003,0
2009-06-01,IPDMAT_diff_lag_1,-0.7127991,0
2009-07-01,IPDMAT_diff_lag_1,2.5557022,0
2009-08-01,IPDMAT_diff_lag_1,1.5668945,0
2009-09-01,IPDMAT_diff_lag_1,1.7725067,0
2009-10-01,IPDMAT_diff_lag_1,0.27179718,0
2009-11-01,IPDMAT_diff_lag_1,1.5157013,0
2009-12-01,IPDMAT_diff_lag_1,0.22019958,0
2010-01-01,IPDMAT_diff_lag_1,2.0147018,0
2010-02-01,IPDMAT_diff_lag_1,0.79429626,0
2010-03-01,IPDMAT_diff_lag_1,1.7649002,0
2010-04-01,IPDMAT_diff_lag_1,1.4347992,0
2010-05-01,IPDMAT_diff_lag_1,1.6513977,0
2010-06-01,IPDMAT_diff_lag_1,0.47370148,0
2010-07-01,IPDMAT_diff_lag_1,0.6693039,0
2010-08-01,IPDMAT_diff_lag_1,0.5984955,0
2010-09-01,IPDMAT_diff_lag_1,0.43980408,0
2010-10-01,IPDMAT_diff_lag_1,0.70279694,0
2010-11-01,IPDMAT_diff_lag_1,0.32230377,0
2010-12-01,IPDMAT_diff_lag_1,0.7658005,0
2011-01-01,IPDMAT_diff_lag_1,0.85079956,0
2011-02-01,IPDMAT_diff_lag_1,0.6926956,0
2011-03-01,IPDMAT_diff_lag_1,1.1375046,0
2011-04-01,IPDMAT_diff_lag_1,-0.59400177,0
2011-05-01,IPDMAT_diff_lag_1,0.63619995,0
2011-06-01,IPDMAT_diff_lag_1,0.14579773,0
2011-07-01,IPDMAT_diff_lag_1,0.30080414,0
2011-08-01,IPDMAT_diff_lag_1,0.43379974,0
2011-09-01,IPDMAT_diff_lag_1,0.68079376,0
2011-10-01,IPDMAT_diff_lag_1,0.457901,0
2011-11-01,IPDMAT_diff_lag_1,0.459404,0
2011-12-01,IPDMAT_diff_lag_1,1.0130997,0
2012-01-01,IPDMAT_diff_lag_1,1.0635986,0
2012-02-01,IPDMAT_diff_lag_1,0.91000366,0
2012-03-01,IPDMAT_diff_lag_1,-1.0282059,0
2012-04-01,IPDMAT_diff_lag_1,1.2106018,0
2012-05-01,IPDMAT_diff_lag_1,-0.70669556,0
2012-06-01,IPDMAT_diff_lag_1,0.4403,0
2012-07-01,IPDMAT_diff_lag_1,-0.03820038,0
2012-08-01,IPDMAT_diff_lag_1,-0.6748047,0
2012-09-01,IPDMAT_diff_lag_1,-0.5101013,0
2012-10-01,IPDMAT_diff_lag_1,0.40950012,0
2012-11-01,IPDMAT_diff_lag_1,0.78790283,0
2012-12-01,IPDMAT_diff_lag_1,0.798996,0
2013-01-01,IPDMAT_diff_lag_1,0.11930084,0
2013-02-01,IPDMAT_diff_lag_1,0.42780304,0
2013-03-01,IPDMAT_diff_lag_1,0.033699036,0
2013-04-01,IPDMAT_diff_lag_1,-0.2649994,0
2013-05-01,IPDMAT_diff_lag_1,0.29450226,0
2013-06-01,IPDMAT_diff_lag_1,0.1568985,0
2013-07-01,IPDMAT_diff_lag_1,-0.5943985,0
2013-08-01,IPDMAT_diff_lag_1,1.5130005,0
2013-09-01,IPDMAT_diff_lag_1,0.6038971,0
2013-10-01,IPDMAT_diff_lag_1,0.43969727,0
2013-11-01,IPDMAT_diff_lag_1,0.6422043,0
2013-12-01,IPDMAT_diff_lag_1,-0.28580475,0
2014-01-01,IPDMAT_diff_lag_1,-0.93509674,0
2014-02-01,IPDMAT_diff_lag_1,1.3675003,0
2014-03-01,IPDMAT_diff_lag_1,1.5317001,0
2014-04-01,IPDMAT_diff_lag_1,-0.413002,0
2014-05-01,IPDMAT_diff_lag_1,1.0866013,0
2014-06-01,IPDMAT_diff_lag_1,0.87200165,0
2014-07-01,IPDMAT_diff_lag_1,0.6474991,0
2014-08-01,IPDMAT_diff_lag_1,-0.9013977,0
2014-09-01,IPDMAT_diff_lag_1,0.22679901,0
2014-10-01,IPDMAT_diff_lag_1,-0.6863022,0
2014-11-01,IPDMAT_diff_lag_1,0.18180084,0
2014-12-01,IPDMAT_diff_lag_1,0.24389648,0
2015-01-01,IPDMAT_diff_lag_1,-1.073494,0
2015-02-01,IPDMAT_diff_lag_1,-1.007103,0
2015-03-01,IPDMAT_diff_lag_1,-0.02999878,0
2015-04-01,IPDMAT_diff_lag_1,-0.3293991,0
2015-05-01,IPDMAT_diff_lag_1,-0.044403076,0
2015-06-01,IPDMAT_diff_lag_1,-0.672699,0
2015-07-01,IPDMAT_diff_lag_1,1.3394012,0
2015-08-01,IPDMAT_diff_lag_1,-1.214798,0
2015-09-01,IPDMAT_diff_lag_1,-0.48830414,0
2015-10-01,IPDMAT_diff_lag_1,-0.03929901,0
2015-11-01,IPDMAT_diff_lag_1,-0.76110077,0
2015-12-01,IPDMAT_diff_lag_1,-0.24479675,0
2016-01-01,IPDMAT_diff_lag_1,0.09679413,0
2016-02-01,IPDMAT_diff_lag_1,-0.28749847,0
2016-03-01,IPDMAT_diff_lag_1,-0.46089935,0
2016-04-01,IPDMAT_diff_lag_1,0.13760376,0
2016-05-01,IPDMAT_diff_lag_1,0.10559845,0
2016-06-01,IPDMAT_diff_lag_1,0.4305954,0
2016-07-01,IPDMAT_diff_lag_1,0.18360138,0
2016-08-01,IPDMAT_diff_lag_1,-0.5397949,0
2016-09-01,IPDMAT_diff_lag_1,-0.20830536,0
2016-10-01,IPDMAT_diff_lag_1,0.5129013,0
2016-11-01,IPDMAT_diff_lag_1,-0.41899872,0
2016-12-01,IPDMAT_diff_lag_1,-0.17919922,0
2017-01-01,IPDMAT_diff_lag_1,0.9124985,0
2017-02-01,IPDMAT_diff_lag_1,-0.19599915,0
2017-03-01,IPDMAT_diff_lag_1,-0.37950134,0
2017-04-01,IPDMAT_diff_lag_1,1.1442032,0
2017-05-01,IPDMAT_diff_lag_1,-0.8227005,0
2017-06-01,IPDMAT_diff_lag_1,0.41659546,0
2017-07-01,IPDMAT_diff_lag_1,-0.7145004,0
2017-08-01,IPDMAT_diff_lag_1,-0.013298035,0
2017-09-01,IPDMAT_diff_lag_1,1.0983047,0
2017-10-01,IPDMAT_diff_lag_1,0.33499908,0
2017-11-01,IPDMAT_diff_lag_1,0.57170105,0
2017-12-01,IPDMAT_diff_lag_1,-0.62070465,0
2018-01-01,IPDMAT_diff_lag_1,-0.090797424,0
2018-02-01,IPDMAT_diff_lag_1,1.1378021,0
2018-03-01,IPDMAT_diff_lag_1,0.24389648,0
2018-04-01,IPDMAT_diff_lag_1,0.80879974,0
2018-05-01,IPDMAT_diff_lag_1,-0.55059814,0
2018-06-01,IPDMAT_diff_lag_1,0.72309875,0
2018-07-01,IPDMAT_diff_lag_1,-0.3085022,0
2018-08-01,IPDMAT_diff_lag_1,0.48090363,0
2018-09-01,IPDMAT_diff_lag_1,0.33609772,0
2018-10-01,IPDMAT_diff_lag_1,-0.16400146,0
2018-11-01,IPDMAT_diff_lag_1,-0.13349915,0
2018-12-01,IPDMAT_diff_lag_1,0.17430115,0
2019-01-01,IPDMAT_diff_lag_1,-1.4876022,0
2019-02-01,IPDMAT_diff_lag_1,-0.21429443,0
2019-03-01,IPDMAT_diff_lag_1,-0.54990387,0
2019-04-01,IPDMAT_diff_lag_1,-0.3695984,0
2019-05-01,IPDMAT_diff_lag_1,-0.068099976,0
2019-06-01,IPDMAT_diff_lag_1,-0.22450256,0
2019-07-01,IPDMAT_diff_lag_1,-0.55200195,0
2019-08-01,IPDMAT_diff_lag_1,0.32830048,0
2019-09-01,IPDMAT_diff_lag_1,-1.0858994,0
2019-10-01,IPDMAT_diff_lag_1,-1.7957993,0
2019-11-01,IPDMAT_diff_lag_1,0.5177994,0
2019-12-01,IPDMAT_diff_lag_1,-0.48819733,0
2020-01-01,IPDMAT_diff_lag_1,0.0049972534,0
2020-02-01,IPDMAT_diff_lag_1,-0.028694153,0
2020-03-01,IPDMAT_diff_lag_1,-5.3432007,0
2020-04-01,IPDMAT_diff_lag_1,-16.040306,0
2020-05-01,IPDMAT_diff_lag_1,2.9713058,0
2020-06-01,IPDMAT_diff_lag_1,6.1651,0
2020-07-01,IPDMAT_diff_lag_1,3.860199,0
2020-08-01,IPDMAT_diff_lag_1,1.4776993,0
2020-09-01,IPDMAT_diff_lag_1,0.5279999,0
2020-10-01,IPDMAT_diff_lag_1,0.86730194,0
2020-11-01,IPDMAT_diff_lag_1,0.3877945,0
2020-12-01,IPDMAT_diff_lag_1,0.23220062,0
2021-01-01,IPDMAT_diff_lag_1,1.7033997,0
2021-02-01,IPDMAT_diff_lag_1,-1.944397,0
2021-03-01,IPDMAT_diff_lag_1,1.9356995,0
2021-04-01,IPDMAT_diff_lag_1,-0.8906021,0
2021-05-01,IPDMAT_diff_lag_1,0.7018051,0
2021-06-01,IPDMAT_diff_lag_1,-0.092803955,0
2021-07-01,IPDMAT_diff_lag_1,1.1671982,0
2021-08-01,IPDMAT_diff_lag_1,0.063201904,0
2021-09-01,IPDMAT_diff_lag_1,-0.83729553,0
2021-10-01,IPDMAT_diff_lag_1,1.8930969,0
2021-11-01,IPDMAT_diff_lag_1,0.31340027,0
2021-12-01,IPDMAT_diff_lag_1,-0.041999817,0
2022-01-01,IPDMAT_diff_lag_1,-0.4212036,0
2022-02-01,IPDMAT_diff_lag_1,1.6044006,0
2022-03-01,IPDMAT_diff_lag_1,0.44680023,0
2022-04-01,IPDMAT_diff_lag_1,1.1819,0
2022-05-01,IPDMAT_diff_lag_1,-0.8220978,0
2022-06-01,IPDMAT_diff_lag_1,-0.5502014,0
2022-07-01,IPDMAT_diff_lag_1,1.1957016,0
2022-08-01,IPDMAT_diff_lag_1,-0.45999908,0
2022-09-01,IPDMAT_diff_lag_1,0.6022949,0
2000-01-01,LNU02000000_diff_lag_1,216.0,0
2000-02-01,LNU02000000_diff_lag_1,578.0,0
2000-03-01,LNU02000000_diff_lag_1,564.0,0
2000-04-01,LNU02000000_diff_lag_1,873.0,0
2000-05-01,LNU02000000_diff_lag_1,-242.0,0
2000-06-01,LNU02000000_diff_lag_1,1230.0,0
2000-07-01,LNU02000000_diff_lag_1,-146.0,0
2000-08-01,LNU02000000_diff_lag_1,-461.0,0
2000-09-01,LNU02000000_diff_lag_1,-518.0,0
2000-10-01,LNU02000000_diff_lag_1,742.0,0
2000-11-01,LNU02000000_diff_lag_1,-71.0,0
2000-12-01,LNU02000000_diff_lag_1,385.0,0
2001-01-01,LNU02000000_diff_lag_1,-1665.0,0
2001-02-01,LNU02000000_diff_lag_1,396.0,0
2001-03-01,LNU02000000_diff_lag_1,578.0,0
2001-04-01,LNU02000000_diff_lag_1,-133.0,0
2001-05-01,LNU02000000_diff_lag_1,99.0,0
2001-06-01,LNU02000000_diff_lag_1,616.0,0
2001-07-01,LNU02000000_diff_lag_1,502.0,0
2001-08-01,LNU02000000_diff_lag_1,-1430.0,0
2001-09-01,LNU02000000_diff_lag_1,26.0,0
2001-10-01,LNU02000000_diff_lag_1,50.0,0
2001-11-01,LNU02000000_diff_lag_1,-515.0,0
2001-12-01,LNU02000000_diff_lag_1,-101.0,0
2002-01-01,LNU02000000_diff_lag_1,-2092.0,0
2002-02-01,LNU02000000_diff_lag_1,1266.0,0
2002-03-01,LNU02000000_diff_lag_1,115.0,0
2002-04-01,LNU02000000_diff_lag_1,345.0,0
2002-05-01,LNU02000000_diff_lag_1,656.0,0
2002-06-01,LNU02000000_diff_lag_1,622.0,0
2002-07-01,LNU02000000_diff_lag_1,314.0,0
2002-08-01,LNU02000000_diff_lag_1,-200.0,0
2002-09-01,LNU02000000_diff_lag_1,82.0,0
2002-10-01,LNU02000000_diff_lag_1,174.0,0
2002-11-01,LNU02000000_diff_lag_1,-867.0,0
2002-12-01,LNU02000000_diff_lag_1,-85.0,0
2003-01-01,LNU02000000_diff_lag_1,-692.0,0
2003-02-01,LNU02000000_diff_lag_1,526.0,0
2003-03-01,LNU02000000_diff_lag_1,350.0,0
2003-04-01,LNU02000000_diff_lag_1,641.0,0
2003-05-01,LNU02000000_diff_lag_1,143.0,0
2003-06-01,LNU02000000_diff_lag_1,901.0,0
2003-07-01,LNU02000000_diff_lag_1,35.0,0
2003-08-01,LNU02000000_diff_lag_1,-366.0,0
2003-09-01,LNU02000000_diff_lag_1,-406.0,0
2003-10-01,LNU02000000_diff_lag_1,888.0,0
2003-11-01,LNU02000000_diff_lag_1,81.0,0
2003-12-01,LNU02000000_diff_lag_1,-144.0,0
2004-01-01,LNU02000000_diff_lag_1,-1632.0,0
2004-02-01,LNU02000000_diff_lag_1,460.0,0
2004-03-01,LNU02000000_diff_lag_1,307.0,0
2004-04-01,LNU02000000_diff_lag_1,732.0,0
2004-05-01,LNU02000000_diff_lag_1,444.0,0
2004-06-01,LNU02000000_diff_lag_1,994.0,0
2004-07-01,LNU02000000_diff_lag_1,839.0,0
2004-08-01,LNU02000000_diff_lag_1,-474.0,0
2004-09-01,LNU02000000_diff_lag_1,-585.0,0
2004-10-01,LNU02000000_diff_lag_1,806.0,0
2004-11-01,LNU02000000_diff_lag_1,134.0,0
2004-12-01,LNU02000000_diff_lag_1,-303.0,0
2005-01-01,LNU02000000_diff_lag_1,-1596.0,0
2005-02-01,LNU02000000_diff_lag_1,418.0,0
2005-03-01,LNU02000000_diff_lag_1,659.0,0
2005-04-01,LNU02000000_diff_lag_1,1180.0,0
2005-05-01,LNU02000000_diff_lag_1,652.0,0
2005-06-01,LNU02000000_diff_lag_1,865.0,0
2005-07-01,LNU02000000_diff_lag_1,827.0,0
2005-08-01,LNU02000000_diff_lag_1,-141.0,0
2005-09-01,LNU02000000_diff_lag_1,-563.0,0
2005-10-01,LNU02000000_diff_lag_1,761.0,0
2005-11-01,LNU02000000_diff_lag_1,-372.0,0
2005-12-01,LNU02000000_diff_lag_1,-50.0,0
2006-01-01,LNU02000000_diff_lag_1,-1437.0,0
2006-02-01,LNU02000000_diff_lag_1,513.0,0
2006-03-01,LNU02000000_diff_lag_1,778.0,0
2006-04-01,LNU02000000_diff_lag_1,633.0,0
2006-05-01,LNU02000000_diff_lag_1,636.0,0
2006-06-01,LNU02000000_diff_lag_1,1175.0,0
2006-07-01,LNU02000000_diff_lag_1,390.0,0
2006-08-01,LNU02000000_diff_lag_1,-227.0,0
2006-09-01,LNU02000000_diff_lag_1,-369.0,0
2006-10-01,LNU02000000_diff_lag_1,1115.0,0
2006-11-01,LNU02000000_diff_lag_1,-111.0,0
2006-12-01,LNU02000000_diff_lag_1,67.0,0
2007-01-01,LNU02000000_diff_lag_1,-1806.0,0
2007-02-01,LNU02000000_diff_lag_1,204.0,0
2007-03-01,LNU02000000_diff_lag_1,844.0,0
2007-04-01,LNU02000000_diff_lag_1,-26.0,0
2007-05-01,LNU02000000_diff_lag_1,567.0,0
2007-06-01,LNU02000000_diff_lag_1,1094.0,0
2007-07-01,LNU02000000_diff_lag_1,357.0,0
2007-08-01,LNU02000000_diff_lag_1,-909.0,0
2007-09-01,LNU02000000_diff_lag_1,42.0,0
2007-10-01,LNU02000000_diff_lag_1,295.0,0
2007-11-01,LNU02000000_diff_lag_1,375.0,0
2007-12-01,LNU02000000_diff_lag_1,-784.0,0
2008-01-01,LNU02000000_diff_lag_1,-1727.0,0
2008-02-01,LNU02000000_diff_lag_1,-57.0,0
2008-03-01,LNU02000000_diff_lag_1,558.0,0
2008-04-01,LNU02000000_diff_lag_1,813.0,0
2008-05-01,LNU02000000_diff_lag_1,6.0,0
2008-06-01,LNU02000000_diff_lag_1,722.0,0
2008-07-01,LNU02000000_diff_lag_1,218.0,0
2008-08-01,LNU02000000_diff_lag_1,-958.0,0
2008-09-01,LNU02000000_diff_lag_1,-599.0,0
2008-10-01,LNU02000000_diff_lag_1,233.0,0
2008-11-01,LNU02000000_diff_lag_1,-934.0,0
2008-12-01,LNU02000000_diff_lag_1,-1259.0,0
2009-01-01,LNU02000000_diff_lag_1,-2914.0,0
2009-02-01,LNU02000000_diff_lag_1,-331.0,0
2009-03-01,LNU02000000_diff_lag_1,-272.0,0
2009-04-01,LNU02000000_diff_lag_1,753.0,0
2009-05-01,LNU02000000_diff_lag_1,-223.0,0
2009-06-01,LNU02000000_diff_lag_1,463.0,0
2009-07-01,LNU02000000_diff_lag_1,229.0,0
2009-08-01,LNU02000000_diff_lag_1,-981.0,0
2009-09-01,LNU02000000_diff_lag_1,-995.0,0
2009-10-01,LNU02000000_diff_lag_1,9.0,0
2009-11-01,LNU02000000_diff_lag_1,44.0,0
2009-12-01,LNU02000000_diff_lag_1,-1179.0,0
2010-01-01,LNU02000000_diff_lag_1,-1144.0,0
2010-02-01,LNU02000000_diff_lag_1,394.0,0
2010-03-01,LNU02000000_diff_lag_1,780.0,0
2010-04-01,LNU02000000_diff_lag_1,1319.0,0
2010-05-01,LNU02000000_diff_lag_1,195.0,0
2010-06-01,LNU02000000_diff_lag_1,385.0,0
2010-07-01,LNU02000000_diff_lag_1,252.0,0
2010-08-01,LNU02000000_diff_lag_1,-215.0,0
2010-09-01,LNU02000000_diff_lag_1,-204.0,0
2010-10-01,LNU02000000_diff_lag_1,34.0,0
2010-11-01,LNU02000000_diff_lag_1,-334.0,0
2010-12-01,LNU02000000_diff_lag_1,-256.0,0
2011-01-01,LNU02000000_diff_lag_1,-1560.0,0
2011-02-01,LNU02000000_diff_lag_1,494.0,0
2011-03-01,LNU02000000_diff_lag_1,869.0,0
2011-04-01,LNU02000000_diff_lag_1,699.0,0
2011-05-01,LNU02000000_diff_lag_1,367.0,0
2011-06-01,LNU02000000_diff_lag_1,101.0,0
2011-07-01,LNU02000000_diff_lag_1,255.0,0
2011-08-01,LNU02000000_diff_lag_1,-49.0,0
2011-09-01,LNU02000000_diff_lag_1,167.0,0
2011-10-01,LNU02000000_diff_lag_1,485.0,0
2011-11-01,LNU02000000_diff_lag_1,83.0,0
2011-12-01,LNU02000000_diff_lag_1,-389.0,0
2012-01-01,LNU02000000_diff_lag_1,-737.0,0
2012-02-01,LNU02000000_diff_lag_1,740.0,0
2012-03-01,LNU02000000_diff_lag_1,728.0,0
2012-04-01,LNU02000000_diff_lag_1,583.0,0
2012-05-01,LNU02000000_diff_lag_1,732.0,0
2012-06-01,LNU02000000_diff_lag_1,475.0,0
2012-07-01,LNU02000000_diff_lag_1,-76.0,0
2012-08-01,LNU02000000_diff_lag_1,-568.0,0
2012-09-01,LNU02000000_diff_lag_1,775.0,0
2012-10-01,LNU02000000_diff_lag_1,706.0,0
2012-11-01,LNU02000000_diff_lag_1,-490.0,0
2012-12-01,LNU02000000_diff_lag_1,-489.0,0
2013-01-01,LNU02000000_diff_lag_1,-1446.0,0
2013-02-01,LNU02000000_diff_lag_1,614.0,0
2013-03-01,LNU02000000_diff_lag_1,470.0,0
2013-04-01,LNU02000000_diff_lag_1,1026.0,0
2013-05-01,LNU02000000_diff_lag_1,708.0,0
2013-06-01,LNU02000000_diff_lag_1,409.0,0
2013-07-01,LNU02000000_diff_lag_1,272.0,0
2013-08-01,LNU02000000_diff_lag_1,-604.0,0
2013-09-01,LNU02000000_diff_lag_1,142.0,0
2013-10-01,LNU02000000_diff_lag_1,-507.0,0
2013-11-01,LNU02000000_diff_lag_1,631.0,0
2013-12-01,LNU02000000_diff_lag_1,-352.0,0
2014-01-01,LNU02000000_diff_lag_1,-897.0,0
2014-02-01,LNU02000000_diff_lag_1,608.0,0
2014-03-01,LNU02000000_diff_lag_1,956.0,0
2014-04-01,LNU02000000_diff_lag_1,677.0,0
2014-05-01,LNU02000000_diff_lag_1,631.0,0
2014-06-01,LNU02000000_diff_lag_1,706.0,0
2014-07-01,LNU02000000_diff_lag_1,161.0,0
2014-08-01,LNU02000000_diff_lag_1,-618.0,0
2014-09-01,LNU02000000_diff_lag_1,294.0,0
2014-10-01,LNU02000000_diff_lag_1,995.0,0
2014-11-01,LNU02000000_diff_lag_1,-270.0,0
2014-12-01,LNU02000000_diff_lag_1,-476.0,0
2015-01-01,LNU02000000_diff_lag_1,-638.0,0
2015-02-01,LNU02000000_diff_lag_1,566.0,0
2015-03-01,LNU02000000_diff_lag_1,517.0,0
2015-04-01,LNU02000000_diff_lag_1,952.0,0
2015-05-01,LNU02000000_diff_lag_1,762.0,0
2015-06-01,LNU02000000_diff_lag_1,296.0,0
2015-07-01,LNU02000000_diff_lag_1,77.0,0
2015-08-01,LNU02000000_diff_lag_1,-494.0,0
2015-09-01,LNU02000000_diff_lag_1,-248.0,0
2015-10-01,LNU02000000_diff_lag_1,736.0,0
2015-11-01,LNU02000000_diff_lag_1,50.0,0
2015-12-01,LNU02000000_diff_lag_1,-63.0,0
2016-01-01,LNU02000000_diff_lag_1,-666.0,0
2016-02-01,LNU02000000_diff_lag_1,1023.0,0
2016-03-01,LNU02000000_diff_lag_1,678.0,0
2016-04-01,LNU02000000_diff_lag_1,337.0,0
2016-05-01,LNU02000000_diff_lag_1,519.0,0
2016-06-01,LNU02000000_diff_lag_1,396.0,0
2016-07-01,LNU02000000_diff_lag_1,447.0,0
2016-08-01,LNU02000000_diff_lag_1,-633.0,0
2016-09-01,LNU02000000_diff_lag_1,173.0,0
2016-10-01,LNU02000000_diff_lag_1,358.0,0
2016-11-01,LNU02000000_diff_lag_1,50.0,0
2016-12-01,LNU02000000_diff_lag_1,-587.0,0
2017-01-01,LNU02000000_diff_lag_1,-1271.0,0
2017-02-01,LNU02000000_diff_lag_1,1067.0,0
2017-03-01,LNU02000000_diff_lag_1,1034.0,0
2017-04-01,LNU02000000_diff_lag_1,634.0,0
2017-05-01,LNU02000000_diff_lag_1,145.0,0
2017-06-01,LNU02000000_diff_lag_1,679.0,0
2017-07-01,LNU02000000_diff_lag_1,384.0,0
2017-08-01,LNU02000000_diff_lag_1,-894.0,0
2017-09-01,LNU02000000_diff_lag_1,918.0,0
2017-10-01,LNU02000000_diff_lag_1,-271.0,0
2017-11-01,LNU02000000_diff_lag_1,-43.0,0
2017-12-01,LNU02000000_diff_lag_1,-578.0,0
2018-01-01,LNU02000000_diff_lag_1,-754.0,0
2018-02-01,LNU02000000_diff_lag_1,1555.0,0
2018-03-01,LNU02000000_diff_lag_1,474.0,0
2018-04-01,LNU02000000_diff_lag_1,471.0,0
2018-05-01,LNU02000000_diff_lag_1,661.0,0
2018-06-01,LNU02000000_diff_lag_1,456.0,0
2018-07-01,LNU02000000_diff_lag_1,539.0,0
2018-08-01,LNU02000000_diff_lag_1,-1465.0,0
2018-09-01,LNU02000000_diff_lag_1,652.0,0
2018-10-01,LNU02000000_diff_lag_1,761.0,0
2018-11-01,LNU02000000_diff_lag_1,63.0,0
2018-12-01,LNU02000000_diff_lag_1,-534.0,0
2019-01-01,LNU02000000_diff_lag_1,-1517.0,0
2019-02-01,LNU02000000_diff_lag_1,1203.0,0
2019-03-01,LNU02000000_diff_lag_1,274.0,0
2019-04-01,LNU02000000_diff_lag_1,269.0,0
2019-05-01,LNU02000000_diff_lag_1,442.0,0
2019-06-01,LNU02000000_diff_lag_1,676.0,0
2019-07-01,LNU02000000_diff_lag_1,557.0,0
2019-08-01,LNU02000000_diff_lag_1,-569.0,0
2019-09-01,LNU02000000_diff_lag_1,662.0,0
2019-10-01,LNU02000000_diff_lag_1,589.0,0
2019-11-01,LNU02000000_diff_lag_1,-122.0,0
2019-12-01,LNU02000000_diff_lag_1,-441.0,0
2020-01-01,LNU02000000_diff_lag_1,-1510.0,0
2020-02-01,LNU02000000_diff_lag_1,1023.0,0
2020-03-01,LNU02000000_diff_lag_1,-2850.0,0
2020-04-01,LNU02000000_diff_lag_1,-21841.0,0
2020-05-01,LNU02000000_diff_lag_1,4135.0,0
2020-06-01,LNU02000000_diff_lag_1,5350.0,0
2020-07-01,LNU02000000_diff_lag_1,1681.0,0
2020-08-01,LNU02000000_diff_lag_1,2732.0,0
2020-09-01,LNU02000000_diff_lag_1,572.0,0
2020-10-01,LNU02000000_diff_lag_1,2637.0,0
2020-11-01,LNU02000000_diff_lag_1,-230.0,0
2020-12-01,LNU02000000_diff_lag_1,-590.0,0
2021-01-01,LNU02000000_diff_lag_1,-1230.0,0
2021-02-01,LNU02000000_diff_lag_1,1139.0,0
2021-03-01,LNU02000000_diff_lag_1,971.0,0
2021-04-01,LNU02000000_diff_lag_1,667.0,0
2021-05-01,LNU02000000_diff_lag_1,618.0,0
2021-06-01,LNU02000000_diff_lag_1,505.0,0
2021-07-01,LNU02000000_diff_lag_1,1313.0,0
2021-08-01,LNU02000000_diff_lag_1,-364.0,0
2021-09-01,LNU02000000_diff_lag_1,794.0,0
2021-10-01,LNU02000000_diff_lag_1,940.0,0
2021-11-01,LNU02000000_diff_lag_1,831.0,0
2021-12-01,LNU02000000_diff_lag_1,-65.0,0
2022-01-01,LNU02000000_diff_lag_1,-114.0,0
2022-02-01,LNU02000000_diff_lag_1,1324.0,0
2022-03-01,LNU02000000_diff_lag_1,1164.0,0
2022-04-01,LNU02000000_diff_lag_1,-115.0,0
2022-05-01,LNU02000000_diff_lag_1,618.0,0
2022-06-01,LNU02000000_diff_lag_1,69.0,0
2022-07-01,LNU02000000_diff_lag_1,389.0,0
2022-08-01,LNU02000000_diff_lag_1,-353.0,0
2022-09-01,LNU02000000_diff_lag_1,289.0,0
2000-01-01,RALACBM027NBOG_diff_lag_2,5.687622,0
2000-02-01,RALACBM027NBOG_diff_lag_2,10.899902,0
2000-03-01,RALACBM027NBOG_diff_lag_2,15.290192,0
2000-04-01,RALACBM027NBOG_diff_lag_2,2.9421082,0
2000-05-01,RALACBM027NBOG_diff_lag_2,-2.4562073,0
2000-06-01,RALACBM027NBOG_diff_lag_2,11.899506,0
2000-07-01,RALACBM027NBOG_diff_lag_2,15.400299,0
2000-08-01,RALACBM027NBOG_diff_lag_2,8.497894,0
2000-09-01,RALACBM027NBOG_diff_lag_2,10.095215,0
2000-10-01,RALACBM027NBOG_diff_lag_2,13.220032,0
2000-11-01,RALACBM027NBOG_diff_lag_2,8.772278,0
2000-12-01,RALACBM027NBOG_diff_lag_2,4.473755,0
2001-01-01,RALACBM027NBOG_diff_lag_2,6.5527344,0
2001-02-01,RALACBM027NBOG_diff_lag_2,11.489929,0
2001-03-01,RALACBM027NBOG_diff_lag_2,13.163208,0
2001-04-01,RALACBM027NBOG_diff_lag_2,10.893005,0
2001-05-01,RALACBM027NBOG_diff_lag_2,8.094177,0
2001-06-01,RALACBM027NBOG_diff_lag_2,7.875183,0
2001-07-01,RALACBM027NBOG_diff_lag_2,14.85437,0
2001-08-01,RALACBM027NBOG_diff_lag_2,26.950317,0
2001-09-01,RALACBM027NBOG_diff_lag_2,22.59021,0
2001-10-01,RALACBM027NBOG_diff_lag_2,16.733154,0
2001-11-01,RALACBM027NBOG_diff_lag_2,13.266907,0
2001-12-01,RALACBM027NBOG_diff_lag_2,-3.9018555,0
2002-01-01,RALACBM027NBOG_diff_lag_2,-5.94751,0
2002-02-01,RALACBM027NBOG_diff_lag_2,-5.9661865,0
2002-03-01,RALACBM027NBOG_diff_lag_2,-11.805054,0
2002-04-01,RALACBM027NBOG_diff_lag_2,-6.774353,0
2002-05-01,RALACBM027NBOG_diff_lag_2,6.5716553,0
2002-06-01,RALACBM027NBOG_diff_lag_2,17.444641,0
2002-07-01,RALACBM027NBOG_diff_lag_2,9.421387,0
2002-08-01,RALACBM027NBOG_diff_lag_2,6.84729,0
2002-09-01,RALACBM027NBOG_diff_lag_2,14.187805,0
2002-10-01,RALACBM027NBOG_diff_lag_2,13.161072,0
2002-11-01,RALACBM027NBOG_diff_lag_2,13.890442,0
2002-12-01,RALACBM027NBOG_diff_lag_2,17.86499,0
2003-01-01,RALACBM027NBOG_diff_lag_2,1.0409546,0
2003-02-01,RALACBM027NBOG_diff_lag_2,2.9004517,0
2003-03-01,RALACBM027NBOG_diff_lag_2,20.791748,0
2003-04-01,RALACBM027NBOG_diff_lag_2,19.305481,0
2003-05-01,RALACBM027NBOG_diff_lag_2,27.972656,0
2003-06-01,RALACBM027NBOG_diff_lag_2,20.338623,0
2003-07-01,RALACBM027NBOG_diff_lag_2,3.1447144,0
2003-08-01,RALACBM027NBOG_diff_lag_2,1.935791,0
2003-09-01,RALACBM027NBOG_diff_lag_2,4.1192017,0
2003-10-01,RALACBM027NBOG_diff_lag_2,5.3894653,0
2003-11-01,RALACBM027NBOG_diff_lag_2,13.562805,0
2003-12-01,RALACBM027NBOG_diff_lag_2,17.222717,0
2004-01-01,RALACBM027NBOG_diff_lag_2,11.337219,0
2004-02-01,RALACBM027NBOG_diff_lag_2,10.231628,0
2004-03-01,RALACBM027NBOG_diff_lag_2,14.786865,0
2004-04-01,RALACBM027NBOG_diff_lag_2,40.75659,0
2004-05-01,RALACBM027NBOG_diff_lag_2,26.727112,0
2004-06-01,RALACBM027NBOG_diff_lag_2,-31.299133,0
2004-07-01,RALACBM027NBOG_diff_lag_2,-5.4262085,0
2004-08-01,RALACBM027NBOG_diff_lag_2,38.7818,0
2004-09-01,RALACBM027NBOG_diff_lag_2,35.620605,0
2004-10-01,RALACBM027NBOG_diff_lag_2,42.2442,0
2004-11-01,RALACBM027NBOG_diff_lag_2,31.810913,0
2004-12-01,RALACBM027NBOG_diff_lag_2,11.830627,0
2005-01-01,RALACBM027NBOG_diff_lag_2,14.6813965,0
2005-02-01,RALACBM027NBOG_diff_lag_2,17.388489,0
2005-03-01,RALACBM027NBOG_diff_lag_2,17.94513,0
2005-04-01,RALACBM027NBOG_diff_lag_2,16.089722,0
2005-05-01,RALACBM027NBOG_diff_lag_2,13.041687,0
2005-06-01,RALACBM027NBOG_diff_lag_2,16.31726,0
2005-07-01,RALACBM027NBOG_diff_lag_2,11.318298,0
2005-08-01,RALACBM027NBOG_diff_lag_2,8.81543,0
2005-09-01,RALACBM027NBOG_diff_lag_2,8.64978,0
2005-10-01,RALACBM027NBOG_diff_lag_2,-0.36132812,0
2005-11-01,RALACBM027NBOG_diff_lag_2,3.5615234,0
2005-12-01,RALACBM027NBOG_diff_lag_2,11.2323,0
2006-01-01,RALACBM027NBOG_diff_lag_2,12.420166,0
2006-02-01,RALACBM027NBOG_diff_lag_2,18.122925,0
2006-03-01,RALACBM027NBOG_diff_lag_2,26.360413,0
2006-04-01,RALACBM027NBOG_diff_lag_2,24.887573,0
2006-05-01,RALACBM027NBOG_diff_lag_2,16.788025,0
2006-06-01,RALACBM027NBOG_diff_lag_2,10.995605,0
2006-07-01,RALACBM027NBOG_diff_lag_2,12.277588,0
2006-08-01,RALACBM027NBOG_diff_lag_2,16.878418,0
2006-09-01,RALACBM027NBOG_diff_lag_2,26.493896,0
2006-10-01,RALACBM027NBOG_diff_lag_2,59.475403,0
2006-11-01,RALACBM027NBOG_diff_lag_2,45.02301,0
2006-12-01,RALACBM027NBOG_diff_lag_2,13.479492,0
2007-01-01,RALACBM027NBOG_diff_lag_2,17.214722,0
2007-02-01,RALACBM027NBOG_diff_lag_2,12.446167,0
2007-03-01,RALACBM027NBOG_diff_lag_2,6.9313965,0
2007-04-01,RALACBM027NBOG_diff_lag_2,4.7648926,0
2007-05-01,RALACBM027NBOG_diff_lag_2,8.795654,0
2007-06-01,RALACBM027NBOG_diff_lag_2,7.043213,0
2007-07-01,RALACBM027NBOG_diff_lag_2,10.570068,0
2007-08-01,RALACBM027NBOG_diff_lag_2,34.98462,0
2007-09-01,RALACBM027NBOG_diff_lag_2,48.748413,0
2007-10-01,RALACBM027NBOG_diff_lag_2,32.476685,0
2007-11-01,RALACBM027NBOG_diff_lag_2,18.9729,0
2007-12-01,RALACBM027NBOG_diff_lag_2,10.245117,0
2008-01-01,RALACBM027NBOG_diff_lag_2,22.75476,0
2008-02-01,RALACBM027NBOG_diff_lag_2,27.312256,0
2008-03-01,RALACBM027NBOG_diff_lag_2,2.0686035,0
2008-04-01,RALACBM027NBOG_diff_lag_2,5.4744873,0
2008-05-01,RALACBM027NBOG_diff_lag_2,13.153564,0
2008-06-01,RALACBM027NBOG_diff_lag_2,2.536499,0
2008-07-01,RALACBM027NBOG_diff_lag_2,-1.9379883,0
2008-08-01,RALACBM027NBOG_diff_lag_2,1.0479736,0
2008-09-01,RALACBM027NBOG_diff_lag_2,10.624634,0
2008-10-01,RALACBM027NBOG_diff_lag_2,12.414795,0
2008-11-01,RALACBM027NBOG_diff_lag_2,-5.745117,0
2008-12-01,RALACBM027NBOG_diff_lag_2,5.6694336,0
2009-01-01,RALACBM027NBOG_diff_lag_2,-3.050415,0
2009-02-01,RALACBM027NBOG_diff_lag_2,12.854248,0
2009-03-01,RALACBM027NBOG_diff_lag_2,39.852295,0
2009-04-01,RALACBM027NBOG_diff_lag_2,23.354614,0
2009-05-01,RALACBM027NBOG_diff_lag_2,23.594116,0
2009-06-01,RALACBM027NBOG_diff_lag_2,11.900757,0
2009-07-01,RALACBM027NBOG_diff_lag_2,35.39502,0
2009-08-01,RALACBM027NBOG_diff_lag_2,35.559692,0
2009-09-01,RALACBM027NBOG_diff_lag_2,17.75061,0
2009-10-01,RALACBM027NBOG_diff_lag_2,32.155518,0
2009-11-01,RALACBM027NBOG_diff_lag_2,24.749146,0
2009-12-01,RALACBM027NBOG_diff_lag_2,10.411255,0
2010-01-01,RALACBM027NBOG_diff_lag_2,0.618042,0
2010-02-01,RALACBM027NBOG_diff_lag_2,11.125732,0
2010-03-01,RALACBM027NBOG_diff_lag_2,7.895752,0
2010-04-01,RALACBM027NBOG_diff_lag_2,-6.7124023,0
2010-05-01,RALACBM027NBOG_diff_lag_2,4.728882,0
2010-06-01,RALACBM027NBOG_diff_lag_2,13.352417,0
2010-07-01,RALACBM027NBOG_diff_lag_2,11.329712,0
2010-08-01,RALACBM027NBOG_diff_lag_2,20.845947,0
2010-09-01,RALACBM027NBOG_diff_lag_2,18.098389,0
2010-10-01,RALACBM027NBOG_diff_lag_2,-6.2078857,0
2010-11-01,RALACBM027NBOG_diff_lag_2,-2.7280273,0
2010-12-01,RALACBM027NBOG_diff_lag_2,14.1085205,0
2011-01-01,RALACBM027NBOG_diff_lag_2,1.3704834,0
2011-02-01,RALACBM027NBOG_diff_lag_2,-4.1990967,0
2011-03-01,RALACBM027NBOG_diff_lag_2,11.992065,0
2011-04-01,RALACBM027NBOG_diff_lag_2,21.157593,0
2011-05-01,RALACBM027NBOG_diff_lag_2,31.624268,0
2011-06-01,RALACBM027NBOG_diff_lag_2,41.222168,0
2011-07-01,RALACBM027NBOG_diff_lag_2,-6.989624,0
2011-08-01,RALACBM027NBOG_diff_lag_2,3.5037842,0
2011-09-01,RALACBM027NBOG_diff_lag_2,33.3219,0
2011-10-01,RALACBM027NBOG_diff_lag_2,-11.511719,0
2011-11-01,RALACBM027NBOG_diff_lag_2,-6.0738525,0
2011-12-01,RALACBM027NBOG_diff_lag_2,9.151489,0
2012-01-01,RALACBM027NBOG_diff_lag_2,2.3814697,0
2012-02-01,RALACBM027NBOG_diff_lag_2,35.50952,0
2012-03-01,RALACBM027NBOG_diff_lag_2,44.645752,0
2012-04-01,RALACBM027NBOG_diff_lag_2,-11.863281,0
2012-05-01,RALACBM027NBOG_diff_lag_2,-10.887573,0
2012-06-01,RALACBM027NBOG_diff_lag_2,17.76892,0
2012-07-01,RALACBM027NBOG_diff_lag_2,11.994873,0
2012-08-01,RALACBM027NBOG_diff_lag_2,13.362427,0
2012-09-01,RALACBM027NBOG_diff_lag_2,22.391968,0
2012-10-01,RALACBM027NBOG_diff_lag_2,17.962524,0
2012-11-01,RALACBM027NBOG_diff_lag_2,19.843262,0
2012-12-01,RALACBM027NBOG_diff_lag_2,12.734741,0
2013-01-01,RALACBM027NBOG_diff_lag_2,-15.988525,0
2013-02-01,RALACBM027NBOG_diff_lag_2,-2.4003906,0
2013-03-01,RALACBM027NBOG_diff_lag_2,14.885254,0
2013-04-01,RALACBM027NBOG_diff_lag_2,11.557251,0
2013-05-01,RALACBM027NBOG_diff_lag_2,17.531982,0
2013-06-01,RALACBM027NBOG_diff_lag_2,-0.9501953,0
2013-07-01,RALACBM027NBOG_diff_lag_2,-28.053345,0
2013-08-01,RALACBM027NBOG_diff_lag_2,-9.668823,0
2013-09-01,RALACBM027NBOG_diff_lag_2,8.707153,0
2013-10-01,RALACBM027NBOG_diff_lag_2,8.207275,0
2013-11-01,RALACBM027NBOG_diff_lag_2,20.034668,0
2013-12-01,RALACBM027NBOG_diff_lag_2,13.186157,0
2014-01-01,RALACBM027NBOG_diff_lag_2,9.456665,0
2014-02-01,RALACBM027NBOG_diff_lag_2,24.91809,0
2014-03-01,RALACBM027NBOG_diff_lag_2,22.920898,0
2014-04-01,RALACBM027NBOG_diff_lag_2,9.600464,0
2014-05-01,RALACBM027NBOG_diff_lag_2,21.05542,0
2014-06-01,RALACBM027NBOG_diff_lag_2,27.7948,0
2014-07-01,RALACBM027NBOG_diff_lag_2,8.435425,0
2014-08-01,RALACBM027NBOG_diff_lag_2,13.282593,0
2014-09-01,RALACBM027NBOG_diff_lag_2,16.529785,0
2014-10-01,RALACBM027NBOG_diff_lag_2,2.8814697,0
2014-11-01,RALACBM027NBOG_diff_lag_2,12.870361,0
2014-12-01,RALACBM027NBOG_diff_lag_2,20.664673,0
2015-01-01,RALACBM027NBOG_diff_lag_2,22.240234,0
2015-02-01,RALACBM027NBOG_diff_lag_2,22.137817,0
2015-03-01,RALACBM027NBOG_diff_lag_2,17.780884,0
2015-04-01,RALACBM027NBOG_diff_lag_2,25.57544,0
2015-05-01,RALACBM027NBOG_diff_lag_2,19.32019,0
2015-06-01,RALACBM027NBOG_diff_lag_2,2.953125,0
2015-07-01,RALACBM027NBOG_diff_lag_2,0.045043945,0
2015-08-01,RALACBM027NBOG_diff_lag_2,16.019287,0
2015-09-01,RALACBM027NBOG_diff_lag_2,23.158936,0
2015-10-01,RALACBM027NBOG_diff_lag_2,9.549561,0
2015-11-01,RALACBM027NBOG_diff_lag_2,7.078369,0
2015-12-01,RALACBM027NBOG_diff_lag_2,13.994751,0
2016-01-01,RALACBM027NBOG_diff_lag_2,11.882935,0
2016-02-01,RALACBM027NBOG_diff_lag_2,10.088013,0
2016-03-01,RALACBM027NBOG_diff_lag_2,3.324707,0
2016-04-01,RALACBM027NBOG_diff_lag_2,3.8310547,0
2016-05-01,RALACBM027NBOG_diff_lag_2,16.480469,0
2016-06-01,RALACBM027NBOG_diff_lag_2,23.28418,0
2016-07-01,RALACBM027NBOG_diff_lag_2,20.762573,0
2016-08-01,RALACBM027NBOG_diff_lag_2,11.062012,0
2016-09-01,RALACBM027NBOG_diff_lag_2,12.124268,0
2016-10-01,RALACBM027NBOG_diff_lag_2,9.817261,0
2016-11-01,RALACBM027NBOG_diff_lag_2,-11.486816,0
2016-12-01,RALACBM027NBOG_diff_lag_2,-17.043945,0
2017-01-01,RALACBM027NBOG_diff_lag_2,1.5413818,0
2017-02-01,RALACBM027NBOG_diff_lag_2,15.444214,0
2017-03-01,RALACBM027NBOG_diff_lag_2,12.660767,0
2017-04-01,RALACBM027NBOG_diff_lag_2,11.582031,0
2017-05-01,RALACBM027NBOG_diff_lag_2,25.04834,0
2017-06-01,RALACBM027NBOG_diff_lag_2,33.388794,0
2017-07-01,RALACBM027NBOG_diff_lag_2,29.807983,0
2017-08-01,RALACBM027NBOG_diff_lag_2,30.877441,0
2017-09-01,RALACBM027NBOG_diff_lag_2,28.501099,0
2017-10-01,RALACBM027NBOG_diff_lag_2,-1.1447754,0
2017-11-01,RALACBM027NBOG_diff_lag_2,-8.642334,0
2017-12-01,RALACBM027NBOG_diff_lag_2,-2.3010254,0
2018-01-01,RALACBM027NBOG_diff_lag_2,-44.473267,0
2018-02-01,RALACBM027NBOG_diff_lag_2,-44.594482,0
2018-03-01,RALACBM027NBOG_diff_lag_2,4.063843,0
2018-04-01,RALACBM027NBOG_diff_lag_2,10.301758,0
2018-05-01,RALACBM027NBOG_diff_lag_2,12.5303955,0
2018-06-01,RALACBM027NBOG_diff_lag_2,28.970947,0
2018-07-01,RALACBM027NBOG_diff_lag_2,24.379028,0
2018-08-01,RALACBM027NBOG_diff_lag_2,17.998291,0
2018-09-01,RALACBM027NBOG_diff_lag_2,12.94873,0
2018-10-01,RALACBM027NBOG_diff_lag_2,19.383667,0
2018-11-01,RALACBM027NBOG_diff_lag_2,34.6969,0
2018-12-01,RALACBM027NBOG_diff_lag_2,17.053589,0
2019-01-01,RALACBM027NBOG_diff_lag_2,-10.355591,0
2019-02-01,RALACBM027NBOG_diff_lag_2,13.319946,0
2019-03-01,RALACBM027NBOG_diff_lag_2,38.3031,0
2019-04-01,RALACBM027NBOG_diff_lag_2,20.467773,0
2019-05-01,RALACBM027NBOG_diff_lag_2,25.378418,0
2019-06-01,RALACBM027NBOG_diff_lag_2,45.352783,0
2019-07-01,RALACBM027NBOG_diff_lag_2,50.234985,0
2019-08-01,RALACBM027NBOG_diff_lag_2,48.815186,0
2019-09-01,RALACBM027NBOG_diff_lag_2,26.091797,0
2019-10-01,RALACBM027NBOG_diff_lag_2,2.2124023,0
2019-11-01,RALACBM027NBOG_diff_lag_2,17.496582,0
2019-12-01,RALACBM027NBOG_diff_lag_2,36.972168,0
2020-01-01,RALACBM027NBOG_diff_lag_2,20.75354,0
2020-02-01,RALACBM027NBOG_diff_lag_2,13.479004,0
2020-03-01,RALACBM027NBOG_diff_lag_2,4.925049,0
2020-04-01,RALACBM027NBOG_diff_lag_2,-108.5647,0
2020-05-01,RALACBM027NBOG_diff_lag_2,-109.09778,0
2020-06-01,RALACBM027NBOG_diff_lag_2,18.812256,0
2020-07-01,RALACBM027NBOG_diff_lag_2,28.61316,0
2020-08-01,RALACBM027NBOG_diff_lag_2,22.317017,0
2020-09-01,RALACBM027NBOG_diff_lag_2,42.912354,0
2020-10-01,RALACBM027NBOG_diff_lag_2,14.215332,0
2020-11-01,RALACBM027NBOG_diff_lag_2,23.405273,0
2020-12-01,RALACBM027NBOG_diff_lag_2,57.71936,0
2021-01-01,RALACBM027NBOG_diff_lag_2,71.385254,0
2021-02-01,RALACBM027NBOG_diff_lag_2,32.816406,0
2021-03-01,RALACBM027NBOG_diff_lag_2,-29.065674,0
2021-04-01,RALACBM027NBOG_diff_lag_2,5.097168,0
2021-05-01,RALACBM027NBOG_diff_lag_2,36.33545,0
2021-06-01,RALACBM027NBOG_diff_lag_2,28.861328,0
2021-07-01,RALACBM027NBOG_diff_lag_2,56.210938,0
2021-08-01,RALACBM027NBOG_diff_lag_2,62.90796,0
2021-09-01,RALACBM027NBOG_diff_lag_2,20.247803,0
2021-10-01,RALACBM027NBOG_diff_lag_2,-16.83667,0
2021-11-01,RALACBM027NBOG_diff_lag_2,-21.534912,0
2021-12-01,RALACBM027NBOG_diff_lag_2,-12.414307,0
2022-01-01,RALACBM027NBOG_diff_lag_2,12.290283,0
2022-02-01,RALACBM027NBOG_diff_lag_2,16.824707,0
2022-03-01,RALACBM027NBOG_diff_lag_2,-16.545166,0
2022-04-01,RALACBM027NBOG_diff_lag_2,-44.7334,0
2022-05-01,RALACBM027NBOG_diff_lag_2,-46.354004,0
2022-06-01,RALACBM027NBOG_diff_lag_2,-20.42871,0
2022-07-01,RALACBM027NBOG_diff_lag_2,11.270264,0
2022-08-01,RALACBM027NBOG_diff_lag_2,34.236572,0
2022-09-01,RALACBM027NBOG_diff_lag_2,0.5546875,0
2000-01-01,SOANDI,0.18,0
2000-02-01,SOANDI,-0.44,0
2000-03-01,SOANDI,0.21,0
2000-04-01,SOANDI,0.16,0
2000-05-01,SOANDI,-0.18,0
2000-06-01,SOANDI,0.14,0
2000-07-01,SOANDI,-0.2,0
2000-08-01,SOANDI,-0.07,0
2000-09-01,SOANDI,0.15,0
2000-10-01,SOANDI,-0.24,0
2000-11-01,SOANDI,-0.17,0
2000-12-01,SOANDI,0.05,0
2001-01-01,SOANDI,-0.29,0
2001-02-01,SOANDI,0.01,0
2001-03-01,SOANDI,-0.26,0
2001-04-01,SOANDI,-0.32,0
2001-05-01,SOANDI,0.12,0
2001-06-01,SOANDI,-0.31,0
2001-07-01,SOANDI,-0.01,0
2001-08-01,SOANDI,0.07,0
2001-09-01,SOANDI,-0.4,0
2001-10-01,SOANDI,0.14,0
2001-11-01,SOANDI,-0.06,0
2001-12-01,SOANDI,0.02,0
2002-01-01,SOANDI,-0.04,0
2002-02-01,SOANDI,0.05,0
2002-03-01,SOANDI,-0.1,0
2002-04-01,SOANDI,0.18,0
2002-05-01,SOANDI,0.08,0
2002-06-01,SOANDI,-0.02,0
2002-07-01,SOANDI,-0.1,0
2002-08-01,SOANDI,0.11,0
2002-09-01,SOANDI,-0.16,0
2002-10-01,SOANDI,-0.13,0
2002-11-01,SOANDI,0.11,0
2002-12-01,SOANDI,-0.25,0
2003-01-01,SOANDI,0.12,0
2003-02-01,SOANDI,-0.14,0
2003-03-01,SOANDI,0.03,0
2003-04-01,SOANDI,-0.17,0
2003-05-01,SOANDI,0.09,0
2003-06-01,SOANDI,0.11,0
2003-07-01,SOANDI,0.09,0
2003-08-01,SOANDI,-0.08,0
2003-09-01,SOANDI,0.13,0
2003-10-01,SOANDI,0.07,0
2003-11-01,SOANDI,0.03,0
2003-12-01,SOANDI,-0.04,0
2004-01-01,SOANDI,-0.07,0
2004-02-01,SOANDI,0.14,0
2004-03-01,SOANDI,0.42,0
2004-04-01,SOANDI,-0.16,0
2004-05-01,SOANDI,0.01,0
2004-06-01,SOANDI,0.06,0
2004-07-01,SOANDI,-0.03,0
2004-08-01,SOANDI,0.14,0
2004-09-01,SOANDI,0.0,0
2004-10-01,SOANDI,0.03,0
2004-11-01,SOANDI,0.07,0
2004-12-01,SOANDI,0.24,0
2005-01-01,SOANDI,0.08,0
2005-02-01,SOANDI,-0.04,0
2005-03-01,SOANDI,-0.18,0
2005-04-01,SOANDI,0.25,0
2005-05-01,SOANDI,-0.03,0
2005-06-01,SOANDI,0.05,0
2005-07-01,SOANDI,-0.11,0
2005-08-01,SOANDI,0.14,0
2005-09-01,SOANDI,-0.03,0
2005-10-01,SOANDI,0.01,0
2005-11-01,SOANDI,0.18,0
2005-12-01,SOANDI,0.08,0
2006-01-01,SOANDI,-0.01,0
2006-02-01,SOANDI,0.06,0
2006-03-01,SOANDI,0.03,0
2006-04-01,SOANDI,-0.23,0
2006-05-01,SOANDI,0.14,0
2006-06-01,SOANDI,-0.08,0
2006-07-01,SOANDI,-0.14,0
2006-08-01,SOANDI,0.08,0
2006-09-01,SOANDI,0.0,0
2006-10-01,SOANDI,-0.1,0
2006-11-01,SOANDI,-0.02,0
2006-12-01,SOANDI,0.26,0
2007-01-01,SOANDI,-0.18,0
2007-02-01,SOANDI,0.08,0
2007-03-01,SOANDI,0.03,0
2007-04-01,SOANDI,-0.03,0
2007-05-01,SOANDI,0.04,0
2007-06-01,SOANDI,-0.01,0
2007-07-01,SOANDI,-0.13,0
2007-08-01,SOANDI,0.18,0
2007-09-01,SOANDI,-0.05,0
2007-10-01,SOANDI,0.08,0
2007-11-01,SOANDI,-0.08,0
2007-12-01,SOANDI,-0.11,0
2008-01-01,SOANDI,0.04,0
2008-02-01,SOANDI,-0.21,0
2008-03-01,SOANDI,-0.27,0
2008-04-01,SOANDI,0.09,0
2008-05-01,SOANDI,-0.21,0
2008-06-01,SOANDI,-0.03,0
2008-07-01,SOANDI,-0.37,0
2008-08-01,SOANDI,-0.22,0
2008-09-01,SOANDI,-0.45,0
2008-10-01,SOANDI,-0.3,0
2008-11-01,SOANDI,-0.63,0
2008-12-01,SOANDI,-0.34,0
2009-01-01,SOANDI,-0.65,0
2009-02-01,SOANDI,0.05,0
2009-03-01,SOANDI,-0.44,0
2009-04-01,SOANDI,-0.24,0
2009-05-01,SOANDI,-0.05,0
2009-06-01,SOANDI,-0.07,0
2009-07-01,SOANDI,0.23,0
2009-08-01,SOANDI,-0.01,0
2009-09-01,SOANDI,0.13,0
2009-10-01,SOANDI,0.09,0
2009-11-01,SOANDI,0.1,0
2009-12-01,SOANDI,0.04,0
2010-01-01,SOANDI,0.06,0
2010-02-01,SOANDI,0.07,0
2010-03-01,SOANDI,0.17,0
2010-04-01,SOANDI,0.13,0
2010-05-01,SOANDI,-0.02,0
2010-06-01,SOANDI,0.12,0
2010-07-01,SOANDI,0.16,0
2010-08-01,SOANDI,0.0,0
2010-09-01,SOANDI,0.0,0
2010-10-01,SOANDI,0.01,0
2010-11-01,SOANDI,0.04,0
2010-12-01,SOANDI,0.03,0
2011-01-01,SOANDI,0.23,0
2011-02-01,SOANDI,-0.28,0
2011-03-01,SOANDI,0.26,0
2011-04-01,SOANDI,-0.12,0
2011-05-01,SOANDI,-0.13,0
2011-06-01,SOANDI,0.1,0
2011-07-01,SOANDI,0.1,0
2011-08-01,SOANDI,0.12,0
2011-09-01,SOANDI,-0.2,0
2011-10-01,SOANDI,0.19,0
2011-11-01,SOANDI,-0.08,0
2011-12-01,SOANDI,0.14,0
2012-01-01,SOANDI,0.06,0
2012-02-01,SOANDI,0.02,0
2012-03-01,SOANDI,-0.08,0
2012-04-01,SOANDI,0.03,0
2012-05-01,SOANDI,0.02,0
2012-06-01,SOANDI,-0.12,0
2012-07-01,SOANDI,0.0,0
2012-08-01,SOANDI,-0.16,0
2012-09-01,SOANDI,0.04,0
2012-10-01,SOANDI,-0.09,0
2012-11-01,SOANDI,0.22,0
2012-12-01,SOANDI,0.0,0
2013-01-01,SOANDI,0.02,0
2013-02-01,SOANDI,0.07,0
2013-03-01,SOANDI,-0.2,0
2013-04-01,SOANDI,-0.02,0
2013-05-01,SOANDI,0.14,0
2013-06-01,SOANDI,-0.05,0
2013-07-01,SOANDI,-0.12,0
2013-08-01,SOANDI,0.07,0
2013-09-01,SOANDI,0.08,0
2013-10-01,SOANDI,0.04,0
2013-11-01,SOANDI,0.21,0
2013-12-01,SOANDI,-0.12,0
2014-01-01,SOANDI,-0.22,0
2014-02-01,SOANDI,0.15,0
2014-03-01,SOANDI,0.07,0
2014-04-01,SOANDI,-0.02,0
2014-05-01,SOANDI,0.04,0
2014-06-01,SOANDI,0.01,0
2014-07-01,SOANDI,0.24,0
2014-08-01,SOANDI,-0.19,0
2014-09-01,SOANDI,-0.01,0
2014-10-01,SOANDI,-0.03,0
2014-11-01,SOANDI,-0.03,0
2014-12-01,SOANDI,0.07,0
2015-01-01,SOANDI,-0.07,0
2015-02-01,SOANDI,-0.12,0
2015-03-01,SOANDI,0.07,0
2015-04-01,SOANDI,0.07,0
2015-05-01,SOANDI,-0.23,0
2015-06-01,SOANDI,0.05,0
2015-07-01,SOANDI,-0.02,0
2015-08-01,SOANDI,-0.06,0
2015-09-01,SOANDI,0.11,0
2015-10-01,SOANDI,-0.07,0
2015-11-01,SOANDI,-0.11,0
2015-12-01,SOANDI,-0.12,0
2016-01-01,SOANDI,-0.04,0
2016-02-01,SOANDI,0.02,0
2016-03-01,SOANDI,-0.01,0
2016-04-01,SOANDI,-0.01,0
2016-05-01,SOANDI,-0.15,0
2016-06-01,SOANDI,0.02,0
2016-07-01,SOANDI,-0.04,0
2016-08-01,SOANDI,0.08,0
2016-09-01,SOANDI,-0.03,0
2016-10-01,SOANDI,0.05,0
2016-11-01,SOANDI,-0.07,0
2016-12-01,SOANDI,0.17,0
2017-01-01,SOANDI,0.03,0
2017-02-01,SOANDI,-0.01,0
2017-03-01,SOANDI,-0.06,0
2017-04-01,SOANDI,-0.09,0
2017-05-01,SOANDI,0.07,0
2017-06-01,SOANDI,0.04,0
2017-07-01,SOANDI,-0.01,0
2017-08-01,SOANDI,0.14,0
2017-09-01,SOANDI,0.07,0
2017-10-01,SOANDI,0.12,0
2017-11-01,SOANDI,0.11,0
2017-12-01,SOANDI,0.13,0
2018-01-01,SOANDI,-0.2,0
2018-02-01,SOANDI,0.11,0
2018-03-01,SOANDI,0.0,0
2018-04-01,SOANDI,-0.02,0
2018-05-01,SOANDI,0.08,0
2018-06-01,SOANDI,-0.01,0
2018-07-01,SOANDI,-0.01,0
2018-08-01,SOANDI,0.12,0
2018-09-01,SOANDI,0.02,0
2018-10-01,SOANDI,-0.1,0
2018-11-01,SOANDI,-0.04,0
2018-12-01,SOANDI,0.03,0
2019-01-01,SOANDI,-0.04,0
2019-02-01,SOANDI,0.0,0
2019-03-01,SOANDI,-0.07,0
2019-04-01,SOANDI,-0.23,0
2019-05-01,SOANDI,0.02,0
2019-06-01,SOANDI,0.06,0
2019-07-01,SOANDI,-0.07,0
2019-08-01,SOANDI,-0.01,0
2019-09-01,SOANDI,-0.08,0
2019-10-01,SOANDI,-0.23,0
2019-11-01,SOANDI,-0.04,0
2019-12-01,SOANDI,-0.13,0
2020-01-01,SOANDI,-0.07,0
2020-02-01,SOANDI,0.09,0
2020-03-01,SOANDI,-0.79,0
2020-04-01,SOANDI,-2.36,0
2020-05-01,SOANDI,0.8,0
2020-06-01,SOANDI,1.42,0
2020-07-01,SOANDI,0.54,0
2020-08-01,SOANDI,0.08,0
2020-09-01,SOANDI,0.04,0
2020-10-01,SOANDI,0.14,0
2020-11-01,SOANDI,0.0,0
2020-12-01,SOANDI,0.12,0
2021-01-01,SOANDI,0.29,0
2021-02-01,SOANDI,-0.42,0
2021-03-01,SOANDI,0.24,0
2021-04-01,SOANDI,-0.09,0
2021-05-01,SOANDI,-0.16,0
2021-06-01,SOANDI,0.11,0
2021-07-01,SOANDI,0.15,0
2021-08-01,SOANDI,-0.05,0
2021-09-01,SOANDI,0.05,0
2021-10-01,SOANDI,0.05,0
2021-11-01,SOANDI,0.05,0
2021-12-01,SOANDI,0.04,0
2022-01-01,SOANDI,0.2,0
2022-02-01,SOANDI,-0.16,0
2022-03-01,SOANDI,-0.14,0
2022-04-01,SOANDI,-0.1,0
2022-05-01,SOANDI,-0.09,0
2022-06-01,SOANDI,-0.06,0
2022-07-01,SOANDI,0.04,0
2022-08-01,SOANDI,0.22,0
2022-09-01,SOANDI,0.07,0
2000-01-01,SOANDI_diff_lag_1,0.13000001,0
2000-02-01,SOANDI_diff_lag_1,-0.62,0
2000-03-01,SOANDI_diff_lag_1,0.65,0
2000-04-01,SOANDI_diff_lag_1,-0.049999997,0
2000-05-01,SOANDI_diff_lag_1,-0.34,0
2000-06-01,SOANDI_diff_lag_1,0.32,0
2000-07-01,SOANDI_diff_lag_1,-0.34,0
2000-08-01,SOANDI_diff_lag_1,0.13,0
2000-09-01,SOANDI_diff_lag_1,0.22,0
2000-10-01,SOANDI_diff_lag_1,-0.39,0
2000-11-01,SOANDI_diff_lag_1,0.06999999,0
2000-12-01,SOANDI_diff_lag_1,0.22,0
2001-01-01,SOANDI_diff_lag_1,-0.34,0
2001-02-01,SOANDI_diff_lag_1,0.29999998,0
2001-03-01,SOANDI_diff_lag_1,-0.26999998,0
2001-04-01,SOANDI_diff_lag_1,-0.060000002,0
2001-05-01,SOANDI_diff_lag_1,0.44,0
2001-06-01,SOANDI_diff_lag_1,-0.43,0
2001-07-01,SOANDI_diff_lag_1,0.3,0
2001-08-01,SOANDI_diff_lag_1,0.08,0
2001-09-01,SOANDI_diff_lag_1,-0.47,0
2001-10-01,SOANDI_diff_lag_1,0.54,0
2001-11-01,SOANDI_diff_lag_1,-0.2,0
2001-12-01,SOANDI_diff_lag_1,0.08,0
2002-01-01,SOANDI_diff_lag_1,-0.06,0
2002-02-01,SOANDI_diff_lag_1,0.09,0
2002-03-01,SOANDI_diff_lag_1,-0.15,0
2002-04-01,SOANDI_diff_lag_1,0.28,0
2002-05-01,SOANDI_diff_lag_1,-0.10000001,0
2002-06-01,SOANDI_diff_lag_1,-0.099999994,0
2002-07-01,SOANDI_diff_lag_1,-0.08,0
2002-08-01,SOANDI_diff_lag_1,0.21000001,0
2002-09-01,SOANDI_diff_lag_1,-0.26999998,0
2002-10-01,SOANDI_diff_lag_1,0.030000001,0
2002-11-01,SOANDI_diff_lag_1,0.24,0
2002-12-01,SOANDI_diff_lag_1,-0.36,0
2003-01-01,SOANDI_diff_lag_1,0.37,0
2003-02-01,SOANDI_diff_lag_1,-0.26,0
2003-03-01,SOANDI_diff_lag_1,0.17,0
2003-04-01,SOANDI_diff_lag_1,-0.2,0
2003-05-01,SOANDI_diff_lag_1,0.26,0
2003-06-01,SOANDI_diff_lag_1,0.019999996,0
2003-07-01,SOANDI_diff_lag_1,-0.019999996,0
2003-08-01,SOANDI_diff_lag_1,-0.17,0
2003-09-01,SOANDI_diff_lag_1,0.21,0
2003-10-01,SOANDI_diff_lag_1,-0.059999995,0
2003-11-01,SOANDI_diff_lag_1,-0.04,0
2003-12-01,SOANDI_diff_lag_1,-0.07,0
2004-01-01,SOANDI_diff_lag_1,-0.030000001,0
2004-02-01,SOANDI_diff_lag_1,0.21000001,0
2004-03-01,SOANDI_diff_lag_1,0.27999997,0
2004-04-01,SOANDI_diff_lag_1,-0.58,0
2004-05-01,SOANDI_diff_lag_1,0.17,0
2004-06-01,SOANDI_diff_lag_1,0.049999997,0
2004-07-01,SOANDI_diff_lag_1,-0.089999996,0
2004-08-01,SOANDI_diff_lag_1,0.17,0
2004-09-01,SOANDI_diff_lag_1,-0.14,0
2004-10-01,SOANDI_diff_lag_1,0.03,0
2004-11-01,SOANDI_diff_lag_1,0.04,0
2004-12-01,SOANDI_diff_lag_1,0.16999999,0
2005-01-01,SOANDI_diff_lag_1,-0.16,0
2005-02-01,SOANDI_diff_lag_1,-0.12,0
2005-03-01,SOANDI_diff_lag_1,-0.14000002,0
2005-04-01,SOANDI_diff_lag_1,0.43,0
2005-05-01,SOANDI_diff_lag_1,-0.28,0
2005-06-01,SOANDI_diff_lag_1,0.08,0
2005-07-01,SOANDI_diff_lag_1,-0.16,0
2005-08-01,SOANDI_diff_lag_1,0.25,0
2005-09-01,SOANDI_diff_lag_1,-0.17,0
2005-10-01,SOANDI_diff_lag_1,0.04,0
2005-11-01,SOANDI_diff_lag_1,0.17,0
2005-12-01,SOANDI_diff_lag_1,-0.10000001,0
2006-01-01,SOANDI_diff_lag_1,-0.089999996,0
2006-02-01,SOANDI_diff_lag_1,0.07,0
2006-03-01,SOANDI_diff_lag_1,-0.03,0
2006-04-01,SOANDI_diff_lag_1,-0.26,0
2006-05-01,SOANDI_diff_lag_1,0.37,0
2006-06-01,SOANDI_diff_lag_1,-0.22,0
2006-07-01,SOANDI_diff_lag_1,-0.060000002,0
2006-08-01,SOANDI_diff_lag_1,0.22,0
2006-09-01,SOANDI_diff_lag_1,-0.08,0
2006-10-01,SOANDI_diff_lag_1,-0.1,0
2006-11-01,SOANDI_diff_lag_1,0.08,0
2006-12-01,SOANDI_diff_lag_1,0.28,0
2007-01-01,SOANDI_diff_lag_1,-0.44,0
2007-02-01,SOANDI_diff_lag_1,0.26,0
2007-03-01,SOANDI_diff_lag_1,-0.049999997,0
2007-04-01,SOANDI_diff_lag_1,-0.06,0
2007-05-01,SOANDI_diff_lag_1,0.07,0
2007-06-01,SOANDI_diff_lag_1,-0.049999997,0
2007-07-01,SOANDI_diff_lag_1,-0.12,0
2007-08-01,SOANDI_diff_lag_1,0.31,0
2007-09-01,SOANDI_diff_lag_1,-0.23,0
2007-10-01,SOANDI_diff_lag_1,0.13,0
2007-11-01,SOANDI_diff_lag_1,-0.16,0
2007-12-01,SOANDI_diff_lag_1,-0.030000001,0
2008-01-01,SOANDI_diff_lag_1,0.15,0
2008-02-01,SOANDI_diff_lag_1,-0.25,0
2008-03-01,SOANDI_diff_lag_1,-0.060000017,0
2008-04-01,SOANDI_diff_lag_1,0.36,0
2008-05-01,SOANDI_diff_lag_1,-0.3,0
2008-06-01,SOANDI_diff_lag_1,0.17999999,0
2008-07-01,SOANDI_diff_lag_1,-0.34,0
2008-08-01,SOANDI_diff_lag_1,0.15,0
2008-09-01,SOANDI_diff_lag_1,-0.22999999,0
2008-10-01,SOANDI_diff_lag_1,0.14999998,0
2008-11-01,SOANDI_diff_lag_1,-0.32999998,0
2008-12-01,SOANDI_diff_lag_1,0.29,0
2009-01-01,SOANDI_diff_lag_1,-0.30999997,0
2009-02-01,SOANDI_diff_lag_1,0.7,0
2009-03-01,SOANDI_diff_lag_1,-0.49,0
2009-04-01,SOANDI_diff_lag_1,0.2,0
2009-05-01,SOANDI_diff_lag_1,0.19,0
2009-06-01,SOANDI_diff_lag_1,-0.02,0
2009-07-01,SOANDI_diff_lag_1,0.3,0
2009-08-01,SOANDI_diff_lag_1,-0.24000001,0
2009-09-01,SOANDI_diff_lag_1,0.14,0
2009-10-01,SOANDI_diff_lag_1,-0.03999999,0
2009-11-01,SOANDI_diff_lag_1,0.009999998,0
2009-12-01,SOANDI_diff_lag_1,-0.060000002,0
2010-01-01,SOANDI_diff_lag_1,0.02,0
2010-02-01,SOANDI_diff_lag_1,0.010000002,0
2010-03-01,SOANDI_diff_lag_1,0.1,0
2010-04-01,SOANDI_diff_lag_1,-0.040000007,0
2010-05-01,SOANDI_diff_lag_1,-0.14999999,0
2010-06-01,SOANDI_diff_lag_1,0.14,0
2010-07-01,SOANDI_diff_lag_1,0.04,0
2010-08-01,SOANDI_diff_lag_1,-0.16,0
2010-09-01,SOANDI_diff_lag_1,0.0,0
2010-10-01,SOANDI_diff_lag_1,0.01,0
2010-11-01,SOANDI_diff_lag_1,0.03,0
2010-12-01,SOANDI_diff_lag_1,-0.01,0
2011-01-01,SOANDI_diff_lag_1,0.2,0
2011-02-01,SOANDI_diff_lag_1,-0.51,0
2011-03-01,SOANDI_diff_lag_1,0.53999996,0
2011-04-01,SOANDI_diff_lag_1,-0.38,0
2011-05-01,SOANDI_diff_lag_1,-0.009999998,0
2011-06-01,SOANDI_diff_lag_1,0.22999999,0
2011-07-01,SOANDI_diff_lag_1,0.0,0
2011-08-01,SOANDI_diff_lag_1,0.019999996,0
2011-09-01,SOANDI_diff_lag_1,-0.32,0
2011-10-01,SOANDI_diff_lag_1,0.39,0
2011-11-01,SOANDI_diff_lag_1,-0.26999998,0
2011-12-01,SOANDI_diff_lag_1,0.22,0
2012-01-01,SOANDI_diff_lag_1,-0.08,0
2012-02-01,SOANDI_diff_lag_1,-0.04,0
2012-03-01,SOANDI_diff_lag_1,-0.099999994,0
2012-04-01,SOANDI_diff_lag_1,0.11,0
2012-05-01,SOANDI_diff_lag_1,-0.01,0
2012-06-01,SOANDI_diff_lag_1,-0.14,0
2012-07-01,SOANDI_diff_lag_1,0.12,0
2012-08-01,SOANDI_diff_lag_1,-0.16,0
2012-09-01,SOANDI_diff_lag_1,0.19999999,0
2012-10-01,SOANDI_diff_lag_1,-0.13,0
2012-11-01,SOANDI_diff_lag_1,0.31,0
2012-12-01,SOANDI_diff_lag_1,-0.22,0
2013-01-01,SOANDI_diff_lag_1,0.02,0
2013-02-01,SOANDI_diff_lag_1,0.05,0
2013-03-01,SOANDI_diff_lag_1,-0.27,0
2013-04-01,SOANDI_diff_lag_1,0.18,0
2013-05-01,SOANDI_diff_lag_1,0.16,0
2013-06-01,SOANDI_diff_lag_1,-0.19,0
2013-07-01,SOANDI_diff_lag_1,-0.06999999,0
2013-08-01,SOANDI_diff_lag_1,0.19,0
2013-09-01,SOANDI_diff_lag_1,0.009999998,0
2013-10-01,SOANDI_diff_lag_1,-0.04,0
2013-11-01,SOANDI_diff_lag_1,0.16999999,0
2013-12-01,SOANDI_diff_lag_1,-0.32999998,0
2014-01-01,SOANDI_diff_lag_1,-0.1,0
2014-02-01,SOANDI_diff_lag_1,0.37,0
2014-03-01,SOANDI_diff_lag_1,-0.080000006,0
2014-04-01,SOANDI_diff_lag_1,-0.09,0
2014-05-01,SOANDI_diff_lag_1,0.06,0
2014-06-01,SOANDI_diff_lag_1,-0.03,0
2014-07-01,SOANDI_diff_lag_1,0.22999999,0
2014-08-01,SOANDI_diff_lag_1,-0.43,0
2014-09-01,SOANDI_diff_lag_1,0.17999999,0
2014-10-01,SOANDI_diff_lag_1,-0.02,0
2014-11-01,SOANDI_diff_lag_1,0.0,0
2014-12-01,SOANDI_diff_lag_1,0.1,0
2015-01-01,SOANDI_diff_lag_1,-0.14,0
2015-02-01,SOANDI_diff_lag_1,-0.049999997,0
2015-03-01,SOANDI_diff_lag_1,0.19,0
2015-04-01,SOANDI_diff_lag_1,0.0,0
2015-05-01,SOANDI_diff_lag_1,-0.3,0
2015-06-01,SOANDI_diff_lag_1,0.28,0
2015-07-01,SOANDI_diff_lag_1,-0.07,0
2015-08-01,SOANDI_diff_lag_1,-0.04,0
2015-09-01,SOANDI_diff_lag_1,0.17,0
2015-10-01,SOANDI_diff_lag_1,-0.18,0
2015-11-01,SOANDI_diff_lag_1,-0.04,0
2015-12-01,SOANDI_diff_lag_1,-0.009999998,0
2016-01-01,SOANDI_diff_lag_1,0.08,0
2016-02-01,SOANDI_diff_lag_1,0.06,0
2016-03-01,SOANDI_diff_lag_1,-0.03,0
2016-04-01,SOANDI_diff_lag_1,0.0,0
2016-05-01,SOANDI_diff_lag_1,-0.14,0
2016-06-01,SOANDI_diff_lag_1,0.17,0
2016-07-01,SOANDI_diff_lag_1,-0.06,0
2016-08-01,SOANDI_diff_lag_1,0.12,0
2016-09-01,SOANDI_diff_lag_1,-0.11,0
2016-10-01,SOANDI_diff_lag_1,0.08,0
2016-11-01,SOANDI_diff_lag_1,-0.120000005,0
2016-12-01,SOANDI_diff_lag_1,0.24000001,0
2017-01-01,SOANDI_diff_lag_1,-0.14,0
2017-02-01,SOANDI_diff_lag_1,-0.04,0
2017-03-01,SOANDI_diff_lag_1,-0.049999997,0
2017-04-01,SOANDI_diff_lag_1,-0.030000005,0
2017-05-01,SOANDI_diff_lag_1,0.16,0
2017-06-01,SOANDI_diff_lag_1,-0.030000001,0
2017-07-01,SOANDI_diff_lag_1,-0.049999997,0
2017-08-01,SOANDI_diff_lag_1,0.15,0
2017-09-01,SOANDI_diff_lag_1,-0.07,0
2017-10-01,SOANDI_diff_lag_1,0.049999997,0
2017-11-01,SOANDI_diff_lag_1,-0.009999998,0
2017-12-01,SOANDI_diff_lag_1,0.019999996,0
2018-01-01,SOANDI_diff_lag_1,-0.32999998,0
2018-02-01,SOANDI_diff_lag_1,0.31,0
2018-03-01,SOANDI_diff_lag_1,-0.11,0
2018-04-01,SOANDI_diff_lag_1,-0.02,0
2018-05-01,SOANDI_diff_lag_1,0.099999994,0
2018-06-01,SOANDI_diff_lag_1,-0.089999996,0
2018-07-01,SOANDI_diff_lag_1,0.0,0
2018-08-01,SOANDI_diff_lag_1,0.13,0
2018-09-01,SOANDI_diff_lag_1,-0.099999994,0
2018-10-01,SOANDI_diff_lag_1,-0.120000005,0
2018-11-01,SOANDI_diff_lag_1,0.060000002,0
2018-12-01,SOANDI_diff_lag_1,0.07,0
2019-01-01,SOANDI_diff_lag_1,-0.07,0
2019-02-01,SOANDI_diff_lag_1,0.04,0
2019-03-01,SOANDI_diff_lag_1,-0.07,0
2019-04-01,SOANDI_diff_lag_1,-0.16,0
2019-05-01,SOANDI_diff_lag_1,0.25,0
2019-06-01,SOANDI_diff_lag_1,0.04,0
2019-07-01,SOANDI_diff_lag_1,-0.13,0
2019-08-01,SOANDI_diff_lag_1,0.060000002,0
2019-09-01,SOANDI_diff_lag_1,-0.07,0
2019-10-01,SOANDI_diff_lag_1,-0.15,0
2019-11-01,SOANDI_diff_lag_1,0.19,0
2019-12-01,SOANDI_diff_lag_1,-0.089999996,0
2020-01-01,SOANDI_diff_lag_1,0.059999995,0
2020-02-01,SOANDI_diff_lag_1,0.16,0
2020-03-01,SOANDI_diff_lag_1,-0.88,0
2020-04-01,SOANDI_diff_lag_1,-1.5699999,0
2020-05-01,SOANDI_diff_lag_1,3.1599998,0
2020-06-01,SOANDI_diff_lag_1,0.61999995,0
2020-07-01,SOANDI_diff_lag_1,-0.87999994,0
2020-08-01,SOANDI_diff_lag_1,-0.46000004,0
2020-09-01,SOANDI_diff_lag_1,-0.04,0
2020-10-01,SOANDI_diff_lag_1,0.1,0
2020-11-01,SOANDI_diff_lag_1,-0.14,0
2020-12-01,SOANDI_diff_lag_1,0.12,0
2021-01-01,SOANDI_diff_lag_1,0.16999999,0
2021-02-01,SOANDI_diff_lag_1,-0.71,0
2021-03-01,SOANDI_diff_lag_1,0.65999997,0
2021-04-01,SOANDI_diff_lag_1,-0.32999998,0
2021-05-01,SOANDI_diff_lag_1,-0.06999999,0
2021-06-01,SOANDI_diff_lag_1,0.26999998,0
2021-07-01,SOANDI_diff_lag_1,0.040000007,0
2021-08-01,SOANDI_diff_lag_1,-0.2,0
2021-09-01,SOANDI_diff_lag_1,0.1,0
2021-10-01,SOANDI_diff_lag_1,0.0,0
2021-11-01,SOANDI_diff_lag_1,0.0,0
2021-12-01,SOANDI_diff_lag_1,-0.010000002,0
2022-01-01,SOANDI_diff_lag_1,0.16,0
2022-02-01,SOANDI_diff_lag_1,-0.36,0
2022-03-01,SOANDI_diff_lag_1,0.019999996,0
2022-04-01,SOANDI_diff_lag_1,0.04,0
2022-05-01,SOANDI_diff_lag_1,0.009999998,0
2022-06-01,SOANDI_diff_lag_1,0.030000005,0
2022-07-01,SOANDI_diff_lag_1,0.099999994,0
2022-08-01,SOANDI_diff_lag_1,0.18,0
2022-09-01,SOANDI_diff_lag_1,-0.15,0
2000-01-01,SOANDI_diff_lag_2,0.17,0
2000-02-01,SOANDI_diff_lag_2,-0.49,0
2000-03-01,SOANDI_diff_lag_2,0.029999986,0
2000-04-01,SOANDI_diff_lag_2,0.6,0
2000-05-01,SOANDI_diff_lag_2,-0.39,0
2000-06-01,SOANDI_diff_lag_2,-0.019999996,0
2000-07-01,SOANDI_diff_lag_2,-0.019999996,0
2000-08-01,SOANDI_diff_lag_2,-0.21000001,0
2000-09-01,SOANDI_diff_lag_2,0.35000002,0
2000-10-01,SOANDI_diff_lag_2,-0.16999999,0
2000-11-01,SOANDI_diff_lag_2,-0.32,0
2000-12-01,SOANDI_diff_lag_2,0.29,0
2001-01-01,SOANDI_diff_lag_2,-0.11999999,0
2001-02-01,SOANDI_diff_lag_2,-0.04,0
2001-03-01,SOANDI_diff_lag_2,0.030000001,0
2001-04-01,SOANDI_diff_lag_2,-0.32999998,0
2001-05-01,SOANDI_diff_lag_2,0.38,0
2001-06-01,SOANDI_diff_lag_2,0.00999999,0
2001-07-01,SOANDI_diff_lag_2,-0.13,0
2001-08-01,SOANDI_diff_lag_2,0.38,0
2001-09-01,SOANDI_diff_lag_2,-0.39000002,0
2001-10-01,SOANDI_diff_lag_2,0.07,0
2001-11-01,SOANDI_diff_lag_2,0.34,0
2001-12-01,SOANDI_diff_lag_2,-0.120000005,0
2002-01-01,SOANDI_diff_lag_2,0.02,0
2002-02-01,SOANDI_diff_lag_2,0.030000001,0
2002-03-01,SOANDI_diff_lag_2,-0.060000002,0
2002-04-01,SOANDI_diff_lag_2,0.13000001,0
2002-05-01,SOANDI_diff_lag_2,0.18,0
2002-06-01,SOANDI_diff_lag_2,-0.2,0
2002-07-01,SOANDI_diff_lag_2,-0.18,0
2002-08-01,SOANDI_diff_lag_2,0.13,0
2002-09-01,SOANDI_diff_lag_2,-0.059999995,0
2002-10-01,SOANDI_diff_lag_2,-0.24,0
2002-11-01,SOANDI_diff_lag_2,0.26999998,0
2002-12-01,SOANDI_diff_lag_2,-0.120000005,0
2003-01-01,SOANDI_diff_lag_2,0.009999998,0
2003-02-01,SOANDI_diff_lag_2,0.11,0
2003-03-01,SOANDI_diff_lag_2,-0.089999996,0
2003-04-01,SOANDI_diff_lag_2,-0.030000001,0
2003-05-01,SOANDI_diff_lag_2,0.060000002,0
2003-06-01,SOANDI_diff_lag_2,0.28,0
2003-07-01,SOANDI_diff_lag_2,0.0,0
2003-08-01,SOANDI_diff_lag_2,-0.19,0
2003-09-01,SOANDI_diff_lag_2,0.03999999,0
2003-10-01,SOANDI_diff_lag_2,0.15,0
2003-11-01,SOANDI_diff_lag_2,-0.099999994,0
2003-12-01,SOANDI_diff_lag_2,-0.11,0
2004-01-01,SOANDI_diff_lag_2,-0.1,0
2004-02-01,SOANDI_diff_lag_2,0.18,0
2004-03-01,SOANDI_diff_lag_2,0.48999998,0
2004-04-01,SOANDI_diff_lag_2,-0.3,0
2004-05-01,SOANDI_diff_lag_2,-0.41,0
2004-06-01,SOANDI_diff_lag_2,0.22,0
2004-07-01,SOANDI_diff_lag_2,-0.04,0
2004-08-01,SOANDI_diff_lag_2,0.08,0
2004-09-01,SOANDI_diff_lag_2,0.03,0
2004-10-01,SOANDI_diff_lag_2,-0.11,0
2004-11-01,SOANDI_diff_lag_2,0.07,0
2004-12-01,SOANDI_diff_lag_2,0.21,0
2005-01-01,SOANDI_diff_lag_2,0.009999998,0
2005-02-01,SOANDI_diff_lag_2,-0.28,0
2005-03-01,SOANDI_diff_lag_2,-0.26,0
2005-04-01,SOANDI_diff_lag_2,0.29,0
2005-05-01,SOANDI_diff_lag_2,0.15,0
2005-06-01,SOANDI_diff_lag_2,-0.2,0
2005-07-01,SOANDI_diff_lag_2,-0.08,0
2005-08-01,SOANDI_diff_lag_2,0.09,0
2005-09-01,SOANDI_diff_lag_2,0.08,0
2005-10-01,SOANDI_diff_lag_2,-0.13,0
2005-11-01,SOANDI_diff_lag_2,0.21000001,0
2005-12-01,SOANDI_diff_lag_2,0.07,0
2006-01-01,SOANDI_diff_lag_2,-0.19000001,0
2006-02-01,SOANDI_diff_lag_2,-0.02,0
2006-03-01,SOANDI_diff_lag_2,0.04,0
2006-04-01,SOANDI_diff_lag_2,-0.29,0
2006-05-01,SOANDI_diff_lag_2,0.11,0
2006-06-01,SOANDI_diff_lag_2,0.15,0
2006-07-01,SOANDI_diff_lag_2,-0.28,0
2006-08-01,SOANDI_diff_lag_2,0.16,0
2006-09-01,SOANDI_diff_lag_2,0.14,0
2006-10-01,SOANDI_diff_lag_2,-0.18,0
2006-11-01,SOANDI_diff_lag_2,-0.02,0
2006-12-01,SOANDI_diff_lag_2,0.35999998,0
2007-01-01,SOANDI_diff_lag_2,-0.16000001,0
2007-02-01,SOANDI_diff_lag_2,-0.17999999,0
2007-03-01,SOANDI_diff_lag_2,0.21000001,0
2007-04-01,SOANDI_diff_lag_2,-0.11,0
2007-05-01,SOANDI_diff_lag_2,0.01,0
2007-06-01,SOANDI_diff_lag_2,0.02,0
2007-07-01,SOANDI_diff_lag_2,-0.16999999,0
2007-08-01,SOANDI_diff_lag_2,0.19000001,0
2007-09-01,SOANDI_diff_lag_2,0.08,0
2007-10-01,SOANDI_diff_lag_2,-0.10000001,0
2007-11-01,SOANDI_diff_lag_2,-0.029999997,0
2007-12-01,SOANDI_diff_lag_2,-0.19,0
2008-01-01,SOANDI_diff_lag_2,0.12,0
2008-02-01,SOANDI_diff_lag_2,-0.099999994,0
2008-03-01,SOANDI_diff_lag_2,-0.31,0
2008-04-01,SOANDI_diff_lag_2,0.3,0
2008-05-01,SOANDI_diff_lag_2,0.060000017,0
2008-06-01,SOANDI_diff_lag_2,-0.120000005,0
2008-07-01,SOANDI_diff_lag_2,-0.16000001,0
2008-08-01,SOANDI_diff_lag_2,-0.19,0
2008-09-01,SOANDI_diff_lag_2,-0.07999998,0
2008-10-01,SOANDI_diff_lag_2,-0.08000001,0
2008-11-01,SOANDI_diff_lag_2,-0.18,0
2008-12-01,SOANDI_diff_lag_2,-0.03999999,0
2009-01-01,SOANDI_diff_lag_2,-0.01999998,0
2009-02-01,SOANDI_diff_lag_2,0.39000002,0
2009-03-01,SOANDI_diff_lag_2,0.20999998,0
2009-04-01,SOANDI_diff_lag_2,-0.29,0
2009-05-01,SOANDI_diff_lag_2,0.39,0
2009-06-01,SOANDI_diff_lag_2,0.16999999,0
2009-07-01,SOANDI_diff_lag_2,0.28,0
2009-08-01,SOANDI_diff_lag_2,0.060000002,0
2009-09-01,SOANDI_diff_lag_2,-0.10000001,0
2009-10-01,SOANDI_diff_lag_2,0.1,0
2009-11-01,SOANDI_diff_lag_2,-0.029999994,0
2009-12-01,SOANDI_diff_lag_2,-0.050000004,0
2010-01-01,SOANDI_diff_lag_2,-0.040000003,0
2010-02-01,SOANDI_diff_lag_2,0.030000001,0
2010-03-01,SOANDI_diff_lag_2,0.11,0
2010-04-01,SOANDI_diff_lag_2,0.059999995,0
2010-05-01,SOANDI_diff_lag_2,-0.19,0
2010-06-01,SOANDI_diff_lag_2,-0.009999998,0
2010-07-01,SOANDI_diff_lag_2,0.17999999,0
2010-08-01,SOANDI_diff_lag_2,-0.12,0
2010-09-01,SOANDI_diff_lag_2,-0.16,0
2010-10-01,SOANDI_diff_lag_2,0.01,0
2010-11-01,SOANDI_diff_lag_2,0.04,0
2010-12-01,SOANDI_diff_lag_2,0.02,0
2011-01-01,SOANDI_diff_lag_2,0.19,0
2011-02-01,SOANDI_diff_lag_2,-0.31,0
2011-03-01,SOANDI_diff_lag_2,0.029999986,0
2011-04-01,SOANDI_diff_lag_2,0.16,0
2011-05-01,SOANDI_diff_lag_2,-0.39,0
2011-06-01,SOANDI_diff_lag_2,0.22,0
2011-07-01,SOANDI_diff_lag_2,0.22999999,0
2011-08-01,SOANDI_diff_lag_2,0.019999996,0
2011-09-01,SOANDI_diff_lag_2,-0.3,0
2011-10-01,SOANDI_diff_lag_2,0.07,0
2011-11-01,SOANDI_diff_lag_2,0.120000005,0
2011-12-01,SOANDI_diff_lag_2,-0.049999997,0
2012-01-01,SOANDI_diff_lag_2,0.14,0
2012-02-01,SOANDI_diff_lag_2,-0.120000005,0
2012-03-01,SOANDI_diff_lag_2,-0.14,0
2012-04-01,SOANDI_diff_lag_2,0.01,0
2012-05-01,SOANDI_diff_lag_2,0.099999994,0
2012-06-01,SOANDI_diff_lag_2,-0.14999999,0
2012-07-01,SOANDI_diff_lag_2,-0.02,0
2012-08-01,SOANDI_diff_lag_2,-0.04,0
2012-09-01,SOANDI_diff_lag_2,0.04,0
2012-10-01,SOANDI_diff_lag_2,0.06999999,0
2012-11-01,SOANDI_diff_lag_2,0.18,0
2012-12-01,SOANDI_diff_lag_2,0.09,0
2013-01-01,SOANDI_diff_lag_2,-0.2,0
2013-02-01,SOANDI_diff_lag_2,0.07,0
2013-03-01,SOANDI_diff_lag_2,-0.22,0
2013-04-01,SOANDI_diff_lag_2,-0.09,0
2013-05-01,SOANDI_diff_lag_2,0.34,0
2013-06-01,SOANDI_diff_lag_2,-0.030000001,0
2013-07-01,SOANDI_diff_lag_2,-0.26,0
2013-08-01,SOANDI_diff_lag_2,0.120000005,0
2013-09-01,SOANDI_diff_lag_2,0.19999999,0
2013-10-01,SOANDI_diff_lag_2,-0.030000001,0
2013-11-01,SOANDI_diff_lag_2,0.13,0
2013-12-01,SOANDI_diff_lag_2,-0.16,0
2014-01-01,SOANDI_diff_lag_2,-0.43,0
2014-02-01,SOANDI_diff_lag_2,0.27,0
2014-03-01,SOANDI_diff_lag_2,0.29,0
2014-04-01,SOANDI_diff_lag_2,-0.17,0
2014-05-01,SOANDI_diff_lag_2,-0.030000001,0
2014-06-01,SOANDI_diff_lag_2,0.03,0
2014-07-01,SOANDI_diff_lag_2,0.19999999,0
2014-08-01,SOANDI_diff_lag_2,-0.2,0
2014-09-01,SOANDI_diff_lag_2,-0.25,0
2014-10-01,SOANDI_diff_lag_2,0.16,0
2014-11-01,SOANDI_diff_lag_2,-0.02,0
2014-12-01,SOANDI_diff_lag_2,0.1,0
2015-01-01,SOANDI_diff_lag_2,-0.04,0
2015-02-01,SOANDI_diff_lag_2,-0.19,0
2015-03-01,SOANDI_diff_lag_2,0.14,0
2015-04-01,SOANDI_diff_lag_2,0.19,0
2015-05-01,SOANDI_diff_lag_2,-0.3,0
2015-06-01,SOANDI_diff_lag_2,-0.02,0
2015-07-01,SOANDI_diff_lag_2,0.21000001,0
2015-08-01,SOANDI_diff_lag_2,-0.11,0
2015-09-01,SOANDI_diff_lag_2,0.13,0
2015-10-01,SOANDI_diff_lag_2,-0.010000002,0
2015-11-01,SOANDI_diff_lag_2,-0.22,0
2015-12-01,SOANDI_diff_lag_2,-0.049999997,0
2016-01-01,SOANDI_diff_lag_2,0.07,0
2016-02-01,SOANDI_diff_lag_2,0.14,0
2016-03-01,SOANDI_diff_lag_2,0.03,0
2016-04-01,SOANDI_diff_lag_2,-0.03,0
2016-05-01,SOANDI_diff_lag_2,-0.14,0
2016-06-01,SOANDI_diff_lag_2,0.03,0
2016-07-01,SOANDI_diff_lag_2,0.11000001,0
2016-08-01,SOANDI_diff_lag_2,0.06,0
2016-09-01,SOANDI_diff_lag_2,0.01,0
2016-10-01,SOANDI_diff_lag_2,-0.029999997,0
2016-11-01,SOANDI_diff_lag_2,-0.04,0
2016-12-01,SOANDI_diff_lag_2,0.120000005,0
2017-01-01,SOANDI_diff_lag_2,0.1,0
2017-02-01,SOANDI_diff_lag_2,-0.18,0
2017-03-01,SOANDI_diff_lag_2,-0.089999996,0
2017-04-01,SOANDI_diff_lag_2,-0.080000006,0
2017-05-01,SOANDI_diff_lag_2,0.13,0
2017-06-01,SOANDI_diff_lag_2,0.13,0
2017-07-01,SOANDI_diff_lag_2,-0.08,0
2017-08-01,SOANDI_diff_lag_2,0.1,0
2017-09-01,SOANDI_diff_lag_2,0.08,0
2017-10-01,SOANDI_diff_lag_2,-0.020000003,0
2017-11-01,SOANDI_diff_lag_2,0.04,0
2017-12-01,SOANDI_diff_lag_2,0.009999998,0
2018-01-01,SOANDI_diff_lag_2,-0.31,0
2018-02-01,SOANDI_diff_lag_2,-0.019999996,0
2018-03-01,SOANDI_diff_lag_2,0.2,0
2018-04-01,SOANDI_diff_lag_2,-0.13,0
2018-05-01,SOANDI_diff_lag_2,0.08,0
2018-06-01,SOANDI_diff_lag_2,0.01,0
2018-07-01,SOANDI_diff_lag_2,-0.089999996,0
2018-08-01,SOANDI_diff_lag_2,0.13,0
2018-09-01,SOANDI_diff_lag_2,0.03,0
2018-10-01,SOANDI_diff_lag_2,-0.22,0
2018-11-01,SOANDI_diff_lag_2,-0.06,0
2018-12-01,SOANDI_diff_lag_2,0.13,0
2019-01-01,SOANDI_diff_lag_2,0.0,0
2019-02-01,SOANDI_diff_lag_2,-0.03,0
2019-03-01,SOANDI_diff_lag_2,-0.030000001,0
2019-04-01,SOANDI_diff_lag_2,-0.23,0
2019-05-01,SOANDI_diff_lag_2,0.09,0
2019-06-01,SOANDI_diff_lag_2,0.29,0
2019-07-01,SOANDI_diff_lag_2,-0.09,0
2019-08-01,SOANDI_diff_lag_2,-0.07,0
2019-09-01,SOANDI_diff_lag_2,-0.009999998,0
2019-10-01,SOANDI_diff_lag_2,-0.22,0
2019-11-01,SOANDI_diff_lag_2,0.04,0
2019-12-01,SOANDI_diff_lag_2,0.10000001,0
2020-01-01,SOANDI_diff_lag_2,-0.030000001,0
2020-02-01,SOANDI_diff_lag_2,0.22,0
2020-03-01,SOANDI_diff_lag_2,-0.72,0
2020-04-01,SOANDI_diff_lag_2,-2.4499998,0
2020-05-01,SOANDI_diff_lag_2,1.59,0
2020-06-01,SOANDI_diff_lag_2,3.7799997,0
2020-07-01,SOANDI_diff_lag_2,-0.26,0
2020-08-01,SOANDI_diff_lag_2,-1.3399999,0
2020-09-01,SOANDI_diff_lag_2,-0.5,0
2020-10-01,SOANDI_diff_lag_2,0.060000002,0
2020-11-01,SOANDI_diff_lag_2,-0.04,0
2020-12-01,SOANDI_diff_lag_2,-0.020000003,0
2021-01-01,SOANDI_diff_lag_2,0.29,0
2021-02-01,SOANDI_diff_lag_2,-0.53999996,0
2021-03-01,SOANDI_diff_lag_2,-0.049999997,0
2021-04-01,SOANDI_diff_lag_2,0.32999998,0
2021-05-01,SOANDI_diff_lag_2,-0.39999998,0
2021-06-01,SOANDI_diff_lag_2,0.2,0
2021-07-01,SOANDI_diff_lag_2,0.31,0
2021-08-01,SOANDI_diff_lag_2,-0.16,0
2021-09-01,SOANDI_diff_lag_2,-0.10000001,0
2021-10-01,SOANDI_diff_lag_2,0.1,0
2021-11-01,SOANDI_diff_lag_2,0.0,0
2021-12-01,SOANDI_diff_lag_2,-0.010000002,0
2022-01-01,SOANDI_diff_lag_2,0.15,0
2022-02-01,SOANDI_diff_lag_2,-0.19999999,0
2022-03-01,SOANDI_diff_lag_2,-0.34,0
2022-04-01,SOANDI_diff_lag_2,0.059999995,0
2022-05-01,SOANDI_diff_lag_2,0.049999997,0
2022-06-01,SOANDI_diff_lag_2,0.040000003,0
2022-07-01,SOANDI_diff_lag_2,0.13,0
2022-08-01,SOANDI_diff_lag_2,0.28,0
2022-09-01,SOANDI_diff_lag_2,0.030000001,0
2000-01-01,TCU_diff_lag_1,-0.33119965,0
2000-02-01,TCU_diff_lag_1,0.020500183,0
2000-03-01,TCU_diff_lag_1,0.03199768,0
2000-04-01,TCU_diff_lag_1,0.23339844,0
2000-05-01,TCU_diff_lag_1,-0.033203125,0
2000-06-01,TCU_diff_lag_1,-0.22559357,0
2000-07-01,TCU_diff_lag_1,-0.4247055,0
2000-08-01,TCU_diff_lag_1,-0.48549652,0
2000-09-01,TCU_diff_lag_1,0.05369568,0
2000-10-01,TCU_diff_lag_1,-0.54109955,0
2000-11-01,TCU_diff_lag_1,-0.2594986,0
2000-12-01,TCU_diff_lag_1,-0.52399445,0
2001-01-01,TCU_diff_lag_1,-0.6885071,0
2001-02-01,TCU_diff_lag_1,-0.7826004,0
2001-03-01,TCU_diff_lag_1,-0.4399948,0
2001-04-01,TCU_diff_lag_1,-0.48690033,0
2001-05-01,TCU_diff_lag_1,-0.64849854,0
2001-06-01,TCU_diff_lag_1,-0.6434021,0
2001-07-01,TCU_diff_lag_1,-0.64559937,0
2001-08-01,TCU_diff_lag_1,-0.27420044,0
2001-09-01,TCU_diff_lag_1,-0.5695038,0
2001-10-01,TCU_diff_lag_1,-0.38869476,0
2001-11-01,TCU_diff_lag_1,-0.5774002,0
2001-12-01,TCU_diff_lag_1,-0.15879822,0
2002-01-01,TCU_diff_lag_1,0.39149475,0
2002-02-01,TCU_diff_lag_1,-0.112602234,0
2002-03-01,TCU_diff_lag_1,0.47250366,0
2002-04-01,TCU_diff_lag_1,0.2845993,0
2002-05-01,TCU_diff_lag_1,0.26630402,0
2002-06-01,TCU_diff_lag_1,0.5719986,0
2002-07-01,TCU_diff_lag_1,-0.042800903,0
2002-08-01,TCU_diff_lag_1,-0.10820007,0
2002-09-01,TCU_diff_lag_1,0.08080292,0
2002-10-01,TCU_diff_lag_1,-0.18670654,0
2002-11-01,TCU_diff_lag_1,0.43060303,0
2002-12-01,TCU_diff_lag_1,-0.3809967,0
2003-01-01,TCU_diff_lag_1,0.65369415,0
2003-02-01,TCU_diff_lag_1,0.110198975,0
2003-03-01,TCU_diff_lag_1,-0.19609833,0
2003-04-01,TCU_diff_lag_1,-0.44999695,0
2003-05-01,TCU_diff_lag_1,0.01309967,0
2003-06-01,TCU_diff_lag_1,0.12870026,0
2003-07-01,TCU_diff_lag_1,0.41400146,0
2003-08-01,TCU_diff_lag_1,-0.16390228,0
2003-09-01,TCU_diff_lag_1,0.51399994,0
2003-10-01,TCU_diff_lag_1,0.10890198,0
2003-11-01,TCU_diff_lag_1,0.52749634,0
2003-12-01,TCU_diff_lag_1,0.076301575,0
2004-01-01,TCU_diff_lag_1,0.14039612,0
2004-02-01,TCU_diff_lag_1,0.48260498,0
2004-03-01,TCU_diff_lag_1,-0.29330444,0
2004-04-01,TCU_diff_lag_1,0.3289032,0
2004-05-01,TCU_diff_lag_1,0.57170105,0
2004-06-01,TCU_diff_lag_1,-0.58670044,0
2004-07-01,TCU_diff_lag_1,0.5743027,0
2004-08-01,TCU_diff_lag_1,0.070999146,0
2004-09-01,TCU_diff_lag_1,0.07460022,0
2004-10-01,TCU_diff_lag_1,0.67149353,0
2004-11-01,TCU_diff_lag_1,0.15840149,0
2004-12-01,TCU_diff_lag_1,0.57160187,0
2005-01-01,TCU_diff_lag_1,0.23470306,0
2005-02-01,TCU_diff_lag_1,0.51589966,0
2005-03-01,TCU_diff_lag_1,-0.19430542,0
2005-04-01,TCU_diff_lag_1,0.071006775,0
2005-05-01,TCU_diff_lag_1,-0.00340271,0
2005-06-01,TCU_diff_lag_1,0.22599792,0
2005-07-01,TCU_diff_lag_1,-0.350502,0
2005-08-01,TCU_diff_lag_1,0.15750122,0
2005-09-01,TCU_diff_lag_1,-1.6622009,0
2005-10-01,TCU_diff_lag_1,0.8397064,0
2005-11-01,TCU_diff_lag_1,0.7668991,0
2005-12-01,TCU_diff_lag_1,0.26399994,0
2006-01-01,TCU_diff_lag_1,0.036499023,0
2006-02-01,TCU_diff_lag_1,-0.084602356,0
2006-03-01,TCU_diff_lag_1,0.07510376,0
2006-04-01,TCU_diff_lag_1,0.126297,0
2006-05-01,TCU_diff_lag_1,-0.11949921,0
2006-06-01,TCU_diff_lag_1,0.12020111,0
2006-07-01,TCU_diff_lag_1,-0.20890045,0
2006-08-01,TCU_diff_lag_1,0.17980194,0
2006-09-01,TCU_diff_lag_1,-0.33930206,0
2006-10-01,TCU_diff_lag_1,-0.26589966,0
2006-11-01,TCU_diff_lag_1,-0.23220062,0
2006-12-01,TCU_diff_lag_1,0.6253967,0
2007-01-01,TCU_diff_lag_1,-0.5046005,0
2007-02-01,TCU_diff_lag_1,0.5879059,0
2007-03-01,TCU_diff_lag_1,-0.029205322,0
2007-04-01,TCU_diff_lag_1,0.37830353,0
2007-05-01,TCU_diff_lag_1,-0.10240173,0
2007-06-01,TCU_diff_lag_1,-0.116500854,0
2007-07-01,TCU_diff_lag_1,-0.19660187,0
2007-08-01,TCU_diff_lag_1,0.09270477,0
2007-09-01,TCU_diff_lag_1,0.15259552,0
2007-10-01,TCU_diff_lag_1,-0.25759888,0
2007-11-01,TCU_diff_lag_1,0.4701004,0
2007-12-01,TCU_diff_lag_1,0.014602661,0
2008-01-01,TCU_diff_lag_1,-0.06960297,0
2008-02-01,TCU_diff_lag_1,-0.2696991,0
2008-03-01,TCU_diff_lag_1,-0.23970032,0
2008-04-01,TCU_diff_lag_1,-0.48490143,0
2008-05-01,TCU_diff_lag_1,-0.42679596,0
2008-06-01,TCU_diff_lag_1,-0.16410065,0
2008-07-01,TCU_diff_lag_1,-0.34770203,0
2008-08-01,TCU_diff_lag_1,-1.282196,0
2008-09-01,TCU_diff_lag_1,-3.4608002,0
2008-10-01,TCU_diff_lag_1,0.6514969,0
2008-11-01,TCU_diff_lag_1,-1.0747986,0
2008-12-01,TCU_diff_lag_1,-2.1752014,0
2009-01-01,TCU_diff_lag_1,-1.8753967,0
2009-02-01,TCU_diff_lag_1,-0.5049057,0
2009-03-01,TCU_diff_lag_1,-1.1671982,0
2009-04-01,TCU_diff_lag_1,-0.61039734,0
2009-05-01,TCU_diff_lag_1,-0.72450256,0
2009-06-01,TCU_diff_lag_1,-0.2370987,0
2009-07-01,TCU_diff_lag_1,0.77490234,0
2009-08-01,TCU_diff_lag_1,0.75769806,0
2009-09-01,TCU_diff_lag_1,0.6305008,0
2009-10-01,TCU_diff_lag_1,0.22840118,0
2009-11-01,TCU_diff_lag_1,0.38890076,0
2009-12-01,TCU_diff_lag_1,0.36839294,0
2010-01-01,TCU_diff_lag_1,0.894104,0
2010-02-01,TCU_diff_lag_1,0.39209747,0
2010-03-01,TCU_diff_lag_1,0.65530396,0
2010-04-01,TCU_diff_lag_1,0.41919708,0
2010-05-01,TCU_diff_lag_1,1.1456985,0
2010-06-01,TCU_diff_lag_1,0.32500458,0
2010-07-01,TCU_diff_lag_1,0.41719818,0
2010-08-01,TCU_diff_lag_1,0.40059662,0
2010-09-01,TCU_diff_lag_1,0.31110382,0
2010-10-01,TCU_diff_lag_1,-0.11289978,0
2010-11-01,TCU_diff_lag_1,0.122795105,0
2010-12-01,TCU_diff_lag_1,0.77570343,0
2011-01-01,TCU_diff_lag_1,-0.123703,0
2011-02-01,TCU_diff_lag_1,-0.2898941,0
2011-03-01,TCU_diff_lag_1,0.77690125,0
2011-04-01,TCU_diff_lag_1,-0.29040527,0
2011-05-01,TCU_diff_lag_1,0.061203003,0
2011-06-01,TCU_diff_lag_1,0.13379669,0
2011-07-01,TCU_diff_lag_1,0.29790497,0
2011-08-01,TCU_diff_lag_1,0.38959503,0
2011-09-01,TCU_diff_lag_1,-0.15729523,0
2011-10-01,TCU_diff_lag_1,0.40049744,0
2011-11-01,TCU_diff_lag_1,-0.12049866,0
2011-12-01,TCU_diff_lag_1,0.23519897,0
2012-01-01,TCU_diff_lag_1,0.32640076,0
2012-02-01,TCU_diff_lag_1,0.09210205,0
2012-03-01,TCU_diff_lag_1,-0.5470047,0
2012-04-01,TCU_diff_lag_1,0.41370392,0
2012-05-01,TCU_diff_lag_1,0.019996643,0
2012-06-01,TCU_diff_lag_1,-0.14879608,0
2012-07-01,TCU_diff_lag_1,0.051696777,0
2012-08-01,TCU_diff_lag_1,-0.45079803,0
2012-09-01,TCU_diff_lag_1,-0.18030548,0
2012-10-01,TCU_diff_lag_1,0.13220215,0
2012-11-01,TCU_diff_lag_1,0.19630432,0
2012-12-01,TCU_diff_lag_1,0.08319855,0
2013-01-01,TCU_diff_lag_1,-0.109703064,0
2013-02-01,TCU_diff_lag_1,0.27980042,0
2013-03-01,TCU_diff_lag_1,0.23259735,0
2013-04-01,TCU_diff_lag_1,-0.16879272,0
2013-05-01,TCU_diff_lag_1,-0.0074005127,0
2013-06-01,TCU_diff_lag_1,0.036193848,0
2013-07-01,TCU_diff_lag_1,-0.29529572,0
2013-08-01,TCU_diff_lag_1,0.39039612,0
2013-09-01,TCU_diff_lag_1,0.35639954,0
2013-10-01,TCU_diff_lag_1,-0.13829803,0
2013-11-01,TCU_diff_lag_1,0.13999939,0
2013-12-01,TCU_diff_lag_1,0.11370087,0
2014-01-01,TCU_diff_lag_1,-0.33919525,0
2014-02-01,TCU_diff_lag_1,0.54109955,0
2014-03-01,TCU_diff_lag_1,0.7112961,0
2014-04-01,TCU_diff_lag_1,-0.009498596,0
2014-05-01,TCU_diff_lag_1,0.2519989,0
2014-06-01,TCU_diff_lag_1,0.20149994,0
2014-07-01,TCU_diff_lag_1,0.13899994,0
2014-08-01,TCU_diff_lag_1,-0.22750092,0
2014-09-01,TCU_diff_lag_1,0.16519928,0
2014-10-01,TCU_diff_lag_1,-0.069000244,0
2014-11-01,TCU_diff_lag_1,0.415802,0
2014-12-01,TCU_diff_lag_1,-0.06929779,0
2015-01-01,TCU_diff_lag_1,-0.6638031,0
2015-02-01,TCU_diff_lag_1,-0.53219604,0
2015-03-01,TCU_diff_lag_1,-0.2975006,0
2015-04-01,TCU_diff_lag_1,-0.4693985,0
2015-05-01,TCU_diff_lag_1,-0.38059998,0
2015-06-01,TCU_diff_lag_1,-0.2385025,0
2015-07-01,TCU_diff_lag_1,0.50090027,0
2015-08-01,TCU_diff_lag_1,-0.17160034,0
2015-09-01,TCU_diff_lag_1,-0.20020294,0
2015-10-01,TCU_diff_lag_1,-0.34069824,0
2015-11-01,TCU_diff_lag_1,-0.5809021,0
2015-12-01,TCU_diff_lag_1,-0.39640045,0
2016-01-01,TCU_diff_lag_1,0.4220047,0
2016-02-01,TCU_diff_lag_1,-0.39659882,0
2016-03-01,TCU_diff_lag_1,-0.58660126,0
2016-04-01,TCU_diff_lag_1,0.2138977,0
2016-05-01,TCU_diff_lag_1,-0.19120026,0
2016-06-01,TCU_diff_lag_1,0.33470154,0
2016-07-01,TCU_diff_lag_1,0.097099304,0
2016-08-01,TCU_diff_lag_1,-0.108802795,0
2016-09-01,TCU_diff_lag_1,-0.102897644,0
2016-10-01,TCU_diff_lag_1,0.04309845,0
2016-11-01,TCU_diff_lag_1,-0.32779694,0
2016-12-01,TCU_diff_lag_1,0.4571991,0
2017-01-01,TCU_diff_lag_1,-0.1257019,0
2017-02-01,TCU_diff_lag_1,-0.22419739,0
2017-03-01,TCU_diff_lag_1,0.5283966,0
2017-04-01,TCU_diff_lag_1,0.7894058,0
2017-05-01,TCU_diff_lag_1,0.11619568,0
2017-06-01,TCU_diff_lag_1,0.1964035,0
2017-07-01,TCU_diff_lag_1,-0.06060028,0
2017-08-01,TCU_diff_lag_1,-0.26869965,0
2017-09-01,TCU_diff_lag_1,0.15449524,0
2017-10-01,TCU_diff_lag_1,1.0465012,0
2017-11-01,TCU_diff_lag_1,0.22250366,0
2017-12-01,TCU_diff_lag_1,0.1989975,0
2018-01-01,TCU_diff_lag_1,0.03489685,0
2018-02-01,TCU_diff_lag_1,0.33380127,0
2018-03-01,TCU_diff_lag_1,0.48460388,0
2018-04-01,TCU_diff_lag_1,0.92409515,0
2018-05-01,TCU_diff_lag_1,-0.7210007,0
2018-06-01,TCU_diff_lag_1,0.60430145,0
2018-07-01,TCU_diff_lag_1,0.15080261,0
2018-08-01,TCU_diff_lag_1,0.53409576,0
2018-09-01,TCU_diff_lag_1,-0.04359436,0
2018-10-01,TCU_diff_lag_1,-0.13400269,0
2018-11-01,TCU_diff_lag_1,-0.11759949,0
2018-12-01,TCU_diff_lag_1,-0.12750244,0
2019-01-01,TCU_diff_lag_1,-0.5252991,0
2019-02-01,TCU_diff_lag_1,-0.41400146,0
2019-03-01,TCU_diff_lag_1,-0.0051956177,0
2019-04-01,TCU_diff_lag_1,-0.4716034,0
2019-05-01,TCU_diff_lag_1,0.0694046,0
2019-06-01,TCU_diff_lag_1,-0.06850433,0
2019-07-01,TCU_diff_lag_1,-0.38389587,0
2019-08-01,TCU_diff_lag_1,0.45269775,0
2019-09-01,TCU_diff_lag_1,-0.33529663,0
2019-10-01,TCU_diff_lag_1,-0.6891022,0
2019-11-01,TCU_diff_lag_1,0.17409515,0
2019-12-01,TCU_diff_lag_1,-0.31389618,0
2020-01-01,TCU_diff_lag_1,-0.39710236,0
2020-02-01,TCU_diff_lag_1,0.27570343,0
2020-03-01,TCU_diff_lag_1,-2.9196014,0
2020-04-01,TCU_diff_lag_1,-9.8032,0
2020-05-01,TCU_diff_lag_1,1.069397,0
2020-06-01,TCU_diff_lag_1,4.164505,0
2020-07-01,TCU_diff_lag_1,2.7290955,0
2020-08-01,TCU_diff_lag_1,0.76420593,0
2020-09-01,TCU_diff_lag_1,0.08249664,0
2020-10-01,TCU_diff_lag_1,0.7087021,0
2020-11-01,TCU_diff_lag_1,0.36740112,0
2020-12-01,TCU_diff_lag_1,0.93099976,0
2021-01-01,TCU_diff_lag_1,1.0183945,0
2021-02-01,TCU_diff_lag_1,-2.2015991,0
2021-03-01,TCU_diff_lag_1,2.166504,0
2021-04-01,TCU_diff_lag_1,0.24769592,0
2021-05-01,TCU_diff_lag_1,0.6858978,0
2021-06-01,TCU_diff_lag_1,0.39870453,0
2021-07-01,TCU_diff_lag_1,0.57509613,0
2021-08-01,TCU_diff_lag_1,-0.011100769,0
2021-09-01,TCU_diff_lag_1,-0.7792969,0
2021-10-01,TCU_diff_lag_1,1.1315002,0
2021-11-01,TCU_diff_lag_1,0.40239716,0
2021-12-01,TCU_diff_lag_1,-0.23919678,0
2022-01-01,TCU_diff_lag_1,0.20050049,0
2022-02-01,TCU_diff_lag_1,0.47239685,0
2022-03-01,TCU_diff_lag_1,0.4009018,0
2022-04-01,TCU_diff_lag_1,0.413002,0
2022-05-01,TCU_diff_lag_1,-0.2086029,0
2022-06-01,TCU_diff_lag_1,-0.19139862,0
2022-07-01,TCU_diff_lag_1,0.40370178,0
2022-08-01,TCU_diff_lag_1,-0.18910217,0
2022-09-01,TCU_diff_lag_1,0.014198303,0
2000-01-01,TREASURY_perc_diff_lag_1,44.90678,0
2000-02-01,TREASURY_perc_diff_lag_1,-43.31,0
2000-03-01,TREASURY_perc_diff_lag_1,-3.2498167,0
2000-04-01,TREASURY_perc_diff_lag_1,39.388252,0
2000-05-01,TREASURY_perc_diff_lag_1,4.806137,0
2000-06-01,TREASURY_perc_diff_lag_1,-20.308283,0
2000-07-01,TREASURY_perc_diff_lag_1,-14.958091,0
2000-08-01,TREASURY_perc_diff_lag_1,-4.5109916,0
2000-09-01,TREASURY_perc_diff_lag_1,29.77372,0
2000-10-01,TREASURY_perc_diff_lag_1,-13.612731,0
2000-11-01,TREASURY_perc_diff_lag_1,-9.206799,0
2000-12-01,TREASURY_perc_diff_lag_1,12.636511,0
2001-01-01,TREASURY_perc_diff_lag_1,12.932821,0
2001-02-01,TREASURY_perc_diff_lag_1,-24.973167,0
2001-03-01,TREASURY_perc_diff_lag_1,8.214139,0
2001-04-01,TREASURY_perc_diff_lag_1,8.893508,0
2001-05-01,TREASURY_perc_diff_lag_1,-6.0343337,0
2001-06-01,TREASURY_perc_diff_lag_1,-0.27681017,0
2001-07-01,TREASURY_perc_diff_lag_1,-2.3871155,0
2001-08-01,TREASURY_perc_diff_lag_1,-4.1137443,0
2001-09-01,TREASURY_perc_diff_lag_1,25.326218,0
2001-10-01,TREASURY_perc_diff_lag_1,-11.752647,0
2001-11-01,TREASURY_perc_diff_lag_1,-9.045406,0
2001-12-01,TREASURY_perc_diff_lag_1,3.2625859,0
2002-01-01,TREASURY_perc_diff_lag_1,25.675674,0
2002-02-01,TREASURY_perc_diff_lag_1,-21.399364,0
2002-03-01,TREASURY_perc_diff_lag_1,5.895949,0
2002-04-01,TREASURY_perc_diff_lag_1,6.2227077,0
2002-05-01,TREASURY_perc_diff_lag_1,-6.9886947,0
2002-06-01,TREASURY_perc_diff_lag_1,8.121547,0
2002-07-01,TREASURY_perc_diff_lag_1,-5.569744,0
2002-08-01,TREASURY_perc_diff_lag_1,-8.369412,0
2002-09-01,TREASURY_perc_diff_lag_1,10.275597,0
2002-10-01,TREASURY_perc_diff_lag_1,-9.032489,0
2002-11-01,TREASURY_perc_diff_lag_1,-0.72606313,0
2002-12-01,TREASURY_perc_diff_lag_1,-4.0917134,0
2003-01-01,TREASURY_perc_diff_lag_1,17.003292,0
2003-02-01,TREASURY_perc_diff_lag_1,-10.304739,0
2003-03-01,TREASURY_perc_diff_lag_1,3.1029065,0
2003-04-01,TREASURY_perc_diff_lag_1,38.4381,0
2003-05-01,TREASURY_perc_diff_lag_1,-8.172817,0
2003-06-01,TREASURY_perc_diff_lag_1,2.442315,0
2003-07-01,TREASURY_perc_diff_lag_1,-9.156062,0
2003-08-01,TREASURY_perc_diff_lag_1,-7.95363,0
2003-09-01,TREASURY_perc_diff_lag_1,1.5042849,0
2003-10-01,TREASURY_perc_diff_lag_1,-9.081509,0
2003-11-01,TREASURY_perc_diff_lag_1,-3.1842346,0
2003-12-01,TREASURY_perc_diff_lag_1,4.0916233,0
2004-01-01,TREASURY_perc_diff_lag_1,6.8835845,0
2004-02-01,TREASURY_perc_diff_lag_1,-10.329049,0
2004-03-01,TREASURY_perc_diff_lag_1,7.9277825,0
2004-04-01,TREASURY_perc_diff_lag_1,10.181817,0
2004-05-01,TREASURY_perc_diff_lag_1,-9.224422,0
2004-06-01,TREASURY_perc_diff_lag_1,1.7269636,0
2004-07-01,TREASURY_perc_diff_lag_1,-11.365263,0
2004-08-01,TREASURY_perc_diff_lag_1,-4.193552,0
2004-09-01,TREASURY_perc_diff_lag_1,16.014313,0
2004-10-01,TREASURY_perc_diff_lag_1,-8.416474,0
2004-11-01,TREASURY_perc_diff_lag_1,-3.3075821,0
2004-12-01,TREASURY_perc_diff_lag_1,2.4784887,0
2005-01-01,TREASURY_perc_diff_lag_1,4.0775537,0
2005-02-01,TREASURY_perc_diff_lag_1,-3.226421,0
2005-03-01,TREASURY_perc_diff_lag_1,-4.0285783,0
2005-04-01,TREASURY_perc_diff_lag_1,9.904882,0
2005-05-01,TREASURY_perc_diff_lag_1,-5.926624,0
2005-06-01,TREASURY_perc_diff_lag_1,-0.22000313,0
2005-07-01,TREASURY_perc_diff_lag_1,-4.8707166,0
2005-08-01,TREASURY_perc_diff_lag_1,4.9094033,0
2005-09-01,TREASURY_perc_diff_lag_1,7.6722226,0
2005-10-01,TREASURY_perc_diff_lag_1,-9.774299,0
2005-11-01,TREASURY_perc_diff_lag_1,2.1294224,0
2005-12-01,TREASURY_perc_diff_lag_1,4.1700373,0
2006-01-01,TREASURY_perc_diff_lag_1,-4.527785,0
2006-02-01,TREASURY_perc_diff_lag_1,5.3531446,0
2006-03-01,TREASURY_perc_diff_lag_1,-2.8979926,0
2006-04-01,TREASURY_perc_diff_lag_1,0.99483067,0
2006-05-01,TREASURY_perc_diff_lag_1,2.6595695,0
2006-06-01,TREASURY_perc_diff_lag_1,-3.3966618,0
2006-07-01,TREASURY_perc_diff_lag_1,1.5693285,0
2006-08-01,TREASURY_perc_diff_lag_1,-5.3393264,0
2006-09-01,TREASURY_perc_diff_lag_1,1.6115717,0
2006-10-01,TREASURY_perc_diff_lag_1,11.102074,0
2006-11-01,TREASURY_perc_diff_lag_1,-9.699857,0
2006-12-01,TREASURY_perc_diff_lag_1,6.9314957,0
2007-01-01,TREASURY_perc_diff_lag_1,-6.463231,0
2007-02-01,TREASURY_perc_diff_lag_1,-0.081047826,0
2007-03-01,TREASURY_perc_diff_lag_1,2.2104993,0
2007-04-01,TREASURY_perc_diff_lag_1,6.289681,0
2007-05-01,TREASURY_perc_diff_lag_1,28.243422,0
2007-06-01,TREASURY_perc_diff_lag_1,-26.14265,0
2007-07-01,TREASURY_perc_diff_lag_1,-7.646827,0
2007-08-01,TREASURY_perc_diff_lag_1,4.737519,0
2007-09-01,TREASURY_perc_diff_lag_1,-0.0815034,0
2007-10-01,TREASURY_perc_diff_lag_1,1.4885896,0
2007-11-01,TREASURY_perc_diff_lag_1,2.4512706,0
2007-12-01,TREASURY_perc_diff_lag_1,8.570304,0
2008-01-01,TREASURY_perc_diff_lag_1,4.750723,0
2008-02-01,TREASURY_perc_diff_lag_1,-16.088974,0
2008-03-01,TREASURY_perc_diff_lag_1,6.9872518,0
2008-04-01,TREASURY_perc_diff_lag_1,0.61467665,0
2008-05-01,TREASURY_perc_diff_lag_1,-8.419244,0
2008-06-01,TREASURY_perc_diff_lag_1,2.6057954,0
2008-07-01,TREASURY_perc_diff_lag_1,3.3929358,0
2008-08-01,TREASURY_perc_diff_lag_1,-5.0304585,0
2008-09-01,TREASURY_perc_diff_lag_1,0.84833205,0
2008-10-01,TREASURY_perc_diff_lag_1,506.4013,0
2008-11-01,TREASURY_perc_diff_lag_1,84.879555,0
2008-12-01,TREASURY_perc_diff_lag_1,57.520626,0
2009-01-01,TREASURY_perc_diff_lag_1,-43.64965,0
2009-02-01,TREASURY_perc_diff_lag_1,-25.216995,0
2009-03-01,TREASURY_perc_diff_lag_1,73.76765,0
2009-04-01,TREASURY_perc_diff_lag_1,-12.589439,0
2009-05-01,TREASURY_perc_diff_lag_1,8.7559395,0
2009-06-01,TREASURY_perc_diff_lag_1,-6.166761,0
2009-07-01,TREASURY_perc_diff_lag_1,-4.9445934,0
2009-08-01,TREASURY_perc_diff_lag_1,-18.105276,0
2009-09-01,TREASURY_perc_diff_lag_1,-22.802568,0
2009-10-01,TREASURY_perc_diff_lag_1,41.663956,0
2009-11-01,TREASURY_perc_diff_lag_1,10.565358,0
2009-12-01,TREASURY_perc_diff_lag_1,36.14633,0
2010-01-01,TREASURY_perc_diff_lag_1,105.99305,0
2010-02-01,TREASURY_perc_diff_lag_1,-54.732582,0
2010-03-01,TREASURY_perc_diff_lag_1,-31.323956,0
2010-04-01,TREASURY_perc_diff_lag_1,-27.390553,0
2010-05-01,TREASURY_perc_diff_lag_1,18.058622,0
2010-06-01,TREASURY_perc_diff_lag_1,-8.426872,0
2010-07-01,TREASURY_perc_diff_lag_1,-5.3286953,0
2010-08-01,TREASURY_perc_diff_lag_1,-19.32107,0
2010-09-01,TREASURY_perc_diff_lag_1,47.10093,0
2010-10-01,TREASURY_perc_diff_lag_1,3.6737576,0
2010-11-01,TREASURY_perc_diff_lag_1,-36.571144,0
2010-12-01,TREASURY_perc_diff_lag_1,98.508965,0
2011-01-01,TREASURY_perc_diff_lag_1,67.14483,0
2011-02-01,TREASURY_perc_diff_lag_1,-25.240742,0
2011-03-01,TREASURY_perc_diff_lag_1,-18.412727,0
2011-04-01,TREASURY_perc_diff_lag_1,18.9342,0
2011-05-01,TREASURY_perc_diff_lag_1,51.501312,0
2011-06-01,TREASURY_perc_diff_lag_1,-22.84745,0
2011-07-01,TREASURY_perc_diff_lag_1,-2.1623998,0
2011-08-01,TREASURY_perc_diff_lag_1,-61.549843,0
2011-09-01,TREASURY_perc_diff_lag_1,36.459282,0
2011-10-01,TREASURY_perc_diff_lag_1,12.122235,0
2011-11-01,TREASURY_perc_diff_lag_1,-1.827706,0
2011-12-01,TREASURY_perc_diff_lag_1,53.278015,0
2012-01-01,TREASURY_perc_diff_lag_1,35.964474,0
2012-02-01,TREASURY_perc_diff_lag_1,-19.05095,0
2012-03-01,TREASURY_perc_diff_lag_1,-7.5786858,0
2012-04-01,TREASURY_perc_diff_lag_1,-12.513573,0
2012-05-01,TREASURY_perc_diff_lag_1,69.48542,0
2012-06-01,TREASURY_perc_diff_lag_1,-11.909625,0
2012-07-01,TREASURY_perc_diff_lag_1,-14.646339,0
2012-08-01,TREASURY_perc_diff_lag_1,-57.982067,0
2012-09-01,TREASURY_perc_diff_lag_1,73.01021,0
2012-10-01,TREASURY_perc_diff_lag_1,20.64141,0
2012-11-01,TREASURY_perc_diff_lag_1,-54.124775,0
2012-12-01,TREASURY_perc_diff_lag_1,54.220028,0
2013-01-01,TREASURY_perc_diff_lag_1,43.21956,0
2013-02-01,TREASURY_perc_diff_lag_1,-36.436264,0
2013-03-01,TREASURY_perc_diff_lag_1,31.183407,0
2013-04-01,TREASURY_perc_diff_lag_1,57.94795,0
2013-05-01,TREASURY_perc_diff_lag_1,1.1854979,0
2013-06-01,TREASURY_perc_diff_lag_1,-28.736351,0
2013-07-01,TREASURY_perc_diff_lag_1,26.928062,0
2013-08-01,TREASURY_perc_diff_lag_1,-32.636467,0
2013-09-01,TREASURY_perc_diff_lag_1,-23.129683,0
2013-10-01,TREASURY_perc_diff_lag_1,-13.213716,0
2013-11-01,TREASURY_perc_diff_lag_1,28.65049,0
2013-12-01,TREASURY_perc_diff_lag_1,29.1744,0
2014-01-01,TREASURY_perc_diff_lag_1,59.410393,0
2014-02-01,TREASURY_perc_diff_lag_1,-45.81884,0
2014-03-01,TREASURY_perc_diff_lag_1,42.83198,0
2014-04-01,TREASURY_perc_diff_lag_1,14.983553,0
2014-05-01,TREASURY_perc_diff_lag_1,-30.297323,0
2014-06-01,TREASURY_perc_diff_lag_1,16.4863,0
2014-07-01,TREASURY_perc_diff_lag_1,2.6712062,0
2014-08-01,TREASURY_perc_diff_lag_1,-16.873947,0
2014-09-01,TREASURY_perc_diff_lag_1,13.152184,0
2014-10-01,TREASURY_perc_diff_lag_1,63.356037,0
2014-11-01,TREASURY_perc_diff_lag_1,-8.443973,0
2014-12-01,TREASURY_perc_diff_lag_1,27.925295,0
2015-01-01,TREASURY_perc_diff_lag_1,40.286755,0
2015-02-01,TREASURY_perc_diff_lag_1,-27.363014,0
2015-03-01,TREASURY_perc_diff_lag_1,-54.041096,0
2015-04-01,TREASURY_perc_diff_lag_1,86.865,0
2015-05-01,TREASURY_perc_diff_lag_1,81.75002,0
2015-06-01,TREASURY_perc_diff_lag_1,1.307476,0
2015-07-01,TREASURY_perc_diff_lag_1,-3.5691073,0
2015-08-01,TREASURY_perc_diff_lag_1,-9.733551,0
2015-09-01,TREASURY_perc_diff_lag_1,-29.520538,0
2015-10-01,TREASURY_perc_diff_lag_1,-48.306507,0
2015-11-01,TREASURY_perc_diff_lag_1,68.43823,0
2015-12-01,TREASURY_perc_diff_lag_1,112.96073,0
2016-01-01,TREASURY_perc_diff_lag_1,36.88638,0
2016-02-01,TREASURY_perc_diff_lag_1,-7.173953,0
2016-03-01,TREASURY_perc_diff_lag_1,-13.654686,0
2016-04-01,TREASURY_perc_diff_lag_1,10.485425,0
2016-05-01,TREASURY_perc_diff_lag_1,8.649148,0
2016-06-01,TREASURY_perc_diff_lag_1,-8.562747,0
2016-07-01,TREASURY_perc_diff_lag_1,14.611884,0
2016-08-01,TREASURY_perc_diff_lag_1,-15.35244,0
2016-09-01,TREASURY_perc_diff_lag_1,8.620388,0
2016-10-01,TREASURY_perc_diff_lag_1,30.184458,0
2016-11-01,TREASURY_perc_diff_lag_1,5.105971,0
2016-12-01,TREASURY_perc_diff_lag_1,-10.342242,0
2017-01-01,TREASURY_perc_diff_lag_1,5.5917068,0
2017-02-01,TREASURY_perc_diff_lag_1,-17.702774,0
2017-03-01,TREASURY_perc_diff_lag_1,-71.92094,0
2017-04-01,TREASURY_perc_diff_lag_1,74.01839,0
2017-05-01,TREASURY_perc_diff_lag_1,26.8971,0
2017-06-01,TREASURY_perc_diff_lag_1,-6.1458054,0
2017-07-01,TREASURY_perc_diff_lag_1,-0.947264,0
2017-08-01,TREASURY_perc_diff_lag_1,-32.841003,0
2017-09-01,TREASURY_perc_diff_lag_1,-17.212479,0
2017-10-01,TREASURY_perc_diff_lag_1,76.27553,0
2017-11-01,TREASURY_perc_diff_lag_1,-0.0068085603,0
2017-12-01,TREASURY_perc_diff_lag_1,-22.080471,0
2018-01-01,TREASURY_perc_diff_lag_1,72.43382,0
2018-02-01,TREASURY_perc_diff_lag_1,-13.603028,0
2018-03-01,TREASURY_perc_diff_lag_1,31.920404,0
2018-04-01,TREASURY_perc_diff_lag_1,14.119252,0
2018-05-01,TREASURY_perc_diff_lag_1,13.090059,0
2018-06-01,TREASURY_perc_diff_lag_1,-6.6164436,0
2018-07-01,TREASURY_perc_diff_lag_1,2.6012802,0
2018-08-01,TREASURY_perc_diff_lag_1,2.510775,0
2018-09-01,TREASURY_perc_diff_lag_1,-2.6330109,0
2018-10-01,TREASURY_perc_diff_lag_1,6.1161222,0
2018-11-01,TREASURY_perc_diff_lag_1,-5.8662386,0
2018-12-01,TREASURY_perc_diff_lag_1,4.9142733,0
2019-01-01,TREASURY_perc_diff_lag_1,7.672926,0
2019-02-01,TREASURY_perc_diff_lag_1,-9.87621,0
2019-03-01,TREASURY_perc_diff_lag_1,-20.313696,0
2019-04-01,TREASURY_perc_diff_lag_1,14.452826,0
2019-05-01,TREASURY_perc_diff_lag_1,3.7157812,0
2019-06-01,TREASURY_perc_diff_lag_1,-33.113995,0
2019-07-01,TREASURY_perc_diff_lag_1,-5.7648005,0
2019-08-01,TREASURY_perc_diff_lag_1,-34.028004,0
2019-09-01,TREASURY_perc_diff_lag_1,68.46463,0
2019-10-01,TREASURY_perc_diff_lag_1,55.444218,0
2019-11-01,TREASURY_perc_diff_lag_1,6.59258,0
2019-12-01,TREASURY_perc_diff_lag_1,-7.6902766,0
2020-01-01,TREASURY_perc_diff_lag_1,12.733357,0
2020-02-01,TREASURY_perc_diff_lag_1,9.262118,0
2020-03-01,TREASURY_perc_diff_lag_1,-10.918942,0
2020-04-01,TREASURY_perc_diff_lag_1,107.78565,0
2020-05-01,TREASURY_perc_diff_lag_1,53.513466,0
2020-06-01,TREASURY_perc_diff_lag_1,27.366318,0
2020-07-01,TREASURY_perc_diff_lag_1,12.144033,0
2020-08-01,TREASURY_perc_diff_lag_1,-2.750753,0
2020-09-01,TREASURY_perc_diff_lag_1,-1.5148206,0
2020-10-01,TREASURY_perc_diff_lag_1,3.0980132,0
2020-11-01,TREASURY_perc_diff_lag_1,-7.1863575,0
2020-12-01,TREASURY_perc_diff_lag_1,-1.0406755,0
2021-01-01,TREASURY_perc_diff_lag_1,4.629091,0
2021-02-01,TREASURY_perc_diff_lag_1,-2.8829317,0
2021-03-01,TREASURY_perc_diff_lag_1,-22.30208,0
2021-04-01,TREASURY_perc_diff_lag_1,-20.33766,0
2021-05-01,TREASURY_perc_diff_lag_1,-9.89408,0
2021-06-01,TREASURY_perc_diff_lag_1,-17.350372,0
2021-07-01,TREASURY_perc_diff_lag_1,-6.9839473,0
2021-08-01,TREASURY_perc_diff_lag_1,-42.244495,0
2021-09-01,TREASURY_perc_diff_lag_1,-35.33764,0
2021-10-01,TREASURY_perc_diff_lag_1,-49.68238,0
2021-11-01,TREASURY_perc_diff_lag_1,79.37881,0
2021-12-01,TREASURY_perc_diff_lag_1,-41.47841,0
2022-01-01,TREASURY_perc_diff_lag_1,264.0976,0
2022-02-01,TREASURY_perc_diff_lag_1,41.175377,0
2022-03-01,TREASURY_perc_diff_lag_1,-10.039899,0
2022-04-01,TREASURY_perc_diff_lag_1,12.168234,0
2022-05-01,TREASURY_perc_diff_lag_1,29.600231,0
2022-06-01,TREASURY_perc_diff_lag_1,-18.109606,0
2022-07-01,TREASURY_perc_diff_lag_1,-12.820059,0
2022-08-01,TREASURY_perc_diff_lag_1,-11.45,0
2022-09-01,TREASURY_perc_diff_lag_1,12.373153,0
